386218.1,0,0
386215.553381445,95.8278717766544,8.40873716548562
386207.920529415,191.387622714207,16.7938069780942
386195.222947267,286.411066478978,25.1315370973879
386177.496349446,380.631747020842,33.3984089399882
386154.790312227,473.786145080505,41.5711637759455
386127.168166554,565.613805040993,49.6268143017353
386094.707413219,655.857039809377,57.5426204944364
386057.499363801,744.262509985802,65.2962285847262
386015.64815768,830.582865530917,72.8658157554863
385969.270701289,914.57680532732,80.2300954611189
385918.496680615,996.009083098709,87.3683193042569
385863.469010636,1074.65085614939,94.2603083186648
385804.341944695,1150.28183956898,100.886642601993
385741.280761218,1222.69059361211,107.22868673087
385674.461576904,1291.67459724799,113.268596618042
385604.07202197,1357.04016288062,118.989313182947
385530.30991732,1418.60385886794,124.374687349692
385453.381665178,1476.19346436398,129.409564322333
385373.502204182,1529.64798243092,134.07978475929
385290.894834385,1578.81766494437,138.37218753644
385205.792036612,1623.56436936523,142.274641372596
385118.432538657,1663.76273443591,145.776148241146
385029.060580119,1699.30037044965,148.866860215072
384937.92583597,1730.07785001215,151.538078667426
384845.283611384,1756.00876829395,153.782259702358
384751.394478485,1777.02040872193,155.593072565533
384656.521448713,1793.05398724881,156.965421058943
384560.929700073,1804.06464776058,157.895443145087
384464.886437358,1810.02140545695,158.380505833419
384368.66136548,1810.90753350463,158.419238702025
384272.524661016,1806.72069920901,158.011545646864
384176.745294825,1797.47262281166,157.15857469639
384081.590978503,1783.18904844808,155.86271541956
383987.328182972,1763.90977246647,154.127600636199
383894.221886247,1739.6891510627,151.958150454344
383802.532937626,1710.59510221484,149.360484132534
383712.517691586,1676.70891853261,146.341903521177
383624.427892286,1638.12513869102,142.910881298692
383538.510930998,1594.9521268208,139.077110491769
383455.007934611,1547.31119797084,134.851427218499
383374.152518644,1495.33562533231,130.245723003926
383296.170746453,1439.17057511302,125.272938956706
383221.281148267,1378.97318420689,119.947071022852
383149.694197644,1314.91285758922,114.283195163499
383081.610417332,1247.16911052311,108.297277158054
383017.220178111,1175.93128570911,102.006147602315
382956.703642585,1101.39833772023,95.4274823247525
382900.230778279,1023.77957479156,88.5798653261062
382847.960084137,943.293159360432,81.4826566425046
382800.037815833,860.164324422669,74.1558350799992
382756.597979212,774.62534611602,66.6199957812075
382717.762330392,686.915358172794,58.8963323464639
382683.639965153,597.281106167451,51.0067012010147
382654.326486046,505.974090587446,42.9733704227009
382629.90387914,413.24965114185,34.8189389506562
382610.440531205,319.36689632388,26.5663302283094
382595.991150119,224.588876035831,18.2388049639047
382586.596169782,129.182121363902,9.85991983162521
382582.281836753,33.4138924324024,1.45328556210109
382583.060245935,-62.4480847773016,-6.95745630173868
382588.929417953,-158.13576016325,-15.3486466449104
382599.872815342,-253.380333378414,-23.6965737939747
382615.859559967,-347.914473533546,-31.9776681972484
382636.844904458,-441.473714830506,-40.1686251490573
382662.770279204,-533.796514465942,-48.2464099783915
382693.56317866,-624.624165539016,-56.188252279264
382729.136843743,-713.701397296266,-63.9716994480122
382769.391552751,-800.778735840909,-71.574823447854
382814.214776067,-885.612729793309,-78.9762406484069
382863.481340203,-967.966065878702,-86.155122597374
382917.052715913,-1047.6073855507,-93.0911818342173
382974.778426629,-1124.31329414816,-99.7648473549201
383036.496975541,-1197.86925321085,-106.157342642866
383102.035933572,-1268.06961721271,-112.250688930285
383171.21176489,-1334.71759902852,-118.027703450224
383243.829772986,-1397.62595969751,-123.472060327052
383319.686474582,-1456.61856733662,-128.568425953075
383398.569831608,-1511.53051962441,-133.302469647727
383480.259483442,-1562.20817284619,-137.660866279631
383564.525961391,-1608.50922524263,-141.631304870503
383651.132409844,-1650.30381404967,-145.202583498001
383739.836458344,-1687.47505225786,-148.364655169068
383830.390242296,-1719.9190314473,-151.108628057239
383922.540566882,-1747.54479798679,-153.426763356082
384016.028264468,-1770.2748298403,-155.312517712367
384110.59103823,-1788.045525363,-156.760583737929
384205.964439351,-1800.80721416798,-157.766890174635
384301.881939451,-1808.52412990773,-158.328599403672
384398.074746741,-1811.17452185942,-158.444116960817
384494.272444239,-1808.75115337594,-158.113134546927
384590.205626806,-1801.26089331893,-157.336591707472
384685.606125253,-1788.72465788511,-156.116670499511
384780.207149151,-1771.17731068856,-154.456786166756
384873.742918962,-1748.66823915352,-152.361637190903
384965.95102855,-1721.26074403099,-149.837149373969
385056.573580038,-1689.03149563822,-146.890426839364
385145.357246574,-1652.07046652422,-143.529745928922
385232.053149401,-1610.48113299983,-139.764571665841
385316.417706176,-1564.38056086164,-135.605563959304
385398.214717853,-1513.89788785097,-131.064442009692
385477.215515102,-1459.17419408813,-126.153972721962
385553.199063958,-1400.36230915408,-120.887952749441
385625.95187219,-1337.62761437327,-115.281277469434
385695.269923294,-1271.14621925165,-109.349778700165
385760.959360657,-1201.10404929792,-103.110143605989
385822.836515814,-1127.69674509266,-96.5799056367108
385880.72789459,-1051.12984589278,-89.7774586222859
385934.470864818,-971.618829677362,-82.7220587952004
385983.914951589,-889.386468856916,-75.433590847466
386028.921933348,-804.662575514816,-67.9325453460751
386069.365839783,-717.68383096985,-60.2400031528613
386105.133103609,-628.694389732214,-52.3776856906466
386136.123423107,-537.94436354404,-44.3678208870811
386162.250109392,-445.687732208382,-36.2329588371512
386183.440088868,-352.182298009293,-27.9959677608362
386199.633862616,-257.689533539907,-19.6800192174799
386210.7860332,-162.475111555254,-11.3086321417485
386216.865451947,-66.8061054980641,-2.90542693593323
386217.855117911,29.0499557829768,5.50595776484931
386213.752134928,124.825170110554,13.9018724845952
386204.567892067,220.251040817296,22.2586399649148
386190.328392833,315.059406095504,30.5526376153053
386171.07356209,408.984829350766,38.7605067863819
386146.857183676,501.764753995128,46.8591663731996
386117.746785132,593.139634810093,54.8258252829531
386083.824302544,682.852692773073,62.6379633680199
386045.184991939,770.652372952564,70.2735457084293
386001.936909768,856.293148242299,77.7110927262444
385954.20081307,939.535590820591,84.9296865461839
385902.110497177,1020.14622463093,91.9089601785555
385845.812504266,1097.89864490947,98.6291955876839
385785.464474186,1172.57523192899,105.071472011191
385721.235051853,1243.9672286857,111.217672696736
385653.303683622,1311.87482220242,117.050492468573
385581.861473507,1376.10719230868,122.55344414762
385507.108908802,1436.48427981972,127.711010333615
385429.255023961,1492.83725662276,132.508683574728
385348.517289342,1545.00854178008,136.932967672287
385265.121823545,1592.85181024239,140.971379467845
385179.303320985,1636.23270360643,144.612511186609
385091.302224473,1675.02978251088,147.846109699345
385001.364469042,1709.13458692208,150.663081453124
384909.741341169,1738.45161539676,153.055490444553
384816.690000721,1762.89853348608,155.016577454628
384722.471946388,1782.40684392476,156.540816288117
384627.350875343,1796.92198281909,157.623918712308
384531.59262421,1806.40331514763,158.262833964632
384435.465036188,1810.8240826001,158.455743649935
384339.238364155,1810.17198042114,158.202112679064
384243.182459715,1804.44894330532,157.502665608099
384147.565933086,1793.67095304233,156.359368245543
384052.656062175,1777.8679763546,154.775421898375
383958.719040226,1757.08422868765,152.755285962985
383866.018778749,1731.37826896905,150.304683896928
383774.814772736,1700.82207827149,147.430518363978
383685.361994284,1665.50099797535,144.140865577813
383597.910792704,1625.51362224869,140.444964775265
383512.706970838,1580.97247727936,136.353276932891
383429.989388313,1532.00252529712,131.87734891728
383349.98936952,1478.74067106283,127.029768907007
383272.93063325,1421.33563390179,121.824154712183
383199.02942059,1359.94838498455,116.275190520807
383128.493284238,1294.75155550251,110.398572364493
383061.519655262,1225.9276574458,104.210848883444
382998.295795394,1153.6690081116,97.7294145629793
382938.998734222,1078.17749396411,90.9724875778029
382883.795131031,999.665508852415,83.9591902336481
382832.839759641,918.353403068519,76.7093219660759
382786.275133651,834.468563026872,69.243277541921
382744.231505335,748.245339716506,61.5820406350099
382706.826841492,659.925160281212,53.7471912919597
382674.166167654,569.756544994372,45.7609053101532
382646.340926127,477.992187386824,37.6456963614684
382623.428936751,384.888601851632,29.4243848042218
382605.494394517,290.706289755627,21.120111632955
