383490.95,1568.52925966657,137.228528629536
383408.915052627,1518.41832228535,132.830803778088
383329.656291647,1464.05344524163,128.058731778617
383253.396146415,1405.58729852734,122.925793233955
383180.34845294,1343.18397693326,117.446479726347
383110.717513669,1277.01801022475,111.636207145074
383044.698044576,1207.27421443485,105.511302381876
382982.47523552,1134.14807804332,99.0890352906587
382924.223818389,1057.84529177116,92.3875770899304
382870.106825005,978.579509128585,85.4258036966504
382820.275536506,896.572234336209,78.223285850201
382774.869467693,812.052581543667,70.8002669089955
382734.016153675,725.258139404994,63.1777366504706
382697.830110148,636.432642103583,55.3772270304002
382666.412527395,545.824552433738,47.4206874018687
382639.851275002,453.687031029308,39.3304817565426
382618.22090258,360.277903081303,31.12938380504
382601.582047851,265.859897936301,22.8405968534501
382589.981231266,170.697681036798,14.4874931028089
382583.450887145,75.0572921775849,6.09356405792613
382582.00941519,-20.7939661540152,-2.31758971432808
382585.660901094,-116.587173634369,-10.7222298076669
382594.394884661,-212.053240069042,-19.0966072081226
382608.186865713,-306.924993638905,-27.4171461006487
382626.998337678,-400.9372629715,-35.6604511512813
382650.776846777,-493.826957701086,-43.803316024475
382679.455376052,-585.332997703609,-51.8227184591845
382712.9534227,-675.1989348158,-59.6960505438869
382751.177321704,-763.173519186231,-67.4011686641209
382794.020363032,-849.010793291276,-74.9164021403495
382841.362323732,-932.469877837422,-82.2205362603487
382893.070068355,-1013.31648503423,-89.2929451595437
382948.998863423,-1091.32442637727,-96.1137244284123
383008.992439402,-1166.27565901191,-102.663695228773
383072.883071889,-1237.96032943097,-108.924409156863
383140.490953728,-1306.17701248615,-114.878170020067
383211.626500773,-1370.73460521343,-120.508199882498
383286.090848879,-1431.45264461507,-125.798667031628
383363.676030622,-1488.16134356996,-130.734689265927
383444.16445806,-1540.70158178923,-135.302334106695
383527.329737333,-1588.92588605913,-139.4887046743
383612.939029375,-1632.69933708916,-143.282019028845
383700.753138682,-1671.89959548137,-146.671612454583
383790.526700032,-1706.41688656698,-149.647936208987
383882.007464611,-1736.15429594733,-152.202583914123
383974.938550627,-1761.02852301508,-154.328357028653
384069.060008195,-1780.97002170584,-156.019276857469
384164.108853245,-1795.92299213025,-157.270583800074
384259.819092976,-1805.84537814122,-158.078736896026
384355.921607812,-1810.70946025325,-158.44146571808
384452.147074489,-1810.50170461046,-158.357756080929
384548.226496897,-1805.22266986562,-157.827841657956
384643.891322026,-1794.8869364531,-156.853197546321
384738.873090753,-1779.52346870168,-155.436571336366
384832.905095424,-1759.17557289877,-153.581978665381
384925.724231385,-1733.90019966666,-151.294641060625
385017.071062283,-1703.76790196221,-148.580982183344
385106.689853713,-1668.8628123144,-145.448624835596
385194.328728246,-1629.28319503323,-141.906438610989
385279.742141435,-1585.14001826419,-137.964413230003
385362.691293392,-1536.55664768044,-133.633631341975
385442.944221001,-1483.66869973998,-128.92625514071
385520.275622467,-1426.62461740854,-123.855575255276
385594.468440445,-1365.58470226399,-118.435924817863
385665.315097861,-1300.71973066214,-112.682556996661
385732.61752698,-1232.21089552804,-106.611639808031
385796.18720379,-1160.24972473366,-100.240247339354
385855.845470997,-1085.03871810418,-93.586414315279
385911.425171747,-1006.7887475728,-86.6689066807202
385962.770898489,-925.718534994409,-79.5071754254907
386009.739003429,-842.054509026819,-72.1213436627797
386052.197648293,-756.031222262518,-64.5322407605336
386090.027648095,-667.890618027865,-56.7613371409316
386123.123122986,-577.879493557843,-48.8305207085305
386151.391519446,-486.249371499803,-40.7620854809323
386174.753576592,-393.256337366788,-32.5787163878616
386193.143684783,-299.161645629734,-24.3035398095678
386206.510365391,-204.229488528524,-15.9599275697084
386214.816227743,-108.725435079488,-7.57135939854331
386218.037952175,-12.9163863511694,0.838581065968096
386216.166312913,82.9294033470535,9.24620637720553
386209.206741348,178.54245916427,17.6277383886616
386197.178812852,273.65488275388,25.9595536262123
386180.116121293,368.000764482956,34.2182195812842
386158.066182068,461.316306727676,42.3805060765977
386131.090919336,553.339491452273,50.4233585517837
386099.266217163,643.812015122511,58.3240675415216
386062.681130591,732.480764742298,66.0603980025246
386021.437831376,819.097869747818,73.6105939174578
385975.651675957,903.420671508463,80.9533771908048
385925.451557932,985.212197160136,88.0679902376084
385870.978178375,1064.24336054506,94.9343878554614
385812.383804323,1140.29321126237,101.533258992358
385749.83208144,1213.14902251544,107.846034765174
385683.498752491,1282.60618205269,113.854880851355
385613.57018518,1348.46981381368,119.542838392707
385540.242030037,1410.55568552505,124.893902653752
385463.719160278,1468.69022445824,129.893024377658
385384.215609954,1522.71053802565,134.526112260028
385301.955180793,1572.46484684913,138.780071890334
385217.168539436,1617.81379259061,142.642917699555
385130.092703653,1658.63060389062,146.103787091953
385040.970933708,1694.80108952857,149.15293976407
384950.053066067,1726.22372283394,151.781765757469
384857.594809654,1752.81037660101,153.982849172712
384763.855098731,1774.48667786088,155.749996490061
384669.095923505,1791.19201438419,157.078236970775
384573.58217703,1802.87948307149,157.963817831962
384477.582188018,1809.51630599986,158.404241046995
384381.365447418,1811.08402352265,158.398277644003
384285.201113351,1807.57827378353,157.945946560634
384189.357958203,1799.0087643158,157.048512046999
384094.104432191,1785.39933179032,155.708488253659
383999.708292712,1766.78842262111,153.929680575655
383906.433957732,1743.2282487045,151.717108190748
383814.542190054,1714.78464819163,149.076991393397
383724.289972333,1681.5369621027,146.016740128138
383635.930793386,1643.57862577132,142.545004996993
383549.712577916,1601.0163108214,138.671599222265
383465.87649642,1553.96908631235,134.407423241991
383384.656918283,1502.56834968428,129.764458470463
383306.281464647,1446.95796468632,124.755777911035
383230.970360755,1387.2944332142,119.395559710665
383158.93449819,1323.74492085032,113.698910978659
383090.375262211,1256.48704242952,107.681848637326
383025.484459229,1185.70864237504,101.361279268957
382964.444350523,1111.60859660204,94.7550675353891
382907.426176466,1034.3950758304,87.8818816078947
382854.589420508,954.284094473192,80.7610643688048
382806.081803924,871.499471485374,73.4126299152872
382762.039274142,786.272726016549,65.8572525365587
382722.585535396,698.843692750688,58.1163187507558
382687.831082234,609.457548939476,50.2116647396841
382657.873077544,518.364184828072,42.1655206562888
382632.795370215,425.818109993724,34.0005021512859
382612.668381854,332.07874022113,25.7396328465279
382597.548476331,237.409639192318,17.4062764586456
382587.477915179,142.07590566569,9.02390696664344
382582.484871871,46.3439964235593,0.616092975288464
382582.583502814,-49.5184248542099,-7.79351644475367
382587.773442053,-145.24202277481,-16.1811538609929
382598.039962237,-240.558207212181,-24.5231452917954
382613.354320815,-335.200388226226,-32.7960202458166
382633.673807827,-428.904040022914,-40.9765174213004
382658.941598304,-521.40657030293,-49.0415754162024
382689.086471427,-612.448049497524,-56.968397775031
382724.023934519,-701.773568626445,-64.7346583945115
382763.656339695,-789.13343240227,-72.3185183882104
382807.8730383,-874.283283446396,-79.6986375794281
382856.549666416,-956.983903761551,-86.8541597343369
382909.549540193,-1037.00338897159,-93.7649010272089
382966.724419727,-1114.11797782774,-100.411421818725
383027.914608334,-1188.11210057554,-106.775030864679
383092.948693166,-1258.77830921379,-112.8377809483
383161.64369159,-1325.91812310646,-118.582543092574
383233.807194441,-1389.34361500071,-123.993142188986
383309.237526756,-1448.87750866673,-129.054365340283
383387.724011513,-1504.35323048166,-133.751966278334
383469.046047759,-1555.61497410111,-138.072673451134
383552.975197156,-1602.51899685375,-142.004299914612
383639.276681236,-1644.93414358635,-145.535786752041
383727.709402408,-1682.74184646664,-148.657203020848
383818.026056884,-1715.83611832842,-151.359745147869
383909.972579308,-1744.12406727101,-153.635783239563
384003.291125455,-1767.52651023913,-155.478909248983
384097.720806179,-1785.97802273021,-156.883939981644
384192.997776529,-1799.42691073145,-157.8469144203
384288.854968999,-1807.83535486191,-158.365106548864
384385.022955666,-1811.17992162003,-158.437068411728
384481.232489168,-1809.45130318374,-158.0626022027
384577.214668838,-1802.65428392698,-157.242756984344
384672.701090116,-1790.80764953065,-155.979819986922
384767.423452894,-1773.94477317748,-154.277368086008
384861.116080825,-1752.11307353096,-152.140215052109
384953.516959124,-1725.37359020943,-149.574372036285
385044.367658522,-1693.80102536332,-146.587051206608
