382691.544846149,-619.460583785829,-54.1957785824109
382726.838884313,-708.641664059154,-62.0210444884483
382766.820375082,-795.837865953297,-69.6715582099634
382811.377023246,-880.80448915103,-77.1257223312158
382860.383762453,-963.30329214427,-84.3625117488859
382913.703529079,-1043.10354137998,-91.3615660662006
382971.18740772,-1119.98209400803,-98.1031971526051
383032.674177491,-1193.72325524425,-104.56837791285
383097.990950663,-1264.11998937942,-110.738848931162
383166.954893677,-1330.9753089471,-116.597241100101
383239.373298905,-1394.10231741737,-122.127079417549
383315.043790283,-1453.32426478617,-127.312788597128
383393.753439171,-1508.47473617168,-132.139710066824
383475.281407983,-1559.39917079304,-136.594235831023
383559.399740674,-1605.95518306862,-140.663836937532
383645.873452428,-1648.01256393055,-144.337063642968
383734.460335995,-1685.45331466209,-147.603548815789
383824.911159252,-1718.17234488731,-150.454069265211
383916.972516418,-1746.07807893785,-152.88059935976
384010.387103642,-1769.09248633403,-154.876313766426
384104.893859474,-1787.15104392178,-156.435584097668
384200.227458941,-1800.20303047108,-157.554004584534
384296.120114106,-1808.21196208467,-158.228430329095
384392.303492999,-1811.15544915274,-158.456964796442
384488.508772715,-1809.02518087228,-158.238958444005
384584.46669827,-1801.82689889082,-157.575005903337
384679.907490124,-1789.58099027754,-156.466997594712
384774.563647487,-1772.32186001533,-154.918064490057
384868.170505945,-1750.09773046864,-152.932560422594
384960.466346175,-1722.97054628045,-150.516053461843
385051.192106419,-1691.01640508566,-147.675362539627
385140.093041228,-1654.32519066403,-144.4185249716
385226.92037953,-1612.99958252481,-140.754709131883
385311.431380345,-1567.15500158423,-136.694209620999
385393.389358606,-1516.91958981866,-132.248444229096
385472.563949708,-1462.43473230152,-127.42999883384
385548.733311608,-1403.85317575681,-122.252461707263
385621.684459128,-1341.33866999982,-116.730391852822
385691.213334234,-1275.06579303389,-110.87930313661
385757.124716481,-1205.22057044701,-104.715716647666
385819.23357397,-1131.99933540962,-98.257060191985
385877.366109604,-1055.60700504375,-91.5215163689814
385931.359778631,-976.257034078733,-84.5280184615608
385981.063319014,-894.17119965891,-77.2962299964607
386026.337056226,-809.580497985121,-69.8466218239306
386067.054106577,-722.722289803078,-62.2002210525218
386103.100603107,-633.839452772421,-54.3785362899923
386134.375688199,-543.180316673726,-46.4035518046641
386160.79155738,-450.998799484278,-38.2977370790968
386182.27411404,-357.554219642525,-30.084029399975
386198.763249239,-263.10841104029,-21.7855801868061
386210.212838111,-167.925392776911,-13.4257258116702
386216.590686248,-72.2712361820323,-5.02797529696347
386217.878882017,23.5854855877712,3.38395279622178
386214.073988869,119.375561850792,11.78629404617
386205.18668865,214.830946607819,20.1553967433665
386191.241754377,309.684815217018,28.4677269360223
386172.278051109,403.671578478626,36.6998713656588
386148.349082399,496.527020269765,44.8285508579781
386119.522005889,587.990955070914,52.8308533723649
386085.877418404,677.807650472642,60.6842711887655
386047.509232122,765.725937746784,68.3667110977485
386004.525218834,851.4989579577,75.85647421742
385957.046234823,934.885971591122,83.1324144602013
385905.205162267,1015.65369358697,90.1740555451217
385849.146847063,1093.57633473983,96.9615946710865
385789.028137375,1168.43559756187,103.475903421597
385725.018262812,1240.02112264007,109.698567745034
385657.296661178,1308.13241266908,115.612055771054
385586.0526575,1372.57906121863,121.199737817818
385511.485256464,1433.18080660953,126.445891279874
385433.803844089,1489.76751026724,131.335700163312
385353.226807531,1542.18038987128,135.855362398629
385269.97966784,1590.27283629896,139.992160590432
385184.295047895,1633.91042270078,143.73446280341
385096.412470482,1672.97090345796,147.071722617133
385006.579149583,1707.34459854633,149.994513679012
384915.047168473,1736.93524133984,152.494602107787
384822.072496448,1761.66011404852,154.564957767806
384727.914923992,1781.45003228104,156.199752853998
384632.838206184,1796.24940868877,157.394367430728
384537.109706707,1806.01685216501,158.145441652457
384440.997587045,1810.72509938039,158.450867540909
384344.770509109,1810.36097607783,158.309785347016
384248.69749678,1804.92532191653,157.722576602083
384153.048361783,1794.43344613983,156.690903752672
384058.091576703,1778.91496940005,155.217694446894
383964.092774627,1758.41332963648,153.307096753024
383871.31469344,1732.98573935556,150.964475295965
383780.017236742,1702.70326641844,148.196417362549
383690.456986308,1667.65121524444,145.010765398555
383602.884774032,1627.92783538135,141.416501270122
383517.545417092,1583.64414330327,137.4237303042
383434.677605714,1534.92376449896,133.043666691744
383354.514099367,1481.903612685,128.288691757956
383277.279786841,1424.73260902868,123.17223958381
383203.190694566,1363.57067053078,117.70870695396
383132.453953113,1298.58863303146,111.913446441568
383065.267817261,1229.96836728882,105.80277482397
383001.821064592,1157.90297616966,99.3939889972863
382942.291369969,1082.59438608596,92.7051525866308
382886.845155577,1004.25306893458,85.7550712658754
382835.637562772,923.097825807362,78.5632731013362
382788.812386002,839.356506378458,71.1500692547694
382746.501004418,753.264504629337,63.5364207272738
382708.821786432,665.062750606921,55.7437609496032
382675.880083837,574.997680674125,47.7939931432593
382647.768256747,483.321061362077,39.7094734553112
382624.565228282,390.290663290701,31.5130676360909
382606.335958786,296.167532174931,23.2279109850813
382593.131427345,201.214891815559,14.8773115898303
382584.988655277,105.698080574657,6.48474461823054
382581.930619159,9.88469304464058,-1.92613757459279
382583.965724784,-85.9559091511249,-10.3315497137141
382591.088203456,-181.555293071454,-18.7078100774399
382603.278179998,-276.646221066097,-27.0313639707538
382620.501769824,-370.962789156048,-35.2787965977376
382642.710530204,-464.240058902826,-43.4268034273701
382669.841995385,-556.216311156483,-51.4523873070721
382701.820264454,-646.634281023826,-59.3329665207442
382738.55606319,-735.241216436061,-67.046379994825
382779.946577445,-821.78877698024,-74.5708803471316
382825.875291265,-906.033781245348,-81.8852002147442
382876.213528675,-987.740344725142,-88.9687381288264
382930.820603455,-1066.68005012052,-95.8015733568572
382989.544011714,-1142.63205237877,-102.364475545085
383052.218644263,-1215.38296886392,-108.63889738651
383118.668527192,-1284.72876999396,-114.60713814024
383188.707803576,-1350.47551737198,-120.252407298759
383262.14082683,-1412.43939020698,-125.55882684519
383338.762012717,-1470.44667523787,-130.511431503169
383418.355717608,-1524.33441163528,-135.096225735
383500.698911004,-1573.95171344788,-139.300296084859
383585.561457261,-1619.15987671463,-143.111820233127
383672.706284873,-1659.83237815414,-146.520066732099
383761.888797228,-1695.85501410666,-149.515408515265
383852.858312127,-1727.12675900064,-152.08939597885
383945.36021591,-1753.56013232939,-154.234786018541
384039.136014444,-1775.08120224179,-155.945542273925
384133.923494027,-1791.62954307798,-157.21683103954
384229.456161453,-1803.1587468837,-158.045066867068
384325.466014192,-1809.6365984204,-158.427923486831
384421.684552242,-1811.04497235816,-158.364323145465
384517.842855351,-1807.37979370996,-157.854432936647
384613.671383844,-1798.6511962337,-156.899678317965
384708.900809482,-1784.88388775568,-155.50277357104
384803.264479489,-1766.11645923421,-153.667656942286
384896.498593474,-1742.40131580313,-151.399484263181
384988.34234102,-1713.8045575294,-148.704617632486
385078.537622836,-1680.40663716478,-145.590682598681
385166.83147368,-1642.3013372919,-142.066474132323
385252.976947451,-1599.59520862857,-138.141905617926
385336.733184252,-1552.40747822482,-133.828000480252
385417.86527711,-1500.87034549537,-129.136916785618
385496.145298835,-1445.12879997958,-124.081929016819
385571.354098945,-1385.3389300333,-118.677276133215
385643.281397553,-1321.66781548507,-112.938151924624
385711.72587327,-1254.29331151916,-106.880684787588
385776.495171744,-1183.40491945735,-100.522012519456
385837.407666636,-1109.20161141843,-93.880088025877
385894.292990481,-1031.89090399844,-86.9735967535921
385946.99204943,-951.688761333997,-79.821947991542
385995.357032695,-868.819742871912,-72.4452856529412
386039.25207559,-783.517089940683,-64.8644938588713
386078.554262334,-696.019853430172,-57.1009425873861
386113.153700115,-606.572588911042,-49.1764606378602
386142.953500315,-515.425224471715,-41.1133235516971
386167.869963229,-422.833541140728,-32.9342927395756
386187.833260627,-329.057807507102,-24.662494342926
386202.787553502,-234.36053515272,-16.3212214732263
386212.690988296,-139.0064048279,-7.93392767826951
386217.515639104,-43.2621196866698,0.475787202922557
386217.248070992,52.6031475830402,8.88414072124914
386211.889168292,148.320498641468,17.267408290892
386201.453925154,243.622238040715,25.6020046264679
386185.97147728,338.241781744868,33.8644760791076
