386108.455153851,619.460583785829,54.1957785824109
386073.161115182,708.641664267558,62.0210445066791
386033.179622943,795.837866817202,69.6715582855282
385988.622972416,880.804491154532,77.1257225064421
385939.616230031,963.303295798901,84.3625120684887
385886.2964595,1043.10354721674,91.3615665765875
385828.812576316,1119.98210256956,98.1031979011894
385767.325801466,1193.7232670771,104.568378947378
385702.00902279,1264.12000502382,110.738850298818
385633.045073964,1330.97532893473,116.597242847311
385560.62666274,1394.10234226958,122.127081589833
385484.956165306,1453.32429501488,127.31279123918
385406.246510433,1508.47477227693,132.139713222302
385324.718535842,1559.39921326444,136.594239542672
385240.600197711,1605.95523239208,140.663841247784
385154.12648098,1648.01262059511,144.337068594542
385065.539593003,1685.4533791672,147.603554452333
384975.088766017,1718.17241774639,150.454075631611
384883.027405898,1746.07816068548,152.880606502772
384789.61281657,1769.09257753412,154.876321735393
384695.106059531,1787.15114517528,156.435592945199
384599.772459772,1800.2031424165,157.554014366543
384503.879805243,1808.21208540278,158.228441105214
384407.6964279,1811.15558456693,158.45697663004
384311.491150595,1809.0253291493,158.238971402255
384215.533228219,1801.82706083218,157.575020056459
384120.092440205,1789.58116671401,156.467013015481
384025.436287226,1772.3220518045,154.918081253587
383931.829433542,1750.0979384825,152.932578605226
383839.533598292,1722.97077139431,150.516073140185
383748.807843014,1691.01664814729,147.675383787835
383659.906912958,1654.32545250133,144.418547862052
383573.079578975,1612.99986392895,140.75473373368
383488.56858181,1567.15530329275,136.694235998475
383406.610606263,1516.91991247978,132.248472438701
383327.436016694,1462.43507647296,127.430028924033
383251.266654916,1403.85354190979,122.252493718851
383178.315505872,1341.33905849885,116.730425817174
383108.786627353,1275.06620412196,110.879339074364
383042.875239566,1205.22100420518,104.715754565202
382980.766374212,1131.99979180311,98.2571000854566
382922.633828202,1055.60748391252,91.5215582234762
382868.640146101,976.257535126533,84.5280622501238
382818.93658977,894.171722427808,77.2962756779004
382773.662833587,809.581041855148,69.8466693427709
382732.945761116,722.722854039488,62.2002703431486
382696.899239207,633.840036515651,54.3785872757483
382665.624125372,543.180918933659,46.4036043973362
382639.208223998,450.999419110453,38.2977911763373
382617.725631629,357.554855356445,30.0840848881161
382601.236457158,263.109061448124,21.7856369419648
382589.786825413,167.92605635886,13.4257836987963
382583.408930778,72.2719112820589,5.02803416894642
382582.120684887,-23.58480078367,-3.38389310044964
382585.925524303,-119.374869289074,-11.7862336994066
382594.812767211,-214.830248380776,-20.1553359313205
382608.757640644,-309.684113577871,-28.4676658586416
382627.721279623,-403.670875868821,-36.6998102394976
382651.650180695,-496.52631931584,-44.8284899159236
382680.477186342,-587.990258586905,-52.8307928638392
382714.121699891,-677.806961479667,-60.6842113814353
382752.489809348,-765.72525949088,-68.3666522790596
382795.473743154,-851.498293929596,-75.8564166962982
382842.952645275,-934.885325507988,-83.132358565434
382894.793633818,-1015.65306940136,-90.174001626113
382950.851863211,-1093.5757366484,-96.9615430985878
383010.970485671,-1168.4350300167,-103.475854588632
383074.980271996,-1240.02059032441,-109.698522064745
383142.701784813,-1308.13192047721,-115.612013674894
383213.945699567,-1372.57861424675,-121.199699754703
383288.513012076,-1433.18041014312,-126.445857715018
383366.194336889,-1489.76716975773,-131.335671576111
383446.771287397,-1542.18011088524,-135.855339278183
383530.018343118,-1590.27262448531,-139.992143432622
383615.702881765,-1633.91028375941,-143.734452108094
383703.585381168,-1672.97084310399,-147.071718884959
383793.418627972,-1707.34462245332,-149.994517406391
383884.950539486,-1736.93535508869,-152.494613782407
383977.92514699,-1761.66032308319,-154.564977864716
384072.082660572,-1781.45034186535,-156.199781831791
384167.159325723,-1796.24982385383,-157.394405726895
384262.887779278,-1806.01737765601,-158.145489678731
384358.999860221,-1810.72573961627,-158.450925679736
384455.226907074,-1810.3617351098,-158.309853947911
384551.299896357,-1804.92620338882,-157.72265597819
384646.949016703,-1794.43445324201,-156.690994176596
384741.90579581,-1778.91610484205,-155.217796148551
384835.904600822,-1758.4145956219,-153.307209917322
384928.682694036,-1732.98713755583,-150.964600060566
385019.980171983,-1702.70479794433,-148.1965538154
385109.540452955,-1667.65288063113,-145.010913576633
385197.112705058,-1627.92963458138,-141.416661158861
385282.452111068,-1583.64607567585,-137.423901836599
385365.319980656,-1534.925828802,-133.043849747719
385445.483554202,-1481.90580706426,-128.288886163443
385522.717942705,-1424.73493102906,-123.172445111819
385596.807119473,-1363.5731170995,-117.708923324915
385667.54395363,-1298.5912005227,-111.913673323773
385734.730190051,-1229.97105146455,-105.803011833753
385798.177050758,-1157.90577221365,-99.3942357002977
385857.706860452,-1082.59728862299,-92.7054084996025
385913.153196473,-1004.25607204572,-85.7553358580369
385964.360916952,-923.100923044468,-78.5635457957615
386011.186226898,-839.359690781762,-71.1503494300055
386053.497746576,-753.267768764047,-63.5367077206324
386091.177106964,-665.066086589783,-55.7440540595721
386124.118955631,-575.001080199813,-47.7942916318986
386152.230931801,-483.324515729783,-39.7097765506913
386175.434111661,-390.294163443549,-31.5133745358258
386193.663534158,-296.17106876803,-23.2282208623825
386206.868219485,-201.218455254362,-14.8776235969415
386215.011145587,-105.701661057281,-6.48505789021907
386218.069335139,-9.88828059298105,1.92582391700291
386216.034381598,85.9523245982981,10.331236555927
386208.912052918,181.551721589773,18.7074983049156
386196.722223543,276.642672695261,27.0310544645544
386179.498777336,370.959273846168,35.2784902297507
386157.290156312,464.236586457267,43.4265010552593
386130.158825558,556.212891123621,51.4520897647992
386098.180685355,646.63092264343,59.3326746138772
386061.445009327,735.23792858413,67.0460944957053
386020.054611051,821.78556812824,74.5706019912796
385974.126005984,906.030659366527,81.8849296927226
385923.787869672,987.73731724088,88.9684760816109
385869.18088796,1066.67712386224,95.8013203725623
385810.457564418,1142.62923355408,102.364232156046
385747.783007975,1215.38026302122,108.63866406626
385681.333192385,1284.72618197286,114.606915299316
385611.293974477,1350.47305129475,120.252195284064
385537.861000811,1412.43704947005,125.558625939348
385461.239855638,1470.44446251794,130.51124192515
385381.646182702,1524.33232887658,135.096047639166
385299.303012688,1573.94976187793,139.300129562494
385214.440481467,1619.15805686893,143.11166531471
385127.295660829,1659.83068990403,146.519923389859
385038.113147697,1695.85345669288,149.51527666622
384947.143624663,1727.12533106623,152.089275487861
384854.641705799,1753.55883196739,154.234676702583
384760.86588567,1775.08002704394,155.945443906436
384666.078378411,1791.62849018409,157.216743354812
384570.545677684,1803.15781302792,158.044989564393
384474.535786511,1809.63577998938,158.427856235717
384378.317205363,1811.04426544333,158.36426559023
384282.158854946,1807.37919416215,157.854384701243
384186.330275333,1798.6506996973,156.89963900895
384091.100795206,1784.88348973305,155.502742783343
383996.73706776,1766.11615513371,153.667634263415
383903.502893752,1742.40110097878,151.399469276654
383811.659083908,1713.80442731362,148.704609920685
383721.463737803,1680.40658689001,145.590681744723
383633.169820979,1642.30136236078,142.066479726276
383547.024279773,1599.5953045314,138.141917258253
383463.267974265,1552.4076405634,133.828017775833
383382.135811541,1500.87056995964,129.136939353634
383303.855718929,1445.12908242442,124.081956489538
383228.646847012,1385.33926649527,118.677308159377
383156.719475719,1321.66820218121,112.93818816922
383088.274926419,1254.2937448301,106.880724930334
383023.505553429,1183.40539591839,100.522056253944
382962.59298306,1109.20212779775,93.8801350664369
382905.707582697,1031.89145727034,86.9736468327979
382853.008446062,951.689348666791,79.8220008590451
382804.643383775,868.820361542617,72.4453410679438
382760.748260367,783.5177374053,64.8645515962546
382721.445991445,696.020527334791,57.1010024385927
382686.846469613,606.573287045797,49.1765224067124
382657.046583249,515.42594473133,41.1133870508643
382632.130031818,422.834281436165,32.9343577828144
382612.16664331,329.058565834885,24.6625607510802
382597.212256483,234.361309551839,16.3212890703585
382587.308724634,139.007193319437,7.93399628626586
382582.483973416,43.2629201982719,-0.475717770949905
382582.751437534,-52.6023372598453,-8.88407066473197
382588.11023243,-148.319680833685,-17.2673378203083
382598.545363754,-243.621415267271,-25.6019339698032
382614.027695631,-338.240956799982,-33.8644054891389
