383007.254597965,-1164.20507890255,-101.854746423277
383071.039074532,-1235.98281325769,-108.152698516354
383138.546900644,-1304.29832613047,-114.145892078261
383209.588495863,-1368.95990381784,-119.817408347554
383283.964447729,-1429.78623684137,-125.151250033356
383361.466733177,-1486.60721056896,-130.132411139227
383441.878842273,-1539.26392510629,-134.746878814416
383524.975550831,-1587.60870063674,-138.981634491282
383610.523035322,-1631.50578202663,-142.824715863767
383698.28164168,-1670.83229344781,-146.265301491443
383788.006115758,-1705.47829542751,-149.293715902552
383879.445756051,-1735.34676373585,-151.90142781593
383972.34384759,-1760.3538205797,-154.081070497921
384066.439369219,-1780.42940565702,-155.826500896313
384161.468999308,-1795.5173731121,-157.132808530939
384257.167162816,-1805.57548624711,-157.996315035897
384353.266140927,-1810.57537650323,-158.414570295222
384449.495737803,-1810.50312956057,-158.386403548415
384545.586143283,-1805.35905301868,-157.911903234229
384641.268669854,-1795.1575114633,-156.992402532805
384736.275851538,-1779.92685952188,-155.630473342932
384830.341165202,-1759.70974235881,-153.829951697698
384923.200377471,-1734.563123962,-151.595940125521
385014.593582005,-1704.55741411091,-148.934730898853
385104.265287868,-1669.77641470893,-145.853801287758
385191.96450067,-1630.31723603184,-142.361805271063
385277.4447189,-1586.2909420588,-138.468629251568
385360.46635374,-1537.82103077788,-134.185258437736
385440.797250759,-1485.04300391884,-129.523738906357
385518.212766236,-1428.10423001831,-124.497165217574
385592.49562693,-1367.16443360092,-119.119721528854
385663.437250334,-1302.39496063622,-113.406616769778
385730.839103127,-1233.9771034771,-107.373937125612
385794.512738975,-1162.10203674748,-101.038640360132
385854.279855449,-1086.97061304416,-94.4185364737453
385909.972480034,-1008.79424681387,-87.5323637795165
385961.434507718,-927.792289791166,-80.3995581044678
386008.522030303,-844.191235505078,-73.0401826488441
386051.103338145,-758.224631762978,-65.4749201166
386089.058953097,-670.13326558587,-57.7250865907254
386122.282326093,-580.16499079772,-49.8126156206637
386150.680462154,-488.571880368479,-41.7598077430112
386174.173953091,-395.609944732909,-33.5893055959029
386192.696940511,-301.538992776427,-25.3240810755355
386206.197406007,-206.62313179731,-16.9874765901812
386214.637618696,-111.12899519931,-8.60304944760293
386217.993999322,-15.3238149623644,-0.194402146009066
386216.257104963,80.5246324246933,8.21482243402143
386209.43160124,176.148087347089,16.6009480837929
386197.536856613,271.277707147633,24.9402579845641
386180.606325962,365.646859523781,33.2092398839204
386158.687349646,458.991684382163,41.3846356012652
386131.841058614,551.051202149601,49.4434509661113
386100.142802929,641.567027378114,57.3629328884656
386063.681789875,730.285021416945,65.12071437632
386022.560097403,816.956946569329,72.6949597558557
385976.892619242,901.340522230126,80.0643696484256
385926.807046993,983.199448189289,87.2081843294932
385872.444384113,1062.3036759404,94.1062085914992
385813.957069381,1138.43160387732,100.739003760152
385751.508623551,1211.37040675392,107.087916602175
385685.273472738,1280.91610652729,113.13508579196
385615.437575541,1346.87348064597,118.863435438713
385542.197251112,1409.05742713443,124.256794295303
385465.757481424,1467.29399572427,129.299985664272
385386.331864279,1521.4204047612,133.978828876553
385304.142404346,1571.28507059057,138.280142289847
385219.420403599,1616.74791811205,142.19177144932
385132.403573524,1657.68158969902,145.702693569986
385043.335218335,1693.97166416785,148.803036396086
384952.464167716,1725.51664928761,151.484077510226
384860.044923576,1752.22802579951,153.738248426501
384766.337450729,1774.03090423762,155.559192096715
384671.604286286,1790.86431103207,156.941786161831
384576.110217463,1802.6811860028,157.882142535917
384480.122147756,1809.44832899268,158.377602508833
384383.909552921,1811.14674936123,158.426767283039
384287.74260798,1807.77186586502,158.029514134902
384191.890375471,1799.33315789647,157.186964406431
384096.620749371,1785.85413910668,155.901481119262
384002.200438122,1767.37235518027,154.176668024997
383908.894844264,1743.93993486858,152.017417343887
383816.965387811,1715.62262131942,149.429822519334
383726.669073408,1682.49955585732,146.421158814235
383638.258380084,1644.6631564145,142.999872148796
383551.981518697,1602.21965227902,139.175624834265
383468.080635791,1555.28834378597,134.959228969363
383386.79044604,1504.0005369263,130.362551487635
383308.338190493,1448.49948292797,125.398508738116
383232.943635228,1388.94040464763,120.081067299312
383160.818651755,1325.49090671881,114.425278725064
383092.165264699,1258.32881395987,108.447087788501
383027.17540986,1187.64183796687,102.163302863124
382966.030880132,1113.62737497783,95.5915775618103
382908.903351345,1036.49318727824,88.750468365664
382855.953158274,956.456093190238,81.659318327984
382807.328445736,873.740069458514,74.3380892478692
382763.1651579,788.576216814338,66.807358612086
382723.587037818,701.202553600188,59.0882999994498
382688.705255723,611.864817168318,51.2027512401954
382658.61754173,520.813690165934,43.1729700344882
382633.40803906,428.30378090602,35.0215439137093
382613.147318365,334.59356187473,26.771384710486
382597.892319341,239.945497827782,18.4457374508209
382587.685746778,144.625740049537,10.0681521147775
382582.556122314,48.9013085461941,1.6622360304947
382582.517823789,-46.9602208694506,-6.74837372896276
382587.571158841,-142.690853159351,-15.1400229933759
382597.701917887,-238.021752882387,-23.4890062777397
382612.881507866,-332.685327967757,-31.7717494852845
382633.067450359,-426.416756878267,-39.9649438515723
382658.203423624,-518.954044439955,-48.045550905537
382688.219188112,-610.037967311584,-55.9907995157859
382723.030192161,-699.41253743381,-63.7782278098334
382762.538858324,-786.827433036008,-71.3858952577183
382806.634766193,-872.038271085117,-78.7924065021982
382855.194809289,-954.80671898971,-85.976921614107
382908.082520536,-1034.90029816605,-92.9191412347631
382965.149339087,-1112.09431279423,-99.5994742457671
383026.235626879,-1186.17284789211,-105.999124393295
383091.170746055,-1256.92880321646,-112.100093242177
383159.772940675,-1324.16387214384,-117.885179605004
383231.849147797,-1387.6891448733,-123.33803310102
383307.197399726,-1447.32673252398,-128.443293685822
383385.60709937,-1502.90991610429,-133.186604439519
383466.859243196,-1554.28317638594,-137.554614101503
383550.725682581,-1601.30225692062,-141.534984336989
383636.97066243,-1643.83524135152,-145.116482068476
383725.352817084,-1681.7631483991,-148.289029099896
383815.625197753,-1714.97993729586,-151.043702561857
383907.53545062,-1743.39248323748,-153.372732567812
384000.825132985,-1766.92102001471,-155.269542118715
384095.232458825,-1785.49967549891,-156.728790047439
384190.493400839,-1799.07649418316,-157.746371408632
384286.341753078,-1807.61341448284,-158.319415361262
384382.508994256,-1811.08635096792,-158.446292163113
384478.724751332,-1809.48572618371,-158.12665894553
384574.719523193,-1802.81608666501,-157.361421755888
384670.224956836,-1791.09603424592,-156.152729075864
384764.973985425,-1774.35813058328,-154.503962853755
384858.700454727,-1752.64943504273,-152.419785368526
384951.141355371,-1726.03100374575,-149.906091647372
385042.038101731,-1694.57729265534,-146.969954845297
385131.13658912,-1658.3760986763,-143.619620877472
385218.187102106,-1617.52870939968,-139.864520404479
385302.945015279,-1572.1501051301,-135.715284878621
385385.172974569,-1522.36741751278,-131.183607406278
385464.641082267,-1468.31976966927,-126.282228335262
385541.127001877,-1410.15808711667,-121.024917671766
385614.415837814,-1348.04587038193,-115.42654145275
385684.302009814,-1282.15752754302,-109.502912081536
385750.590037846,-1212.67734818495,-103.270696614361
385813.094567222,-1139.79941720981,-96.7474090156658
385871.64036339,-1063.72773044897,-89.9514183472457
385926.062921858,-984.676395710757,-82.9019645166202
385976.20982917,-902.866948601518,-75.6189199457915
386021.940882442,-818.528045030741,-68.122762240566
386063.128088954,-731.895298765371,-60.4345593879624
386099.655793762,-643.211840421606,-52.576016006278
386131.421537936,-552.726985233471,-44.5693548288983
386158.336451724,-460.694020635519,-36.437121279391
386180.325259594,-367.370146581718,-28.2021781792176
386197.326237001,-273.016310367408,-19.8876899770931
386209.291708028,-177.89777944805,-11.5171701260909
386216.188248791,-82.2814324061031,-3.11424299514967
386217.996582999,13.5653103417312,5.2974502035175
386214.711544658,109.374559663171,13.6942579586544
386206.342221289,204.877777135906,22.0525050704955
386192.912343462,299.806534339786,30.3485605996692
386174.459596266,393.895006128423,38.5590556872509
386151.035544929,486.880163296737,46.6609004329452
386122.705514242,578.50191088544,54.6312967781004
386089.549238649,668.502799775366,62.4477161515879
386051.659874177,756.630412516679,70.0881068797994
386009.143414531,842.638285048377,77.5309742145851
385962.118748486,926.285835594778,84.7553744294247
