386218.1,0,0
386215.553438962,96.1950051654638,0
386207.92075919,192.12085608913,0
386195.223463047,287.508332885886,0
386177.497263324,382.089952693761,0
386154.791734054,475.601180727264,0
386127.170203343,567.780557637597,0
386094.710168598,658.369403300176,0
386057.502937149,747.113402523669,0
386015.652643641,833.764252540488,0
385969.276189259,918.079722802545,0
385918.503254576,999.823660747541,0
385863.476748159,1078.76634276324,0
385804.350916288,1154.68663631491,0
385741.291030102,1227.372288046,0
385674.473198719,1296.6199976624,0
385604.085045019,1362.23533236505,0
385530.32438085,1424.0341558112,0
385453.397599359,1481.84358567519,0
385373.519630167,1535.50200675886,0
385290.913766934,1584.85909568905,0
385205.812479073,1629.77618090318,0
385118.454481657,1670.12742164956,0
385029.084004104,1705.79999814293,0
384937.95071281,1736.69410216123,0
384845.309912205,1762.722999342,0
384751.42215855,1783.81369766891,0
384656.550446912,1799.90719075318,0
384560.959945249,1810.95845337824,0
384464.917853826,1816.93638437624,0
384368.693880563,1817.82420108655,0
384272.558178793,1813.61956449256,0
384176.779704103,1804.33424337258,0
384081.626160264,1789.99408406809,0
383987.364030072,1770.63904925606,0
383894.258277556,1746.32370963476,0
383802.569730467,1717.11624403698,0
383712.554734577,1683.09826199727,0
383624.465036323,1644.36467290214,0
383538.548039158,1601.0242817357,0
383455.04484442,1553.19886222814,0
383374.189054572,1501.02219947967,0
383296.206731379,1444.64002110262,0
383221.316426464,1384.21010367926,0
383149.72860083,1319.90250367684,0
383081.643760021,1251.89741440356,0
383017.252272178,1180.38490904317,0
382956.734309737,1105.56471744986,0
382900.259856007,1027.64700472646,0
382847.987393276,946.850744087037,0
382800.063170986,863.402021191796,0
382756.621201107,777.534007627247,0
382717.783257106,689.486796095107,0
382683.658435745,599.508109664664,0
382654.342335979,507.850380267338,0
382629.916947977,414.769918087211,0
382610.450672366,320.526832916349,0
382595.998222604,225.385246588518,0
382586.600036476,129.612700251149,0
382582.282370798,33.4774539087725,0
382583.057332249,-62.7517398735143,0
382588.922956375,-158.805782251484,0
382599.862697922,-254.414796694801,0
382615.84570001,-349.310462140075,0
382636.827233105,-443.227312205281,0
382662.748746149,-535.902796720327,0
382693.5377214,-627.077168364968,0
382729.107417456,-716.494192973446,0
382769.358141118,-803.903464842856,0
382814.177380896,-889.060601700636,0
382863.43997385,-971.727363730413,0
382917.007371013,-1051.67148072152,0
382974.729139371,-1128.66873493268,0
383036.443809586,-1202.50377946505,0
383101.978973611,-1272.97017900498,0
383171.15106072,-1339.87036357556,0
383243.765403845,-1403.0163962211,0
383319.618562658,-1462.23149304577,0
383398.498520527,-1517.35012738338,0
383480.184926354,-1568.21806055773,0
383564.448263554,-1614.69244028975,0
383651.051735641,-1656.64293133037,0
383739.753011769,-1693.95221516526,0
383830.304244584,-1726.51599097503,0
383922.452212997,-1754.24295545324,0
384015.937734359,-1777.05530758851,0
384110.498573166,-1794.88921791198,0
384205.870310454,-1807.69483765507,0
384301.786425186,-1815.43626783003,0
384397.978066562,-1818.09169950641,0
384494.174856519,-1815.65388308251,0
384590.107436103,-1808.12972144091,0
384685.507647811,-1795.54022207389,0
384780.108681071,-1777.92039609583,0
384873.64471767,-1755.31986554092,0
384965.853411153,-1727.80216728628,0
385056.476887253,-1695.44427120116,0
385145.261814799,-1658.33650339002,0
385231.959251147,-1616.58280327093,0
385316.32564934,-1570.30068359862,0
385398.124844548,-1519.61976709605,0
385477.128168362,-1464.68168290815,0
385553.114548404,-1405.6398860791,0
385625.87046476,-1342.66045607038,0
385695.191942505,-1275.92013879166,0
385760.88513439,-1205.60556602491,0
385822.766354385,-1131.91313453226,0
385880.662052885,-1055.04928797399,0
385934.409614085,-975.230311455253,0
385983.858579076,-892.679788725562,0
386028.870716642,-807.628413117525,0
386069.320021361,-720.313799167045,0
386105.0929013,-630.981165665006,0
386136.089061039,-539.881517851594,0
386162.221804934,-447.269770217202,0
386183.418036143,-353.404714998563,0
386199.618226939,-258.548904716106,0
386210.776978717,-162.969082749388,0
386216.863121951,-66.9332748252855,0
386217.859632427,29.2899868509455,0
386213.763581065,125.431759233619,0
386204.586368486,221.222408782266,0
386190.353970197,316.392793863094,0
386171.106274247,410.676508407086,0
386146.89703296,503.809995244177,0
386117.793768585,595.532656197552,0
386083.878427955,685.586696859716,0
386045.246207806,773.7196663041,0
386002.005126538,859.685120443933,0
385954.275910741,943.242703393605,0
385902.192411209,1024.1579732524,0
385845.901110098,1102.20371297727,0
385785.559588885,1177.16151275089,0
385721.33645643,1248.82182549647,0
385653.41118748,1316.98403358125,0
385581.974908998,1381.45658498105,0
385507.22801777,1442.05878818261,0
385429.379500119,1498.62119522332,0
385348.646796242,1550.98562118533,0
385265.256130084,1599.0051553447,0
385179.442137034,1642.54496500038,0
385091.445175177,1681.48318434676,0
385001.511145259,1715.71095665762,0
384909.891336728,1745.1324115053,0
384816.843013968,1769.66492078358,0
384722.627579842,1789.2397573143,0
384627.508665356,1803.80217190611,0
384531.752087304,1813.31138662916,0
384435.625760898,1817.74056268334,0
384339.399960897,1817.07739212926,0
384243.344445804,1811.32382766705,0
384147.727791735,1800.49592845162,0
384052.817287958,1784.6237881098,0
383958.879235469,1763.75186997073,0
383866.177472599,1737.93896053099,0
383774.971440359,1707.25731785556,0
383685.516106232,1671.79262109919,0
383598.061905627,1631.64391336887,0
383512.854655321,1586.92420402004,0
383430.133145863,1537.75890495063,0
383350.128688736,1484.28545061114,0
383273.065035439,1426.65315040656,0
383199.158521624,1365.02373398528,0
383128.616645874,1299.57045009917,0
383061.636811489,1230.47648118178,0
382998.406296743,1157.93488499606,0
382939.102207894,1082.14842951289,0
382883.891227215,1003.33040395458,0
382832.928094251,921.701914565155,0
382786.355326816,837.491194947452,0
382744.303219742,750.933504165251,0
382706.889799028,662.271383697871,0
382674.22008789,571.754278014913,0
382646.385533308,479.635763957123,0
382623.463981698,386.173325800528,0
382605.519672657,291.628566822083,0
