384715.709751816,-1790.4789757515,0
384810.001134354,-1771.26695058527,0
384903.144268088,-1747.09268155623,0
384994.877759177,-1718.02409545302,0
385084.944388569,-1684.14281456671,0
385173.092254861,-1645.54359578981,0
385259.074882481,-1602.33420118295,0
385342.65099784,-1554.63585180528,0
385423.585976633,-1502.58265722053,0
385501.653362028,-1446.32030164042,0
385576.634913791,-1386.00597702892,0
385648.32064442,-1321.80832334896,0
385716.509101071,-1253.90801172198,0
385781.009247818,-1182.49542466172,0
385841.640757583,-1107.77019755115,0
385898.23404956,-1029.94103244783,0
385950.630285013,-949.226258538987,0
385998.68238424,-865.852898821275,0
386042.25589699,-780.054372202907,0
386081.229023811,-692.070419518309,0
386115.492600572,-602.146915450233,0
386144.950416359,-510.536589782175,0
386169.519955695,-417.496681209595,0
386189.13252501,-323.287456062074,0
386203.73324249,-228.172171037301,0
386213.281047319,-132.417074507885,0
386217.749293114,-36.2914349397108,0
386217.125571501,59.9353665385761,0
386211.411625448,155.994314948746,0
386200.623274499,251.616882450782,0
386184.790807044,346.534666188997,0
386163.958873274,440.481162695926,0
386138.185809591,533.193519775791,0
386107.543595827,624.41259674121,0
386072.117860842,713.882972812265,0
386032.008382156,801.353202544635,0
385987.327637344,886.578260325347,0
385938.200533652,969.319898199293,0
385884.764252578,1049.34674207321,0
385827.168868678,1126.43411711095,0
385765.576237552,1200.36572150582,0
385700.158698006,1270.93476549621,0
385631.099010436,1337.94399809224,0
385558.590325468,1401.20572679934,0
385482.836709795,1460.54221759202,0
385404.050529998,1515.78729140797,0
385322.452003318,1566.78653431945,0
385238.269039963,1613.39730785307,0
385151.737729709,1655.48881084909,0
385063.101395306,1692.94295889171,0
384972.608168743,1725.65498367633,0
384880.510895079,1753.53344817638,0
384787.066963965,1776.50021093465,0
384692.538933857,1794.49082103279,0
384597.192117805,1807.45495805801,0
384501.293179029,1815.35638461538,0
384405.110080533,1818.17292527402,0
384308.912155427,1815.89651751089,0
384212.96981002,1808.53374574841,0
384117.551772509,1796.105307554,0
384022.924752675,1778.6459082733,0
383929.353312252,1756.2041588177,0
383837.10020566,1728.84310664137,0
383746.424286995,1696.63967288985,0
383657.579176355,1659.68393118413,0
383570.813206966,1618.0790478321,0
383486.369489565,1571.94140518885,0
383404.485291389,1521.40083780245,0
383325.389901352,1466.59892683408,0
383249.304430127,1407.68880485443,0
383176.441717233,1344.83495891559,0
383107.006427217,1278.21400148502,0
383041.193334429,1208.01300893881,0
382979.186518189,1134.42832175689,0
382921.159346134,1057.66547282176,0
382867.27446191,977.939199617241,0
382817.683271258,895.473890825069,0
382772.52467399,810.500695439462,0
382731.92492884,723.257098901234,0
382695.997661669,633.98680225097,0
382664.843755746,542.940123356242,0
382638.550598526,450.373065000644,0
382617.191764607,356.544799368232,0
382600.827011548,261.717541522504,0
382589.502332785,166.156390795762,0
382583.249495344,70.129870707345,0
382582.085912456,-26.0925316955376,0
382586.014845227,-122.241677185006,0
382595.025437429,-218.048834960851,0
382609.092609225,-313.245564842019,0
382628.176645093,-407.564295250251,0
382652.224042179,-500.740874877794,0
382681.167619834,-592.514816470087,0
382714.926649395,-682.62942878284,0
382753.406211063,-770.831541771926,0
382796.498218246,-856.873734725488,0
382844.082144246,-940.515350761891,0
382896.025105158,-1021.52255065132,0
382952.181637359,-1099.66822556516,0
383012.393725853,-1174.7328275449,0
383076.492713324,-1246.50619503285,0
383144.299456696,-1314.7876769151,0
383215.624563108,-1379.38621061681,0
383290.267513634,-1440.12031550307,0
383368.018694729,-1496.81965908905,0
383448.660626088,-1549.32566851298,0
383531.968016248,-1597.49153583072,0
383617.707773595,-1641.18222957832,0
383705.638609169,-1680.27504692116,0
383795.514022797,-1714.66052562463,0
383887.082785492,-1744.24253425098,0
383980.089051258,-1768.93825025744,0
384074.27197985,-1788.67831775299,0
384169.366822771,-1803.40746355333,0
384265.107354262,-1813.08451122015,0
384361.225987245,-1817.68237062355,0
384457.453927041,-1817.18796692819,0
384553.520723692,-1811.60280045605,0
384649.156913055,-1800.94267290789,0
384744.095038865,-1785.23740042906,0
384838.069730935,-1764.53075423665,0
384930.817512685,-1738.88068222414,0
385022.077803069,-1708.3594474727,0
385111.595122998,-1673.05254940414,0
385199.119229428,-1633.05863992611,0
385284.405228608,-1588.48938478092,0
385367.213452774,-1539.4701825923,0
385447.311745336,-1486.13860573882,0
385524.476123072,-1428.64378665094,0
385598.490834387,-1367.14629718799,0
385669.148264902,-1301.81851938858,0
385736.249974755,-1232.84421542797,0
385799.608154868,-1160.41652218472,0
385859.045689269,-1084.73784697376,0
385914.396211182,-1006.01958863761,0
385965.50421248,-924.483135929518,0
386012.226403422,-840.35744198774,0
386054.432133967,-753.87780448798,0
386092.003392521,-665.285829360585,0
386124.834810684,-574.82940011807,0
386152.8342421,-482.763020174522,0
386175.923322368,-389.344802012728,0
386194.037503668,-294.835908413579,0
386207.126020087,-199.500445423193,0
386215.152091319,-103.605813257164,0
386218.093377488,-7.42149880498718,0
386215.941712094,88.7832508117586,0
386208.703077806,184.739535405633,0
386196.397527451,280.178932694556,0
386179.059801188,374.833194505366,0
386156.738653201,468.436925844728,0
386129.496516074,560.728388621509,0
386097.409415464,651.449589165472,0
386060.567302206,740.346062338909,0
386019.073871459,827.168149214552,0
385973.045316847,911.672875730233,0
385922.61025885,993.62403423076,0
385867.909622608,1072.79226242086,0
385809.097342145,1148.95509682365,0
385746.338400457,1221.89910753482,0
385679.808269372,1291.42036674061,0
385609.692760524,1357.32449881655,0
385536.188477607,1419.42662055322,0
385459.50215606,1477.55238356262,0
385379.848494492,1531.53915065515,0
385297.450063717,1581.23603567196,0
385212.537061901,1626.50391867349,0
385125.348198402,1667.21567467211,0
385036.12826363,1703.25721591055,0
384945.12678506,1734.52777752503,0
384852.597992393,1760.93991199964,0
384758.800806776,1782.41949361734,0
384663.999017949,1798.90631761342,0
384568.458311828,1810.35428993104,0
384472.44574766,1816.73139713136,0
384376.229903067,1818.01973235742,0
