383490.95,1574.52078662049,0
383408.915961213,1524.21784035442,0
383329.658044245,1469.644611022,0
383253.398670334,1410.95435648844,0
383180.351667328,1348.31180269175,0
383110.721331218,1281.89215237993,0
383044.702372965,1211.88093513103,0
382982.479979467,1138.47439964879,0
382924.228874335,1061.87902455538,0
382870.112082992,982.309283545991,0
382820.280883326,899.98753574483,0
382774.874789636,815.14378168832,0
382734.021335198,728.016538066013,0
382697.835030465,638.850468160794,0
382666.417063209,547.894988077613,0
382639.855303548,455.404234224375,0
382618.224302311,361.637038636054,0
382601.584696012,266.857144361937,0
382589.983006014,171.330227560349,0
382583.451668831,75.3233507314173,0
382582.009088438,-20.8951510541681,0
382585.65934969,-117.055307012924,0
382594.391997328,-212.886998908705,0
382608.18253716,-308.122031920886,0
382626.992469126,-402.494213986947,0
382650.769341581,-495.739431033217,0
382679.446141231,-587.595596316134,0
382712.942376362,-677.805283532981,0
382751.164390923,-766.116278394727,0
382794.00548334,-852.281674321184,0
382841.345428647,-936.059655007998,0
382893.051106105,-1017.21504030508,0
382948.977795673,-1095.52077744605,0
383008.969239417,-1170.75798609018,0
383072.857712936,-1242.71599828792,0
383140.46341728,-1311.19261694313,0
383211.596787508,-1375.99601301848,0
383286.05897311,-1436.94503380714,0
383363.642018152,-1493.869239681,0
383444.128327147,-1546.60889563817,0
383527.291526781,-1595.0159702526,0
383612.898797644,-1638.95503303022,0
383700.710956662,-1678.30327859775,0
383790.482644139,-1712.95051152308,0
383881.961606433,-1742.79945069067,0
383974.890989038,-1767.76648361277,0
384069.010860136,-1787.78180364605,0
384164.058246196,-1802.78940077562,0
384259.767142762,-1812.74706506528,0
384355.868442738,-1817.62698024042,0
384452.09284976,-1817.41556616278,0
384548.171380715,-1812.11339027863,0
384643.835484349,-1801.73509497574,0
384738.816683431,-1786.30977647425,0
384832.848299996,-1765.88090977315,0
384925.667248824,-1740.50566833037,0
385017.014099841,-1710.25488167822,0
385106.633095406,-1675.21303114656,0
385194.272367914,-1635.47876975375,0
385279.686398736,-1591.16348759562,0
385362.636395407,-1542.39102989732,0
385442.890386897,-1489.29754515353,0
385520.223047496,-1432.03209061566,0
385594.417346308,-1370.75556880166,0
385665.265718761,-1305.63940760835,0
385732.570094278,-1236.86549954471,0
385796.141920291,-1164.62615934976,0
385855.802543058,-1089.12467619525,0
385911.384821653,-1010.57270697038,0
385962.73334834,-929.189811738573,0
386009.704459943,-845.203297405549,0
386052.166297149,-758.848695068627,0
386089.99968171,-670.368852947444,0
386123.098734641,-580.011490826897,0
386151.370892721,-488.029099000099,0
386174.736874305,-394.678770022703,0
386193.131066816,-300.222823152582,0
386206.501983449,-204.926423465633,0
386214.812221384,-109.056142228868,0
386218.038441985,-12.8799081850631,0
386216.171415315,83.3329347363257,0
386209.216563779,179.311881986609,0
386197.193440754,274.78803985003,0
386180.135621548,369.494483578657,0
386158.090602937,463.166386154655,0
386131.120322128,555.540678008672,0
386099.300629805,646.358103738963,0
386062.720554132,735.364598467042,0
386021.482242877,822.311340302821,0
385975.701070926,906.954695288419,0
385925.505910043,989.056798501747,0
385871.037421151,1068.38771582738,0
385812.447847738,1144.72565739718,0
385749.900821611,1217.85706971307,0
385683.572118632,1287.57653384007,0
385613.648050751,1353.6884633408,0
385540.324231846,1416.00793983284,0
385463.805509178,1474.36072947318,0
385384.305957724,1528.58329655019,0
385302.049363556,1578.52329759353,0
385217.266334723,1624.04086816287,0
385130.193858718,1665.00876597391,0
385041.075183271,1701.31236316995,0
384950.160205669,1732.84974869789,0
384857.704585985,1759.53248154221,0
384763.967207159,1781.28592284572,0
384669.210041376,1798.04924086441,0
384573.697992476,1809.77535825422,0
384477.699436964,1816.43140328863,0
384381.48379802,1817.99885805889,0
384285.320199298,1814.47335711121,0
384189.47740611,1805.8646541379,0
384094.22393401,1792.19671827442,0
383999.827511745,1773.50816153372,0
383906.552508437,1749.85139894118,0
383814.659676956,1721.29253454722,0
383724.406023321,1687.91123325637,0
383636.045086231,1649.8013536218,0
383549.824732954,1607.06996023809,0
383465.986112526,1559.83658098307,0
383384.763603074,1508.23312680375,0
383306.384895094,1452.40410086976,0
383231.070188767,1392.50660372152,0
383159.030344814,1328.70842050575,0
383090.466753232,1261.18785688574,0
383025.571255272,1190.13350609795,0
382964.52615639,1115.74511474978,0
382907.502663557,1038.2315932753,0
382854.660254699,957.809764343502,0
382806.146673243,874.704308742204,0
382762.097916261,789.147744735646,0
382722.637691812,701.380852172874,0
382687.876489624,611.649684732677,0
382657.911486345,520.205075501532,0
382632.826566579,427.302526748973,0
382612.692171153,333.202578564834,0
382597.564674495,238.169761551158,0
382587.486358695,142.470140639253,0
382582.485423803,46.3711932490298,0
382582.576058996,-49.8583461397178,0
382587.757889976,-145.948029673938,0
382598.016229487,-241.6283145535,0
382613.322368685,-336.63161774597,0
382633.633634505,-430.692392196002,0
382658.893180418,-523.546942787616,0
382689.029822278,-614.934386784591,0
382723.95911802,-704.598890370921,0
382763.583455186,-792.28981084305,0
382807.792193411,-877.7618131567,0
382856.46094397,-960.77472931073,0
382909.453099241,-1041.09583644759,0
382966.620465813,-1118.50054564026,0
383027.803381605,-1192.77245892921,0
383092.830362856,-1263.70327646806,0
383161.518488863,-1331.09380743851,0
383233.675422452,-1394.75545274013,0
383309.099520951,-1454.51027215658,0
383387.580113759,-1510.19104058536,0
383468.896512749,-1561.64134668972,0
383552.820391514,-1608.71695426673,0
383639.11703474,-1651.28623975885,0
383727.54537297,-1689.23019118862,0
383817.858022026,-1722.44241096193,0
383909.800914155,-1750.82968673417,0
384003.116306559,-1774.31256797508,0
384097.543354566,-1792.82540396478,0
384192.818216859,-1806.31631011992,0
384288.673710704,-1814.74736393246,0
384384.840482851,-1818.09507084284,0
384481.049358492,-1816.35010655847,0
384577.031453125,-1809.51729264968,0
384672.518306269,-1797.61551635361,0
384767.241562528,-1780.67834535649,0
384860.935639994,-1758.75337731415,0
384953.338556656,-1731.90189930376,0
385044.191831882,-1700.19894313395,0
