385792.745402035,-1168.6521531711,0
385852.627581384,-1093.32556398765,0
385908.440580405,-1014.93571256906,0
385960.027799665,-933.702705864533,0
386007.244634662,-849.854506803156,0
386049.959034753,-763.625629478216,0
386088.051501406,-675.257015424742,0
386121.415148936,-584.996322722225,0
386149.956396008,-493.097360848961,0
386173.595394086,-399.817473847619,0
386192.266040082,-305.417370196248,0
386205.915925432,-210.160954590033,0
386214.506777656,-114.315890001736,0
386218.014650456,-18.1511633236313,0
386216.429753494,78.064246666617,0
386209.75641926,174.06143037233,0
386198.01320353,269.57142941885,0
386181.233314978,364.32579334566,0
386159.463827536,458.059157295117,0
386132.765575381,550.509491631256,0
386101.213027421,641.418235107006,0
386064.894917655,730.530006274558,0
386023.913285936,817.594843943313,0
385978.38276983,902.369248441564,0
385928.430524122,984.61623664084,0
385874.196438931,1064.1052496818,0
385815.833128181,1140.61298419401,0
385753.504073402,1213.92525811978,0
385687.3834703,1283.83713853963,0
385617.65599813,1350.15302425213,0
385544.517687219,1412.6866253129,0
385468.173904282,1471.26258379743,0
385388.838177339,1525.71709645069,0
385306.73213147,1575.89792239845,0
385222.085503416,1621.66439470562,0
385135.136504186,1662.88798331808,0
385046.128848378,1699.45326835778,0
384955.311311,1731.25803393444,0
384862.937612315,1758.21324830431,0
384769.266812929,1780.24321828546,0
384674.562209631,1797.28623423731,0
384579.088914219,1809.29463896261,0
384483.113742634,1816.23482033466,0
384386.905059847,1818.08714375942,0
384290.733246075,1814.84650099421,0
384194.868056442,1806.52210593701,0
384099.577575424,1793.13722785579,0
384005.128139838,1774.72913581158,0
383911.784528637,1751.3493060595,0
383819.809001065,1723.06360408766,0
383729.459041922,1689.9512524554,0
383640.987218259,1652.10474652259,0
383554.641061684,1609.62971716647,0
383470.663217649,1562.64564424752,0
383389.289138198,1511.28437512162,0
383310.74638543,1455.68951080858,0
383235.254571762,1396.0162898638,0
383163.025460349,1332.43194843079,0
383094.26192651,1265.11532485694,0
383029.156452615,1194.25489554988,0
382967.891061692,1120.04866982943,0
382910.637255647,1042.70392059608,0
382857.555919998,962.438164985954,0
382808.795905104,879.476757526517,0
382764.493589145,794.051723728682,0
382724.772878523,706.401715477352,0
382689.745197671,616.772006908219,0
382659.508899629,525.414787550307,0
382634.148647658,432.58615963969,0
382613.73537152,338.5456324725,0
382598.326300919,243.556009803838,0
382587.964754612,147.883767584266,0
382582.67966533,51.7977789282193,0
382582.485791127,-44.4329755479679,0
382587.383735419,-140.539504806642,0
382597.3600193,-236.252935435892,0
382612.386468604,-331.304208332067,0
382632.420833324,-425.426790149443,0
382657.40709493,-518.357461922592,0
382687.275550041,-609.836409267126,0
382721.942475746,-699.606995612787,0
382761.310297886,-787.417070780998,0
382805.26877934,-873.020859990031,0
382853.695088294,-956.179044575669,0
382906.453908744,-1036.65883858738,0
382963.39675593,-1114.23404997548,0
383024.363887075,-1188.68725894011,0
383089.184828859,-1259.81028185102,0
383157.678528359,-1327.40422625041,0
383229.652877363,-1391.27941992961,0
383304.905438479,-1451.25651172377,0
383383.225516852,-1507.16766050704,0
383464.394238533,-1558.85657151851,0
383548.184809217,-1606.17852049341,0
383634.361580147,-1649.00057959307,0
383722.682599121,-1687.20273105353,0
383812.900834588,-1720.67815768795,0
383904.764215393,-1749.33323746533,0
383998.015619897,-1773.08755415517,0
384092.392737163,-1791.87450536168,0
384187.631043678,-1805.64155224321,0
384283.464293562,-1814.35020237338,0
384379.624636542,-1817.97595836714,0
384475.842231815,-1816.5086126723,0
384571.846807233,-1809.9524821278,0
384667.369691328,-1798.32596057427,0
384762.143886781,-1781.6614888958,0
384855.90413681,-1760.00551046115,0
384948.386893108,-1733.41907120461,0
385039.332973425,-1701.97678934291,0
385128.488096086,-1665.76656662017,0
385215.60297924,-1624.88947075148,0
385300.433110812,-1579.46022091645,0
385382.740348398,-1529.6065561524,0
385462.294402563,-1475.46800307499,0
385538.872881748,-1417.19581528613,0
385612.261324491,-1354.95292610792,0
385682.253489394,-1288.91450934069,0
385748.653288252,-1219.26572244025,0
385811.275081695,-1146.20126855886,0
385869.94372191,-1069.92521036462,0
385924.494536401,-990.651549437174,0
385974.774396556,-908.603228521431,0
386020.642617844,-824.009937662791,0
386061.970979819,-737.108051416416,0
386098.643716596,-648.140424354072,0
386130.557840739,-557.357162050636,0
386157.623942383,-465.013139421876,0
386179.76633962,-371.366653667114,0
386196.923067534,-276.67938216325,0
386209.045899801,-181.216414736422,0
386216.100945402,-85.2462111964058,0
386218.068535852,10.9623020660824,0
386214.943158022,107.140165503182,0
386206.733381119,203.018511841463,0
386193.462257217,298.328183732187,0
386175.167230748,392.801581880941,0
386151.899526678,486.174380067931,0
386123.724109573,578.185583612747,0
386090.71970389,668.577524813523,0
386052.979274317,757.096153997864,0
386010.608645891,843.493505950773,0
385963.72625907,927.528042662144,0
385912.46301601,1008.96475456833,0
385856.962908687,1087.57497353174,0
385797.381889565,1163.13812186893,0
385733.886659175,1235.44283507173,0
385666.654601155,1304.28699058375,0
385595.873793726,1369.4777170479,0
385521.743440863,1430.83184414661,0
385444.471331309,1488.17753725997,0
385364.273448384,1541.35449324868,0
385281.37379032,1590.21395760815,0
385196.004939561,1634.61878399508,0
385108.406935052,1674.44438123292,0
385018.824980819,1709.57933546715,0
384927.509378596,1739.92542257761,0
384834.715353059,1765.39757664652,0
384740.703706307,1785.92429618735,0
384645.738295307,1801.44813227673,0
384550.084720415,1811.92567676118,0
384454.010272485,1817.32754131107,0
384357.784021528,1817.63841662068,0
384261.676481676,1812.8576094382,0
384165.956857576,1802.99857765998,0
384070.892720771,1788.08883914327,0
383976.749877369,1768.16987302234,0
383883.792722079,1743.29764819906,0
383792.282104712,1713.54210037543,0
383702.474000684,1678.98645780456,0
383614.619456509,1639.7271824167,0
383528.964663004,1595.87410064423,0
383445.750312183,1547.55063259366,0
383365.209434656,1494.89215575789,0
383287.56720247,1438.04582260483,0
383213.041075591,1377.17075163791,0
