384084.290248184,1790.4789757515,0
383989.998865924,1771.26695046793,0
383896.855732998,1747.09268104564,0
383805.122243196,1718.02409421118,0
383715.055615513,1684.14281219423,0
383626.907751288,1645.54359182713,0
383540.925126027,1602.33419511196,0
383457.349013245,1554.63584305219,0
383376.414037176,1502.58264515894,0
383298.346654581,1446.320285598,0
383223.365105623,1386.00595629408,0
383151.679377738,1321.8082971805,0
383083.490923707,1253.90797935893,0
383018.990779397,1182.49538533592,0
382958.35927183,1107.77015050155,0
382901.765981759,1029.94097693445,0
382849.369747871,949.226193860945,0
382801.317649821,865.852824332884,0
382757.74413781,780.05428732838,0
382718.771011238,692.070323766747,0
382684.507434184,602.14680843079,0
382655.049617499,510.53647121559,0
382630.480076597,417.496550937146,0
382610.867504973,323.287314051245,0
382596.266784361,228.172017386644,0
382586.718975481,132.416909448807,0
382582.25072462,36.2912588284853,0
382582.874440043,-59.9355532347087,0
382588.588378665,-155.994511663144,0
382599.376720825,-251.617088531622,0
382615.209178008,-346.534880917947,0
382636.041099899,-440.481385321241,0
382661.814149983,-533.19374954016,0
382692.456348314,-624.412832909239,0
382727.882065933,-713.883214698715,0
382767.991525232,-801.353449550692,0
382812.672248576,-886.578511971939,0
382861.799328678,-969.320154157039,0
382915.235584024,-1049.34700219126,0
382972.830940073,-1126.43438144383,0
383034.423541274,-1200.36599033746,0
383099.841048906,-1270.93503935724,0
383168.90070269,-1337.94427777672,0
383241.409352156,-1401.206013375,0
383317.162930805,-1460.54251240457,0
383395.94907228,-1515.78759607721,0
383477.547559598,-1566.78685073406,0
383561.73048284,-1613.39763816352,0
383648.261752551,-1655.48915744996,0
383736.898046323,-1692.94332439877,0
383827.391232523,-1725.65537090082,0
383919.488466462,-1753.53386009919,0
384012.932358868,-1776.50065067804,0
384107.460351675,-1794.49129182354,0
384202.807132221,-1807.45546319222,0
384298.706037663,-1815.35692742408,0
384394.889105363,-1818.17350908823,0
384491.087002558,-1815.89714562725,0
384587.029323278,-1808.53442138934,0
384682.447339644,-1796.1060338341,0
384777.074342162,-1778.64668816841,0
384870.645769353,-1756.20499513378,0
384962.89886702,-1728.84400198845,0
385053.574781275,-1696.6406296439,0
385142.419892194,-1659.68495146447,0
385229.185866682,-1618.08013347775,0
385313.629594094,-1571.94255774565,0
385395.513807265,-1521.4020584886,0
385474.609217324,-1466.60021651821,0
385550.6947136,-1407.69016404256,0
385623.557456539,-1344.83638773731,0
385692.992781522,-1278.21549968752,0
385758.805914111,-1208.01457585024,0
385820.812774857,-1134.42995628262,0
385878.839995957,-1057.66717343822,0
385932.72493356,-977.940964384912,0
385982.316181694,-895.475717359849,0
386027.47484029,-810.502580905458,0
386068.074650311,-723.25904002473,0
386104.00198556,-633.988795330886,0
386135.155962399,-542.94216429809,0
386161.449192975,-450.375149296817,0
386182.808102265,-356.546922122535,0
386199.172932246,-261.719697486098,0
386210.497688997,-166.158574405841,0
386216.750604982,-70.132076133797,0
386217.914266443,26.0903105330624,0
386213.985411728,122.239446559202,0
386204.97489651,218.046601279763,0
386190.907800068,313.243334577579,0
386171.823837366,407.562074897005,0
386147.776510708,500.738670891814,0
386118.833000207,592.512635197044,0
386085.074034012,682.627276387082,0
386046.594531445,770.829424166539,0
386003.502578646,856.87165753065,0
385955.918701906,940.513319237962,0
385903.975784769,1021.52056963459,0
385847.819290569,1099.66629940345,0
385787.607234053,1174.73096007223,0
385723.508272349,1246.50438953443,0
385655.701548413,1314.78593608559,0
385584.376455057,1379.38453652654,0
385509.733511249,1440.1187095809,0
385431.982330599,1496.8181221364,0
385351.340393553,1549.32420069931,0
385268.03299178,1597.49013669027,0
385182.293217192,1641.18089801998,0
385094.362359084,1680.27378126669,0
385004.486917985,1714.65932364506,0
384912.918123288,1744.24139319867,0
384819.911821443,1768.93716689878,0
384725.728853205,1788.67728842209,0
384630.633967574,1803.40648420686,0
384534.893390818,1813.0835774891,0
384438.774710542,1817.68147786576,0
384342.546721961,1817.18711028301,0
384246.47987557,1811.6019749103,0
384150.843636025,1800.9418733478,0
384055.905460083,1785.23662169459,0
383961.930718408,1764.52999117523,0
383869.182888034,1738.87992974617,0
383777.922550429,1708.35870060371,0
383688.405185069,1673.05180332923,0
383600.881035345,1633.05789003424,0
383515.594995316,1588.48862670637,0
383432.786733016,1539.46941225686,0
383352.688405263,1486.13781938803,0
383275.52399546,1428.64298088341,0
383201.509255337,1367.14546898435,0
383130.851799357,1301.81766613324,0
383063.750067428,1232.84333493997,0
383000.391868626,1160.41561273102,0
382940.954318868,1084.7369072802,0
382885.603784824,1006.01861789361,0
382834.495774474,924.482133794617,0
382787.773577369,840.356408602302,0
382745.567843307,753.876740457304,0
382707.996583596,665.284735741013,0
382675.165166302,574.828278386978,0
382647.165737414,482.761872219599,0
382624.076660926,389.343630108178,0
382605.96248422,294.834715175169,0
382592.873972732,199.499233763135,0
382584.847906273,103.604586322667,0
382581.906624203,7.42025994355227,0
382584.058292496,-88.784498116388,0
382591.296927945,-184.740787602431,0
382603.60247719,-280.180186240865,0
382620.94019955,-374.834445934774,0
382643.261340336,-468.438171827723,0
382670.503466485,-560.72962604566,0
382702.590551894,-651.450815213563,0
382739.432645337,-740.347274570575,0
382780.926051305,-827.169345612297,0
382826.954575887,-911.674054762897,0
382877.389598379,-993.625194919821,0
382932.090193504,-1072.79340440399,0
382990.902427178,-1148.95622038742,0
383053.661316414,-1221.90021363097,0
383120.191389479,-1291.42145701834,0
383190.306834927,-1357.32557564967,0
383263.811049374,-1419.42768705138,0
383340.497297732,-1477.55344353582,0
383420.150881823,-1531.54020859373,0
383502.54923136,-1581.23709673095,0
383587.46214878,-1626.50498864543,0
383674.650925443,-1667.21675992776,0
383763.870771646,-1703.25832332502,0
383854.872160677,-1734.52891441653,0
383947.400863655,-1760.94108606853,0
384041.197960319,-1782.42071286783,0
384135.999661823,-1798.90759025612,0
384231.540283129,-1810.35562429896,0
384327.552765879,-1816.73280159413,0
384423.768533345,-1818.02121523262,0
