385309.05,1574.52078662049,0
385224.469400463,1620.41284578259,0
385137.57879496,1661.7655086445,0
385048.622107314,1698.46277891926,0
384957.848887666,1730.40183608859,0
384865.513008725,1757.49334928128,0
384771.872524107,1779.66145085045,0
384677.190047436,1796.84389562409,0
384581.731625135,1808.99259429963,0
384485.76444382,1816.07358273139,0
384389.556731051,1818.06700876648,0
384293.377635431,1814.96707660945,0
384197.497526706,1806.78264196702,0
384102.185206904,1793.53675628039,0
384007.707184487,1775.26644207392,0
383914.327574351,1752.02261239741,0
383822.308366358,1723.87041995421,0
383731.907990755,1690.88911098161,0
383643.379438748,1653.17101817905,0
383556.970188079,1610.82150305728,0
383472.922142776,1563.9588856312,0
383391.471525203,1512.7150623475,0
383312.846583395,1457.23374669432,0
383237.267158072,1397.67004330866,0
383164.944612666,1334.19029236702,0
383096.081940947,1266.97261187946,0
383030.872471177,1196.2059877759,0
382969.49867173,1122.08849560141,0
382912.132123493,1044.82724251629,0
382858.933475345,964.638122262626,0
382810.05221482,881.74679067758,0
382765.625337909,796.385877695441,0
382725.777065696,708.794080242742,0
382690.618848291,619.216105267587,0
382660.249338534,527.902756819151,0
382634.753746042,435.110940442084,0
382614.203411511,341.100704175768,0
382598.655794181,246.134844266011,0
382588.154516271,150.478780320929,0
382582.729075939,54.4009834582152,0
382582.394512888,-41.8286438379894,0
382587.151711962,-137.940795153179,0
382596.987425642,-233.666827458213,0
382611.874315338,-328.738832329668,0
382631.770350372,-422.889552405703,0
382656.619644968,-515.855110832739,0
382686.352714401,-607.375577739797,0
382720.886581041,-697.195073214477,0
382760.124322284,-785.061512676158,0
382803.955563016,-870.728219167611,0
382852.257607541,-953.955506917236,0
382904.895498493,-1034.51073277546,0
382961.722053573,-1112.16832671152,0
383022.577323659,-1186.71006450623,0
383087.290676048,-1257.92713293516,0
383155.68119769,-1325.62044708446,0
383227.557877514,-1389.60070616083,0
383302.719001992,-1449.6883422927,0
383380.953248564,-1505.71471941912,0
383462.04164529,-1557.52310933557,0
383545.757618442,-1604.96870947338,0
383631.867220774,-1647.91865186188,0
383720.128269156,-1686.25232286664,0
383810.29307362,-1719.86234019327,0
383902.109504095,-1748.65474824205,0
383995.321046083,-1772.54900739099,0
384089.66670471,-1791.47803327985,0
384184.8811673,-1805.38881450803,0
384280.697691153,-1814.2424794955,0
384376.848464504,-1818.01426513338,0
384473.064738506,-1816.69345142022,0
384569.076403063,-1810.2837550348,0
384664.613920894,-1798.80334367234,0
384759.410026465,-1782.28435930259,0
384853.199782874,-1760.77288269642,0
384945.720565896,-1734.32896234457,0
385036.712354226,-1703.02709898637,0
385125.920274369,-1666.9550505427,0
385213.094947401,-1626.21361996801,0
385297.992598429,-1580.9165127013,0
385380.374835498,-1531.19095046988,0
385460.010506689,-1477.17663089171,0
385536.676858832,-1419.02464573403,0
385610.159572716,-1356.8974128493,0
385680.252753683,-1290.96874273759,0
385746.759447432,-1221.42415069297,0
385809.493392051,-1148.4585108538,0
385868.279205627,-1072.27574241643,0
385922.95242561,-993.088587301014,0
385973.359534139,-911.119331187376,0
386019.359071751,-826.598410315283,0
386060.822341361,-739.762361240027,0
386097.633416538,-650.853788464497,0
386129.689122854,-560.12117685624,0
386156.899434525,-467.81961804418,0
386179.188132446,-374.208167230717,0
386196.49287577,-279.548631047588,0
386208.765185179,-184.105514979415,0
386215.970494236,-88.1461115147531,0
386218.088722249,8.05976590202682,0
386215.114001813,104.242600053602,0
386207.054607231,200.133513911057,0
386193.932868879,295.464403466637,0
386175.785651837,389.967555013012,0
386152.664042022,483.377718404563,0
386124.632729786,575.43357676103,0
386091.769960283,665.877801687002,0
386054.167624012,754.456996628611,0
386011.931591889,840.922224853836,0
385965.180227365,925.031323026597,0
385914.044192181,1006.54914450477,0
385858.666271909,1085.24766337542,0
385799.202091495,1160.90582208281,0
385735.818666732,1233.31137241123,0
385668.693299612,1302.26179096671,0
385598.013501793,1367.5643052605,0
385523.977073538,1429.03589037015,0
385446.792383956,1486.5038277,0
385366.675745336,1539.80717896655,0
385283.851081326,1588.79693068284,0
385198.549752984,1633.33600107913,0
385111.011140057,1673.29934245611,0
385021.481339774,1708.57484836335,0
384930.210950701,1739.06383358187,0
384837.455015563,1764.68104138051,0
384743.472849994,1785.35460505046,0
384648.528655734,1801.02651769284,0
384552.888835593,1811.65295151279,0
384456.820864443,1817.20419088949,0
384360.593221408,1817.66460117669,0
384264.475548237,1813.03274327729,0
384168.738016872,1803.32182468838,0
384073.648736062,1788.55910144458,0
383979.473523812,1768.78580091154,0
383886.475767946,1744.05700871668,0
383794.916750043,1714.44228263737,0
383705.053304448,1680.02483471756,0
383617.136769594,1640.90092634605,0
383531.412926061,1597.17979055264,0
383448.12211489,1548.98386534018,0
383367.498338029,1496.44877501838,0
383289.767314246,1439.72166335937,0
383215.146354515,1378.96106440788,0
383143.844266441,1314.33669134576,0
383076.061397253,1246.03028112572,0
383011.987824049,1174.23358784321,0
382951.802739754,1099.14741197146,0
382895.674433449,1020.98150113665,0
382843.760287345,939.954684806053,0
382796.206137032,856.295041832876,0
382753.14513317,770.237030208018,0
382714.697651511,682.021175284009,0
382680.971305819,591.893937938189,0
382652.060795705,500.108187434119,0
382628.047163866,406.921967531041,0
382608.997571879,312.596155314094,0
382594.965299958,217.394375812862,0
382585.989803399,121.582842224026,0
382582.096190495,25.4308726743618,0
382583.295230816,-70.7917745092793,0
382589.583550688,-166.815985319335,0
382600.943679082,-262.373364494177,0
382617.343877108,-357.196053734902,0
382638.737844342,-451.017585015821,0
382665.065599929,-543.57526853173,0
382696.253565331,-634.610362808443,0
382732.214696689,-723.868204511357,0
382772.847796942,-811.097986172702,0
382818.038762991,-896.055114225278,0
382867.661196005,-978.502015566172,0
382921.576504314,-1058.20820031634,0
382979.633583635,-1134.95014599267,0
383041.669093218,-1208.51232028837,0
383107.509303818,-1278.68883836682,0
383176.970204587,-1345.28354283741,0
383249.857247024,-1408.10987800113,0
