386080.264375227,609.239024183181,53.3015079936246
386044.612565093,699.147355671216,61.1900088466705
386004.116817593,786.9968889304,68.897276283751
385958.896707911,872.528442806302,76.4004398421593
385909.085652293,955.489917449879,83.6772563105307
385854.83009968,1035.63738944265,90.7062061597113
385796.289356534,1112.73521043151,97.4665026210275
385733.636192957,1186.55586083104,103.938080152879
385667.055688088,1256.88156109459,110.101736288935
385596.743684385,1323.50549112936,115.93923930926
385522.906690586,1386.23182587608,121.433331448189
385445.761953208,1444.87574106407,126.567730323452
385365.537710412,1499.2640340074,131.327183738058
385282.470304171,1549.23659703186,135.697599665046
385196.803808424,1594.64656172667,139.666059050843
385108.789842621,1635.36029732535,143.220815842792
385018.688242413,1671.2576104597,146.35131492118
384926.765139314,1702.23269469896,149.048275582524
384833.290925759,1728.19446700409,151.303721409469
384738.540200429,1749.06656331344,153.110979888886
384642.791738958,1764.7873398853,154.464682418098
384546.328614681,1775.31050111067,155.360819277489
384449.435048061,1780.6051338517,155.796742736568
384352.395820916,1780.65564107992,155.771161239141
384255.496144191,1775.46167087352,155.284132967195
384159.022056465,1765.038552981,154.337103424796
384063.25826948,1749.41720066234,152.932896691885
383968.486438218,1728.64355709336,151.075666644734
383874.985082521,1702.77853719279,148.770891752574
383783.029703091,1671.89818485914,146.025387770413
383692.891950495,1636.09390723776,142.847327741085
383604.837164421,1595.47114165183,139.246124566758
383519.124163901,1550.14921039674,135.232418176825
383436.005144231,1500.26118287228,130.818062432838
383355.725687774,1445.95460159134,126.016187560986
383278.522386293,1387.38962907979,120.84103697111
383204.622219312,1324.73840180033,115.307910250187
383134.242488373,1258.18486821576,109.433148508097
383067.590892372,1187.92534949723,103.234181485355
383004.864153748,1114.16748849641,96.7294347222224
382946.246807444,1037.12829853608,89.9381576419384
382891.911169967,957.034080940618,82.8804162371102
382842.017312846,874.12027907787,75.5770785031792
382796.712624602,788.632207449554,68.0498768371994
382756.130545656,700.821921289403,60.3211326827762
382720.390378844,610.947502207382,52.4136935291736
382689.597304207,519.272945703649,44.3509226707407
382663.842234837,426.068546337655,36.1567302373051
382643.201071875,331.609786728322,27.8554751512902
382627.734517246,236.174696039605,19.4717327087731
382617.488078812,140.043708998694,11.0302821039486
382612.49212099,43.4995310219346,2.55609312049974
382612.761265398,-53.1724919457472,-5.92564347581696
382618.294590043,-149.687361921806,-14.3897782675295
382629.075830005,-245.761334058037,-22.8112829164308
382645.073453543,-341.112026666593,-31.1652602427598
382666.240282533,-435.458114418831,-39.4269197531328
382692.513628595,-528.521074012797,-47.571731013172
382723.816153524,-620.027132127062,-55.5755946823131
382760.055938372,-709.707353753251,-63.4148503586844
382801.126407474,-797.297605523433,-71.0662750346031
382846.905985477,-882.539117366814,-78.5071333943991
382897.259773211,-965.180916687691,-85.7153908814332
382952.03978302,-1044.98010299183,-92.6697378148211
383011.085129974,-1121.70195420084,-99.3495993635647
383074.221237745,-1195.11986529831,-105.735131883166
383141.261767625,-1265.01742195377,-111.807403888089
383212.00959049,-1331.1891383932,-117.548460514
383286.25692721,-1393.44049606186,-122.941326965755
383363.78496506,-1451.5879194962,-127.970007685972
383444.364404647,-1505.45976843856,-132.619573226381
383527.758015504,-1554.89755765961,-136.876265934293
383613.720781708,-1599.75601132309,-140.727504671104
383702.000125583,-1639.9030632608,-144.161884932479
383792.335092846,-1675.22019851048,-147.169209738371
383884.459111127,-1705.60341092869,-149.740571744467
383978.101314361,-1730.96340315265,-151.868369980261
384072.986615661,-1751.2255693297,-153.546308267707
384168.835520484,-1766.33008358113,-154.769402970515
384265.364712289,-1776.23253326581,-155.534038033008
384362.289981794,-1780.90385336437,-155.837956974808
384459.326500187,-1780.33029185776,-155.68025963732
384556.188971106,-1774.51333041064,-155.061394746988
384652.591239314,-1763.47027146376,-153.983211107504
384748.249056722,-1747.23382212606,-152.448918746042
384842.881192455,-1725.85172209819,-150.463055227614
384936.209527592,-1699.38666224828,-148.031478227977
385027.958814311,-1667.91663492929,-145.161395240104
385117.858183319,-1631.53474796112,-141.861345655273
385205.643157177,-1590.34807214991,-138.141097597477
385291.055747796,-1544.47755652248,-134.011640318634
385373.844468363,-1494.05803688927,-129.485183620037
385453.764735505,-1439.23868672008,-124.575196105416
385530.581205365,-1380.18103270332,-119.296228572899
385604.068097508,-1317.0586108367,-113.663883394646
385674.009279068,-1250.05676047456,-107.694795585252
385740.198223673,-1179.37340769259,-101.406699598187
385802.439745423,-1105.21723680295,-94.8182669700082
385860.550828808,-1027.80630394106,-87.9489834320951
385914.360644904,-947.367941665862,-80.8191403699965
385963.710564971,-864.13888757731,-73.4498439157652
386008.454869716,-778.365368769042,-65.8630206801172
386048.461861389,-690.30003967973,-58.0811474457179
386083.613951194,-600.201637480926,-50.127220683746
386113.807637875,-508.334829747244,-42.0247424784681
386138.953778578,-414.970793589305,-33.7977683183654
386158.978312766,-320.385246508859,-25.4707335430213
386173.822362895,-224.856408206261,-17.0682737655595
386183.442220956,-128.664934935618,-8.61521902988083
386187.809365503,-32.0939275716774,-0.13659249931313
386186.91107207,64.5711734038022,8.3424007137263
386180.750072982,161.045634018055,16.7966407477833
386169.344444256,257.045911135314,25.2011355976764
386152.727512025,352.289788291986,33.5310337343528
386130.948397566,446.49602914037,41.7615965040582
386104.07149867,539.386755961009,49.8684062772081
386072.17585489,630.688823542975,57.8274866644506
386035.355066871,720.133896056952,65.6153093850976
385993.717575941,807.458289389442,73.2087826641354
385947.386555371,892.404139444789,80.5853540601633
385896.498395322,974.721486966219,87.7231918041147
385841.202583843,1054.16840167225,94.6011956260289
385781.661607655,1130.51104422146,101.199003125511
385718.051603532,1203.52387356168,107.497009774598
385650.560096337,1272.99181770888,113.476556496972
385579.38544628,1338.71068531518,119.119965199818
385504.736649036,1400.48721972129,124.410543508897
385426.834012084,1458.13908810602,129.332585814438
385345.907735981,1511.49620459992,133.87148737509
385262.195898541,1560.40164473537,138.013821947599
385175.944396242,1604.71165870213,141.747342883401
385087.406822909,1644.2956773898,145.060983827992
384996.845050854,1679.03683550254,147.944905695826
384904.52605574,1708.83285178466,150.39056922879
384810.721171941,1733.59613408441,152.390743176693
384715.705976021,1753.25375003025,153.939501516601
384619.760686002,1767.74763959969,155.032242533659
384523.168747537,1777.03518247265,155.665736352093
384426.214388076,1781.08908279658,155.838110994729
384329.182501455,1779.89734674341,155.548850219471
384232.358579199,1773.46325361642,154.798790354226
384136.02878117,1761.80597135618,153.590173918807
384040.476935782,1744.95993064775,151.926589760122
383945.98391752,1722.97460925341,149.812953040921
383852.827524212,1695.91442623852,147.255495378933
383761.282771975,1663.85927484272,144.261810847968
383671.61975789,1626.90388013421,140.840795904165
383584.102185693,1585.15691909994,137.002569455403
383498.987297772,1538.74093672921,132.758465228187
383416.52597291,1487.79256984448,128.121049991911
383336.961775829,1432.46251355048,123.104118369997
383260.528897725,1372.91366920467,117.722526444804
383187.452010609,1309.32098184676,111.99217715705
383117.946185093,1241.87124976991,105.930002221558
383052.216782926,1170.76395007141,99.5540327858497
382990.457516929,1096.20881331191,92.883182906447
382932.84996519,1018.42499427931,85.9371756451197
382879.56354659,937.64090992489,78.7365284484696
382830.755493781,854.094696190121,71.3025907365729
382786.569873061,768.033420821903,63.6574725568964
382747.136693958,679.710421940963,55.8238089194068
382712.571878528,589.38518073334,47.8247485013201
382682.97728442,497.323143146073,39.6839367818652
382658.44028013,403.796390665367,31.4255717663175
382639.033104124,309.080901532576,23.0741625292612
382624.812818629,213.455186371775,14.6544088876828
382615.821337318,117.200212229112,6.19119458060977
382612.085294424,20.5996056416748,-2.29039755450555
382613.615523457,-76.061154175161,-10.7651580775069
382620.407451174,-172.497500515904,-19.207993213596
382632.44115247,-268.426000043003,-27.5939442637901
382649.681266974,-363.564190981031,-35.8981749473878
382672.076873983,-457.631379782498,-44.0960431382496
382699.562010579,-550.350627479366,-52.1632739312211
