384710.500306486,-1754.23385482267,-153.475575470365
384805.573775571,-1734.87046207331,-151.775937267643
384899.453063551,-1710.39746652937,-149.626689723586
384991.861187698,-1680.88716107334,-147.034218268282
385082.52576871,-1646.42663981709,-144.006218091346
385171.180226206,-1607.11721271751,-140.551643053161
385257.563905148,-1563.07425413024,-136.680692024074
385341.421842566,-1514.42778413943,-132.404858399171
385422.506667668,-1461.32148960939,-127.736844291343
385500.579927283,-1403.91155691558,-122.690458114933
385575.412140505,-1342.36657029614,-117.280605505752
385646.782746486,-1276.86773548931,-111.523307112153
385714.480971999,-1207.60877771967,-105.435689069912
385778.307574566,-1134.79362734773,-99.0357798118153
385838.074964442,-1058.63622097445,-92.3424925426304
385893.607261238,-979.360221963284,-85.3755995553191
385944.740444833,-897.200015042283,-78.1558175509762
385991.323815672,-812.398088735142,-70.7045778812531
386033.220433628,-725.203764342681,-63.0439146705896
386070.30711462,-635.873130039051,-55.1964588873093
386102.474468724,-544.669168618228,-47.185447151574
386129.62761593,-451.86159708041,-39.0347067973273
386151.686685792,-357.723768961513,-30.7683836587295
386168.586836362,-262.532304054388,-22.4109093722484
386180.278204232,-166.566941575363,-13.9869876379809
386186.7263184,-70.1110412374397,-5.5216356785757
386187.912338297,26.5507485700956,2.96002039035326
386183.832809968,123.134170977135,11.4328935613354
386174.499625026,219.35543653082,19.8719427741954
386159.940158822,314.931078172821,28.2521623351512
386140.197644262,409.578745375746,36.5486523942945
386115.330279347,503.019848279327,44.7368513188403
386085.411119645,594.97978866109,52.7925560903482
386050.527970114,685.188072887714,60.691933398777
386010.784063831,773.37821445634,68.4115126542343
385966.296666398,859.290355664976,75.9284160502405
385917.196558594,942.671973432273,83.2204207040184
385863.627894572,1023.27796726423,90.265966744922
385805.748753119,1100.87050463151,97.0441455036954
385743.730165851,1175.22066402573,103.534843640272
385677.754584108,1246.10980424167,109.71886335564
385608.015787187,1313.3296084505,115.577926308449
385534.718918997,1376.68209206071,121.094675324145
385458.080824824,1435.98016275604,126.252724097822
385378.327294134,1491.04927542654,131.036801909388
385295.692664794,1541.72761618817,135.432769766595
385210.419615101,1587.86611487375,139.427621634342
385122.759886785,1629.3285977827,143.009498679919
385032.972401828,1665.99285636022,146.167782410548
384941.321245906,1697.75110862769,148.893134688631
384848.075620472,1724.50999835259,151.177497646921
384753.509790358,1746.19059111024,153.014093320147
384657.903330836,1762.72899386278,154.397478070423
384561.537949259,1774.07659554612,155.323562458261
384464.696839408,1780.20003331808,155.789608033269
384367.664553916,1781.08113312082,155.794221917588
384270.727412297,1776.71728191695,155.33738903541
384174.171529898,1767.12153507611,154.420480569234
384078.280881532,1752.32213140827,153.046210396503
383983.337218413,1732.36244488585,151.218630748504
383889.620142552,1707.30107745797,148.943139431828
383797.406509652,1677.21224746399,146.22651309239
383706.967782331,1642.18458623202,143.076800053748
383618.569746892,1602.32097100426,139.503305436064
383532.472391401,1557.7383777633,135.516577358601
383448.930031494,1508.56860781963,131.128469462451
383368.188898119,1454.95670386921,126.35200034816
383290.486351788,1397.06023259041,121.201289934362
383216.050815218,1335.04914455856,115.691546771959
383145.10187272,1269.10625602012,109.839108373977
383077.848940143,1199.4264496006,103.661369859604
383014.489863551,1126.21472685921,97.1766117566496
382955.210872106,1049.68611141027,90.4039913974229
382900.186538701,970.065483443531,83.3635267231943
382849.579417924,887.58837838077,76.0761646319787
382803.538581415,802.497953954537,68.5635135064777
382762.199372251,715.044258352641,60.8477785666286
382725.683412416,625.484114273077,52.9517513476347
382694.098490314,534.081501004473,44.8988404481779
382667.537750243,441.10658413003,36.7129854263294
382646.079328991,346.833009298855,28.4184185047654
382629.786350553,251.537750649579,20.0396511608681
382618.706974947,155.500956539489,11.6014592331832
382612.873837791,59.0064259115366,3.12892226438719
382612.304022748,-37.6613220861103,-5.35283376120829
382616.999227618,-134.218104997926,-13.8187294545436
382626.945825714,-230.380178768632,-22.2437412678242
382642.114562491,-325.863945823352,-30.602878477234
382662.460469275,-420.387461784211,-38.8713158205289
382687.923659057,-513.672626144792,-47.0245855168823
382718.429392372,-605.445293175561,-55.038587056643
382753.888065119,-695.435280240544,-62.8895895194921
382794.19471826,-783.376704039984,-70.5542625715598
382839.230562245,-869.010582970536,-78.0099036857441
382888.863259941,-952.085215051302,-85.2344712143836
382942.947098809,-1032.35628677885,-92.2065944499033
383001.322261917,-1109.58674777452,-98.9055648191253
383063.816426449,-1183.54887608307,-105.311515603004
383130.245832233,-1254.02520567308,-111.405502572353
383200.415402289,-1320.80856841519,-117.169507679253
383274.118426258,-1383.70205579759,-122.586437174003
383351.136924746,-1442.5199712941,-127.640205023417
383431.244145096,-1497.08924071486,-132.315854290464
383514.204730358,-1547.24948839634,-136.599563691375
383599.774969617,-1592.85305536152,-140.478649238667
383687.701902817,-1633.76527860821,-143.94159021223
383777.726046704,-1669.86562315565,-146.978125449538
383869.582715652,-1701.04796691957,-149.579277003008
383963.002090027,-1727.22058900658,-151.737349031789
384057.709055306,-1748.30623508595,-153.445933707474
384153.42361632,-1764.24279320952,-154.699969978979
384249.863915533,-1774.98341920215,-155.495751002331
384346.746549589,-1780.49651630232,-155.830921980636
384443.78672066,-1780.76566597104,-155.704473650854
384540.697792056,-1775.79015382984,-155.116788408349
384637.193915928,-1765.58480565366,-154.069622591069
384732.991361553,-1750.17963276398,-152.566073591004
384827.808601431,-1729.61976730547,-150.610573924215
384921.366094708,-1703.96572853381,-148.208913770374
385013.387548784,-1673.29347460354,-145.368243557269
385103.602183083,-1637.69330496159,-142.096974457845
385191.744862164,-1597.26976957356,-138.404770184958
385277.556146517,-1552.14162009737,-134.302541503509
385360.782501001,-1502.44238740057,-129.802495617865
385441.178780515,-1448.31857014917,-124.917973589287
385518.508668436,-1389.92922636858,-119.663413742
385592.544763876,-1327.44579147088,-114.05433493541
385663.068490538,-1261.0527797879,-108.107396281222
385729.871831605,-1190.94626956125,-101.840261546814
385792.758341498,-1117.3324444658,-95.2714693358469
385851.543170582,-1040.42749907572,-88.4204246219289
385906.053073757,-960.457729556668,-81.3074046352366
385956.127069092,-877.659749700023,-73.9535758476658
386001.617760779,-792.277484281496,-66.380727785699
386042.39145849,-704.561800772935,-58.6112403856069
386078.328165594,-614.770348287261,-50.6680691883552
386109.32180109,-523.168158020232,-42.5747949622002
386135.281046763,-430.025805414464,-34.3554611456142
386156.12958568,-335.617288173017,-26.034386680266
386171.806095571,-240.21996284609,-17.6361603764906
386182.264245968,-144.11450930356,-9.18563586826742
386187.473322307,-47.5850203838987,-0.707937087236692
386187.418095775,49.0841059543345,7.77181448274032
386182.098724376,145.60875312837,16.2285513868045
386171.530672862,241.705216846802,24.6372722455378
386155.745181527,337.089832627027,32.9730121455945
386134.789017128,431.481165334444,41.2110344329134
386108.723846272,524.601636736777,49.3269729582721
386077.626168915,616.177602389491,57.2968388905051
386041.587509464,705.939225729085,65.0970118668695
386000.714544794,793.621407758072,72.7043224023338
385955.127653989,878.966108649156,80.096253441757
385904.960776597,961.722525876739,87.2509558506556
385850.361277534,1041.64718359781,94.1472570365232
385791.490666657,1118.50399318121,100.764668660101
385728.52256085,1192.06653686633,107.083583518492
385661.642048903,1262.11860850855,113.085322062153
385591.045515821,1328.4542728822,118.752137538865
385516.941237598,1390.8778159708,124.067213899516
385439.548213871,1449.2050746158,129.01478036591
385359.094142233,1503.26452688771,133.580203625711
385275.815344107,1552.89731566219,137.749989788807
385189.956619081,1597.95726396736,141.511785910109
385101.771928165,1638.31134316211,144.854422660048
385011.521241998,1673.84075760409,147.768003529979
384919.469787585,1704.4410995047,150.243917065944
384825.887935089,1730.0223276624,152.274834776052
384731.051584449,1750.50893627876,153.854726662027
384635.240940503,1765.84062370199,154.978917426368
384538.737933465,1775.97233393029,155.644085011031
384441.826098175,1780.87424657018,155.848259472198
384344.790773856,1780.53184451595,155.590828868935
384247.91821384,1774.94618194927,154.87256065849
384151.493548334,1764.1337051208,153.695581758347
