382719.735624773,-609.239024183181,-53.3015079936246
382755.387434419,-699.147355469444,-61.1900088290198
382795.883180499,-786.996888093509,-68.8972762105489
382841.103287901,-872.528440864519,-76.4004396723308
382890.914340458,-955.489913906607,-83.677256000666
382945.169889313,-1035.63738378273,-90.7062056647877
383003.710628098,-1112.73520212919,-97.4665018951061
383066.36378681,-1186.55584935851,-103.93807914985
383132.944286423,-1256.88154593063,-110.101734963277
383203.256284596,-1323.50547176143,-115.939237616215
383277.093272715,-1386.23180180221,-121.433329343926
383354.238004384,-1444.8757117917,-126.567727764967
383434.462241578,-1499.26399905639,-131.327180683431
383517.529642456,-1549.2365559303,-135.697596073071
383603.196133207,-1594.64651400419,-139.666054880438
383691.210094499,-1635.36024250609,-143.220811052385
383781.311690787,-1671.25754805609,-146.351309468153
383873.234790664,-1702.23262420704,-149.048269422808
383966.70900178,-1728.19438789546,-151.303714496842
384061.459725519,-1749.06647502692,-153.110972174231
384157.208186275,-1764.78724182262,-154.464673849034
384253.671310729,-1775.31039263379,-155.360809798137
384350.564878421,-1780.60501428028,-155.796732287332
384447.604107498,-1780.65550969149,-155.771149756732
384544.50378694,-1775.46152690429,-155.284120384699
384640.977878063,-1765.03839563967,-154.337089672893
384736.741669014,-1749.41702912765,-152.932881698642
384831.513504676,-1728.64337052552,-151.075650336619
384925.014865032,-1702.77833474395,-148.770874055376
385016.970249166,-1671.89796570174,-146.025368611728
385107.108006313,-1636.09367056485,-142.847307050356
385195.162796571,-1595.47088668812,-139.246102276251
385280.875800679,-1550.14893641738,-135.232394223292
385363.99482308,-1500.26088923034,-130.818036759909
385444.274281164,-1445.95428773498,-126.016160120689
385521.477582939,-1387.38929454053,-120.841007722841
385595.377748646,-1324.73804621337,-115.307879162512
385665.757476506,-1258.18449133533,-109.433115560092
385732.409067383,-1187.92495123561,-103.234146670009
385795.135798643,-1114.1670688825,-96.7293980428205
385853.753135155,-1037.12785772337,-89.9381191127658
385908.088760229,-957.033619217216,-82.8803758843519
385957.98260216,-874.119796896441,-75.5770363675067
386003.287272282,-788.631705415115,-68.0498329727149
386043.869330052,-700.821400122624,-60.3210871537964
386079.609472523,-610.946962754422,-52.4136464111165
386110.402519552,-519.272388942401,-44.3508740506729
386136.157557966,-426.067973405322,-36.156680216337
386156.798686562,-331.609198881146,-27.8554238410605
386172.265203369,-236.174094651214,-19.4716802313159
386182.511600491,-140.043095569397,-11.0302285925261
386187.507513494,-43.4989071960975,-2.55603872110617
386187.238320764,53.1731243766428,5.92569860417862
386181.704944312,149.688001032253,14.3898339539918
386170.923649098,245.761977771808,22.8113389767886
386154.925966917,341.112672740652,31.1653164780667
386133.759075986,435.458760418833,39.4269759475709
386107.485664791,528.521717325091,47.5717869351045
386076.183071672,620.027769942913,55.5756500829101
386039.943215738,709.707983051112,63.4149049703814
385998.872672867,797.298223043808,71.066328568938
385953.093018645,882.539719620702,78.5071855427683
385902.739152508,965.181499956849,85.7154413151425
385847.959062419,1044.98066331814,92.669786184182
385788.913633658,1121.70248737841,99.3496452972593
385725.777442955,1195.12036687802,105.735174988685
385658.73682943,1265.01788727321,111.807443754393
385587.988922663,1331.18956258589,117.548496712376
385513.741502274,1393.44087406868,122.941359050869
385436.213381536,1451.58824608381,127.970035197555
385355.633860388,1505.46003824834,132.619595693552
385272.240169855,1554.89776524324,136.87628287872
385186.277326446,1599.75615117428,140.727515609834
385097.997908438,1639.90312985054,144.161889381091
385007.662870741,1675.22018634202,147.169207215838
384915.538786307,1705.60331459072,149.740561777826
384821.896521773,1730.96321736432,151.868352108601
384727.011164595,1751.22528898477,153.546282046061
384631.162209882,1766.32970380146,154.769367974588
384534.632974688,1776.23204945473,155.533993863847
384437.707668762,1780.90326124811,155.837903262431
384340.671121346,1780.3295875278,155.680196044439
384243.808629197,1774.51251036443,155.061320972568
384147.406347901,1763.46933265158,153.983126890862
384051.748525825,1747.23276197566,152.448823868968
383957.116394067,1725.85053854282,150.462949516811
383863.788071721,1699.38535375282,148.03136155732
383772.03880673,1667.91520051903,145.161267533133
383682.139468437,1631.53318723229,141.861206886062
383594.354534275,1590.34638527917,138.140947791421
383508.941992269,1544.47574427686,134.011479553278
383426.153329124,1494.05610063758,129.485012026022
383346.23312804,1439.23662843333,124.575013866461
383269.416732649,1380.17885494771,119.29603592512
383195.929923112,1317.05631677063,113.663680626241
383125.988831979,1250.05435384305,107.694583035938
383059.799985257,1179.37089282554,101.406477658989
382997.558568436,1105.21461859421,94.8180360813459
382939.447596579,1027.80358783254,87.9487440823168
382885.637898118,947.365133632083,80.8188930939479
382836.288101271,864.135994111619,73.449589293502
382791.543924769,778.362396851063,65.8627593339668
382751.537065771,690.296996746367,58.080880037656
382716.385112449,600.198531400198,50.1269479130203
382686.191565415,508.331668789669,42.0244650789931
382661.045566846,414.967586398718,33.7974870560758
382641.02117658,320.382002032258,25.4704492096378
382626.177271448,224.853135652268,17.0679871748729
382616.557558736,128.661643732636,8.61493101400669
382612.190559149,32.0906273349504,0.136303905698583
382613.088996408,-64.5744729558204,-8.34268902969255
382619.250137451,-161.048923139475,-16.796927929464
382630.655905532,-257.049180103893,-25.2014207917053
382647.272973799,-352.293027463296,-33.5313160954536
382669.052220261,-446.499229006362,-41.761875200221
382695.929246466,-539.389907257419,-49.8686804990963
382727.825012227,-630.691917304565,-57.8277556302367
382764.645916302,-720.136923673405,-65.6155723453636
382806.283516798,-807.461242650216,-73.2090389058216
382852.614639952,-892.407010634463,-80.585602914849
382903.502895175,-974.724268914897,-87.7234326523687
382958.798794048,-1054.17108779646,-94.6014279009295
383018.339849527,-1130.5136285521,-101.199226315061
383081.949924597,-1203.52635079661,-107.497223426219
383149.441494246,-1272.99418324773,-113.476760220421
383220.616198178,-1338.71293526925,-119.12015866796
383295.265040696,-1400.48935092081,-124.410726458228
383373.167714351,-1458.1410980979,-129.3327580448
383454.094018722,-1511.49809165731,-133.871648750329
383537.805876185,-1560.4034078357,-138.013972393521
383624.057390507,-1604.71329750307,-141.747482385541
383712.594968138,-1644.2971921969,-145.061112428697
383803.156737114,-1679.03822724029,-147.945023491562
383895.475722169,-1708.83412195434,-150.390676366325
383989.280589341,-1733.5972847154,-152.390839848748
384084.295762499,-1753.2547836299,-153.939587957366
384180.241024047,-1767.74855910731,-155.032319014721
384276.832928817,-1777.03599120348,-155.665803177372
384373.787249835,-1781.08978438696,-155.838168495635
384470.819093722,-1779.8979450957,-155.548898750052
384567.642969365,-1773.46375285582,-154.798830287382
384663.972717331,-1761.80637577821,-153.590205641615
384759.524509638,-1744.96024465959,-151.926613668643
384854.017472179,-1722.97483733378,-149.812969536731
384947.173807458,-1695.91457289693,-147.255504865563
385038.718499636,-1663.85934460601,-144.261813729769
385128.381451942,-1626.90387747182,-140.840792579672
385215.898960891,-1585.15684840196,-137.002560315496
385301.013784288,-1538.74080228169,-132.758450653989
385383.475043472,-1487.79237584834,-128.121030356515
385463.039173864,-1432.46226405076,-123.104094032219
385539.471984378,-1372.91336806906,-117.722497747371
385612.548803049,-1309.32063276476,-111.992144426642
385682.054559252,-1241.8708562762,-105.929965770907
385747.78389121,-1170.76351553684,-99.5539929129984
385809.543086078,-1096.20834087934,-92.8831398891384
385867.150565688,-1018.42448688987,-85.9371297432467
385920.436911033,-937.640370330455,-78.7364799052546
385969.244889298,-854.094127037826,-71.3025397860326
386013.430434037,-768.032824562374,-63.6574194158228
386052.863535546,-679.709800843101,-55.8237537887758
386087.428271557,-589.384536930096,-47.8246915704486
386117.022784183,-497.322478680515,-39.6838782324693
386141.559704694,-403.795707550686,-31.4255117778426
386160.966794386,-309.080201691473,-23.0741012736261
386175.186990779,-213.454471699053,-14.6543465348726
386184.178379941,-117.199484648814,-6.19113130376095
386187.9143274,-20.5988672022592,2.29046157080173
386186.383999413,76.0619013262332,10.7652226393687
386179.591969007,172.498254090365,19.2080581141541
386167.558161092,268.426757537531,27.5940092766514
386150.317935881,363.564949598703,35.8982398198359
386127.922213964,457.632136408855,44.0961075891658
386100.436958181,550.351378645266,52.1633376478769
