396440.966272019,4400.63755754565,0
396453.995456144,4364.51293649426,0
396466.917258109,4328.34917035308,0
396479.731560298,4292.14658260806,0
396492.438246065,4255.90549711381,0
396505.037199734,4219.62623809048,0
396517.528306604,4183.30913012145,0
396529.911452947,4146.95449814922,0
396542.186526011,4110.56266747357,0
396554.35341402,4074.13396374757,0
396566.412006175,4037.66871297506,0
396578.362192657,4001.1672415077,0
396590.203864627,3964.6298760413,0
396601.936914227,3928.0569436138,0
396613.561234581,3891.44877160103,0
396625.076719798,3854.80568771475,0
396636.48326497,3818.12801999886,0
396647.780766176,3781.41609682652,0
396658.969120481,3744.67024689748,0
396670.04822594,3707.89079923417,0
396681.017981595,3671.07808317971,0
396691.878287481,3634.23242839368,0
396702.629044621,3597.35416485003,0
396713.270155033,3560.44362283334,0
396723.801521728,3523.50113293591,0
396734.223048712,3486.52702605497,0
396744.534640986,3449.52163338884,0
396754.736204547,3412.48528643482,0
396764.827646392,3375.41831698501,0
396774.808874514,3338.32105712416,0
396784.679797908,3301.19383922582,0
396794.440326569,3264.03699594959,0
396804.090371493,3226.850860238,0
396813.629844679,3189.63576531301,0
396823.058659131,3152.39204467355,0
396832.376728856,3115.12003209147,0
396841.583968866,3077.8200616094,0
396850.680295183,3040.49246753662,0
396859.665624832,3003.13758444673,0
396868.539875848,2965.75574717393,0
396877.302967277,2928.34729081012,0
396885.954819173,2890.91255070175,0
396894.495352601,2853.45186244637,0
396902.924489638,2815.96556188999,0
396911.242153375,2778.45398512316,0
396919.448267916,2740.91746847867,0
396927.542758377,2703.35634852741,0
396935.525550893,2665.77096207614,0
396943.396572612,2628.16164616343,0
396951.1557517,2590.52873805715,0
396958.803017341,2552.87257525081,0
396966.338299737,2515.19349546062,0
396973.761530109,2477.49183662219,0
396981.072640696,2439.76793688724,0
396988.271564762,2402.02213462066,0
396995.358236589,2364.25476839684,0
397002.332591482,2326.46617699707,0
397009.194565768,2288.65669940559,0
397015.9440968,2250.82667480712,0
397022.581122952,2212.97644258289,0
397029.105583625,2175.10634230816,0
397035.517419245,2137.21671374822,0
397041.816571264,2099.30789685591,0
397048.002982161,2061.38023176768,0
397054.076595442,2023.43405880096,0
397060.037355643,1985.46971845037,0
397065.885208326,1947.487551385,0
397071.620100085,1909.48789844466,0
397077.241978541,1871.47110063705,0
397082.750792348,1833.43749913417,0
397088.14649119,1795.38743526936,0
397093.429025783,1757.32125053373,0
397098.598347874,1719.23928657322,0
397103.654410245,1681.14188518502,0
397108.597166709,1643.02938831462,0
397113.426572113,1604.9021380522,0
397118.142582341,1566.76047662973,0
397122.745154307,1528.60474641731,0
397127.234245963,1490.43528992027,0
397131.609816299,1452.25244977553,0
397135.871825335,1414.0565687487,0
397140.020234134,1375.84798973038,0
397144.055004791,1337.62705573332,0
397147.976100442,1299.39410988867,0
397151.783485259,1261.1494954432,0
397155.477124451,1222.89355575547,0
397159.056984269,1184.62663429307,0
397162.523032001,1146.34907462882,0
397165.875235973,1108.06122043797,0
397169.113565554,1069.76341549446,0
397172.237991149,1031.45600366796,0
397175.248484208,993.139328920359,0
397178.145017218,954.813735302558,0
397180.927563708,916.479566951202,0
397183.596098249,878.137168085222,0
397186.150596453,839.786883002777,0
397188.591034973,801.429056077658,0
397190.917391507,763.064031756266,0
397193.129644792,724.692154554084,0
397195.227774609,686.313769052481,0
397197.211761781,647.929219895416,0
397199.081588177,609.538851786004,0
397200.837236704,571.14300948339,0
397202.478691318,532.742037799259,0
397204.005937014,494.336281594629,0
397205.418959834,455.92608577654,0
397206.717746863,417.511795294642,0
397207.902286228,379.093755138005,0
397208.972567102,340.672310331736,0
397209.928579704,302.247805933634,0
397210.770315294,263.820587030956,0
397211.497766178,225.390998737046,0
397212.110925708,186.959386188004,0
397212.609788278,148.526094539412,0
397212.994349328,110.091468962996,0
397213.264605344,71.6558546432986,0
397213.420553855,33.2195967743678,0
397213.462193435,-5.21695944355806,0
397213.389523705,-43.6534688073716,0
397213.202545327,-82.0895861144169,0
397212.901260012,-120.524966165807,0
397212.485670513,-158.959263769743,0
397211.955780629,-197.392133744835,0
397211.311595204,-235.823230923418,0
397210.553120126,-274.252210154865,0
397209.680362327,-312.678726308913,0
397208.693329786,-351.102434278992,0
397207.592031523,-389.522988985515,0
397206.376477607,-427.9400453792,0
397205.046679146,-466.353258444421,0
397203.602648296,-504.762283202491,0
397202.044398256,-543.166774714954,0
397200.371943269,-581.566388086981,0
397198.58529862,-619.960778470608,0
397196.684480639,-658.349601068049,0
397194.669506701,-696.732511135104,0
397192.540395221,-735.109163984335,0
397190.297165658,-773.479214988463,0
397187.939838515,-811.842319583704,0
397185.468435336,-850.198133272939,0
397182.882978709,-888.54631162923,0
397180.183492262,-926.88651029892,0
397177.370000666,-965.218385005069,0
397174.442529633,-1003.54159155075,0
397171.401105916,-1041.85578582225,0
397168.245757311,-1080.16062379255,0
397164.97651265,-1118.45576152439,0
397161.593401811,-1156.74085517385,0
397158.096455708,-1195.01556099337,0
397154.485706295,-1233.27953533527,0
397150.761186566,-1271.53243465489,0
397146.922930555,-1309.77391551395,0
397142.970973333,-1348.0036345839,0
397138.905351009,-1386.22124864903,0
397134.72610073,-1424.42641461003,0
397130.433260682,-1462.61878948694,0
397126.026870084,-1500.79803042281,0
397121.506969195,-1538.96379468659,0
397116.873599309,-1577.11573967682,0
397112.126802755,-1615.25352292449,0
397107.266622897,-1653.37680209673,0
397102.293104135,-1691.48523499968,0
397097.206291902,-1729.57847958218,0
397092.006232664,-1767.6561939386,0
397086.69297392,-1805.71803631255,0
397081.266564204,-1843.76366509975,0
397075.72705308,-1881.79273885164,0
397070.074491143,-1919.80491627829,0
397064.30893002,-1957.79985625206,0
397058.430422368,-1995.77721781043,0
397052.439021874,-2033.73666015967,0
397046.334783255,-2071.67784267768,0
397040.117762254,-2109.60042491767,0
397033.788015644,-2147.50406661095,0
397027.345601224,-2185.38842767067,0
397020.790577822,-2223.25316819451,0
397014.12300529,-2261.09794846852,0
397007.342944506,-2298.9224289697,0
397000.450457372,-2336.72627036995,0
396993.445606814,-2374.50913353855,0
396986.328456784,-2412.27067954612,0
396979.099072253,-2450.01056966713,0
396971.757519215,-2487.72846538385,0
396964.303864687,-2525.42402838882,0
396956.738176705,-2563.09692058879,0
396949.060524323,-2600.74680410726,0
396941.270977617,-2638.37334128828,0
396933.36960768,-2675.97619469918,0
396925.356486622,-2713.55502713408,0
396917.231687569,-2751.10950161699,0
396908.995284664,-2788.63928140486,0
396900.647353065,-2826.14402999117,0
396892.187968943,-2863.62341110848,0
396883.617209484,-2901.07708873243,0
396874.935152884,-2938.504727084,0
396866.141878353,-2975.90599063365,0
396857.23746611,-3013.28054410354,0
396848.221997385,-3050.62805247158,0
396839.095554417,-3087.94818097386,0
396829.858220452,-3125.24059510833,0
396820.510079743,-3162.50496063771,0
396811.051217552,-3199.74094359257,0
396801.481720143,-3236.9482102749,0
396791.801674785,-3274.12642726054,0
396782.011169753,-3311.27526140322,0
396772.11029432,-3348.39437983671,0
396762.099138765,-3385.48344997896,0
396751.977794365,-3422.54213953431,0
396741.746353395,-3459.5701164973,0
396731.404909133,-3496.56704915546,0
396720.953555849,-3533.53260609236,0
396710.392388815,-3570.46645619117,0
396699.721504293,-3607.36826863699,0
396688.940999544,-3644.23771292094,0
396678.050972819,-3681.07445884222,0
396667.051523363,-3717.87817651216,0
396655.942751411,-3754.64853635657,0
396644.724758188,-3791.3852091192,0
396633.39764591,-3828.08786586492,0
396621.961517779,-3864.75617798221,0
396610.416477983,-3901.3898171872,0
396598.762631698,-3937.98845552556,0
396587.000085081,-3974.55176537671,0
396575.128945277,-4011.07941945602,0
396563.149320408,-4047.57109081824,0
396551.061319582,-4084.0264528607,0
396538.865052882,-4120.44517932571,0
396526.560631372,-4156.8269443046,0
396514.148167094,-4193.17142223959,0
396501.627773066,-4229.47828792788,0
396488.999563279,-4265.74721652396,0
396476.263652699,-4301.97788354282,0
396463.420157266,-4338.16996486334,0
396450.469193888,-4374.32313673041,0
396437.410880445,-4410.4370757591,0
396424.245335786,-4446.51145893652,0
396410.972679727,-4482.54596362561,0
396397.59303305,-4518.5402675679,0
396384.106517501,-4554.49404888604,0
396370.51325579,-4590.40698608778,0
396356.813371592,-4626.27875806766,0
396343.006989538,-4662.10904411115,0
396329.094235221,-4697.89752389689,0
396315.075235194,-4733.6438774997,0
396300.950116963,-4769.34778539411,0
396286.719008993,-4805.00892845625,0
396272.382040701,-4840.626987968,0
396257.939342457,-4876.20164561893,0
396243.391045582,-4911.73258350962,0
396228.737282349,-4947.21948415496,0
396213.978185978,-4982.66203048599,0
396199.113890635,-5018.05990585421,0
396184.144531433,-5053.41279403321,0
396169.07024443,-5088.72037922229,0
396153.891166625,-5123.98234604943,0
396138.607435958,-5159.19837957327,0
396123.219191312,-5194.36816528736,0
396107.726572505,-5229.49138912174,0
396092.129720293,-5264.56773744653,0
396076.428776368,-5299.59689707489,0
396060.623883355,-5334.57855526496,0
396044.715184812,-5369.51239972407,0
396028.702825227,-5404.3981186103,0
396012.586950019,-5439.23540053601,0
395996.367705533,-5474.02393457085,0
395980.04523904,-5508.76341024356,0
395963.619698738,-5543.45351754621,0
395947.091233746,-5578.09394693578,0
395930.459994105,-5612.6843893375,0
395913.726130777,-5647.22453614801,0
395896.88979564,-5681.71407923701,0
395879.951141492,-5716.15271095146,0
395862.910322043,-5750.54012411731,0
395845.767491918,-5784.87601204247,0
395828.522806654,-5819.16006852029,0
395811.176422698,-5853.39198783099,0
395793.728497406,-5887.57146474575,0
395776.179189041,-5921.69819452874,0
395758.52865677,-5955.77187293959,0
395740.777060665,-5989.79219623721,0
395722.924561699,-6023.75886118112,0
395704.971321747,-6057.6715650352,0
395686.917503581,-6091.53000557027,0
395668.76327087,-6125.33388106589,0
395650.508788179,-6159.08289031453,0
395632.154220966,-6192.77673262298,0
395613.69973558,-6226.41510781547,0
395595.145499262,-6259.99771623696,0
395576.491680139,-6293.52425875443,0
395557.738447226,-6326.99443676099,0
395538.885970422,-6360.40795217778,0
395519.934420509,-6393.76450745626,0
395500.883969152,-6427.06380558209,0
395481.734788893,-6460.30555007633,0
395462.487053153,-6493.48944499896,0
395443.140936228,-6526.61519495159,0
395423.696613289,-6559.68250507902,0
395404.154260378,-6592.69108107327,0
395384.51405441,-6625.64062917523,0
395364.776173166,-6658.53085617713,0
395344.940795294,-6691.36146942625,0
395325.008100308,-6724.13217682601,0
395304.978268585,-6756.84268683952,0
395284.851481363,-6789.49270849225,0
395264.627920739,-6822.08195137342,0
395244.307769668,-6854.61012564006,0
395223.891211959,-6887.07694201864,0
395203.378432278,-6919.48211180733,0
395182.769616141,-6951.82534687978,0
395162.064949912,-6984.10635968619,0
395141.264620807,-7016.32486325658,0
395120.368816884,-7048.48057120369,0
395099.377727049,-7080.57319772411,0
395078.291541048,-7112.60245760228,0
395057.110449468,-7144.56806621228,0
395035.834643734,-7176.46973951971,0
395014.464316107,-7208.3071940856,0
394992.999659685,-7240.08014706757,0
394971.440868395,-7271.78831622257,0
394949.788136997,-7303.4314199102,0
394928.041661078,-7335.00917709367,0
394906.201637055,-7366.52130734335,0
394884.268262164,-7397.96753083917,0
394862.241734468,-7429.3475683719,0
394840.12225285,-7460.66114134705,0
394817.91001701,-7491.90797178651,0
394795.605227466,-7523.08778233035,0
394773.208085549,-7554.20029624073,0
394750.718793405,-7585.2452374029,0
394728.137553988,-7616.22233032786,0
394705.464571062,-7647.13130015562,0
394682.700049197,-7677.97187265611,0
394659.844193767,-7708.74377423249,0
394636.897210949,-7739.44673192371,0
394613.859307719,-7770.08047340553,0
394590.730691853,-7800.64472699427,0
394567.511571922,-7831.13922164869,0
394544.202157291,-7861.56368697131,0
394520.802658116,-7891.9178532124,0
394497.313285344,-7922.20145127115,0
394473.73425071,-7952.41421269767,0
394450.065766734,-7982.55586969663,0
394426.308046719,-8012.62615512819,0
394402.461304751,-8042.62480251052,0
394378.525755693,-8072.55154602306,0
394354.501615186,-8102.4061205072,0
394330.389099647,-8132.18826146947,0
394306.188426264,-8161.89770508414,0
394281.899812997,-8191.53418819401,0
394257.523478574,-8221.09744831396,0
394233.059642489,-8250.58722363299,0
394208.508525002,-8280.00325301522,0
394183.870347132,-8309.34527600368,0
394159.14533066,-8338.6130328218,0
394134.333698125,-8367.80626437475,0
394109.435672819,-8396.92471225322,0
394084.451478789,-8425.96811873459,0
394059.381340833,-8454.93622678456,0
394034.225484498,-8483.82878006085,0
394008.984136077,-8512.64552291404,0
393983.657522608,-8541.38620038965,0
393958.245871871,-8570.05055823153,0
393932.749412384,-8598.63834288256,0
393907.168373408,-8627.1493014871,0
393881.502984933,-8655.58318189405,0
393855.753477686,-8683.93973265747,0
393829.920083126,-8712.21870303934,0
393804.003033438,-8740.41984301232,0
393778.002561535,-8768.54290326032,0
393751.918901054,-8796.58763518151,0
393725.752286353,-8824.55379089078,0
393699.502952512,-8852.44112322036,0
393673.171135326,-8880.24938572295,0
393646.757071306,-8907.97833267397,0
393620.260997677,-8935.62771907214,0
393593.683152374,-8963.19730064286,0
393567.023774038,-8990.68683384011,0
393540.28310202,-9018.09607584716,0
393513.461376371,-9045.42478457996,0
393486.558837845,-9072.67271868892,0
393459.575727897,-9099.83963755964,0
393432.512288675,-9126.92530131631,0
393405.368763023,-9153.92947082342,0
393378.145394478,-9180.85190768641,0
393350.842427265,-9207.69237425524,0
393323.460106299,-9234.45063362584,0
393295.998677177,-9261.12644964088,0
393268.458386182,-9287.71958689329,0
393240.839480273,-9314.22981072767,0
393213.142207092,-9340.65688724102,0
393185.366814954,-9367.0005832863,0
393157.513552846,-9393.26066647371,0
393129.582670429,-9419.43690517153,0
393101.574418031,-9445.52906850952,0
393073.489046646,-9471.53692638028,0
393045.326807933,-9497.46024944,0
393017.087954211,-9523.29880911186,0
392988.772738458,-9549.0523775874,0
392960.381414311,-9574.72072782718,0
392931.914236059,-9600.30363356418,0
392903.371458643,-9625.80086930516,0
392874.753337655,-9651.21221033134,0
392846.060129333,-9676.53743270162,0
392817.292090559,-9701.77631325411,0
392788.449478858,-9726.92862960667,0
392759.532552397,-9751.9941601601,0
392730.541569975,-9776.97268409971,0
392701.476791032,-9801.86398139583,0
392672.338475638,-9826.66783280684,0
392643.126884491,-9851.38401988093,0
392613.842278919,-9876.01232495649,0
392584.484920877,-9900.55253116498,0
392555.05507294,-9925.00442243289,0
392525.552998303,-9949.36778348206,0
392495.978960782,-9973.64239983231,0
392466.333224805,-9997.82805780363,0
392436.616055415,-10021.9245445165,0
392406.827718267,-10045.9316478941,0
392376.968479621,-10069.849156665,0
392347.038606343,-10093.6768603631,0
392317.038365906,-10117.41454933,0
392286.968026378,-10141.0620147174,0
392256.82785643,-10164.6190484877,0
392226.618125327,-10188.0854434151,0
392196.339102927,-10211.4609930894,0
392165.991059678,-10234.7454919155,0
392135.574266618,-10257.9387351153,0
392105.088995371,-10281.0405187304,0
392074.535518142,-10304.0506396229,0
392043.914107719,-10326.9688954763,0
392013.225037469,-10349.7950847983,0
391982.468581331,-10372.5290069223,0
391951.645013822,-10395.1704620072,0
391920.754610026,-10417.7192510411,0
391889.797645598,-10440.175175842,0
391858.774396758,-10462.5380390585,0
391827.685140289,-10484.8076441723,0
391796.530153535,-10506.9837954999,0
391765.309714397,-10529.0662981932,0
391734.024101334,-10551.054958241,0
391702.673593356,-10572.9495824717,0
391671.258470026,-10594.7499785536,0
391639.779011453,-10616.4559549961,0
391608.235498293,-10638.0673211526,0
391576.628211744,-10659.583887221,0
391544.957433546,-10681.0054642444,0
391513.223445976,-10702.3318641141,0
391481.426531846,-10723.5628995704,0
391449.566974501,-10744.6983842031,0
391417.645057819,-10765.7381324542,0
391385.661066201,-10786.6819596191,0
391353.615284577,-10807.5296818469,0
391321.507998399,-10828.2811161427,0
391289.339493639,-10848.9360803696,0
391257.110056786,-10869.4943932485,0
391224.819974844,-10889.9558743601,0
391192.46953533,-10910.3203441471,0
391160.05902627,-10930.5876239146,0
391127.5887362,-10950.757535831,0
391095.058954157,-10970.8299029307,0
391062.469969683,-10990.8045491149,0
391029.822072818,-11010.6812991519,0
390997.1155541,-11030.4599786795,0
390964.350704561,-11050.1404142066,0
390931.527815724,-11069.7224331134,0
390898.647179604,-11089.2058636526,0
390865.7090887,-11108.5905349525,0
390832.713835995,-11127.8762770164,0
390799.661714956,-11147.0629207239,0
390766.553019528,-11166.1502978335,0
390733.388044129,-11185.1382409831,0
390700.167083657,-11204.0265836906,0
390666.890433475,-11222.8151603558,0
390633.558389419,-11241.5038062622,0
390600.171247788,-11260.092357577,0
390566.729305347,-11278.5806513524,0
390533.23285932,-11296.9685255283,0
390499.682207387,-11315.2558189319,0
390466.077647689,-11333.4423712789,0
390432.419478816,-11351.528023176,0
390398.707999809,-11369.5126161211,0
390364.943510156,-11387.395992504,0
390331.126309793,-11405.1779956086,0
390297.256699095,-11422.8584696138,0
390263.334978878,-11440.4372595942,0
390229.361450397,-11457.9142115209,0
390195.33641534,-11475.289172264,0
390161.260175825,-11492.5619895929,0
390127.133034404,-11509.7325121766,0
390092.955294052,-11526.8005895859,0
390058.72725817,-11543.7660722949,0
390024.449230579,-11560.6288116805,0
389990.12151552,-11577.3886600243,0
389955.744417651,-11594.0454705142,0
389921.318242042,-11610.5990972452,0
389886.843294174,-11627.049395219,0
389852.319879937,-11643.3962203473,0
389817.748305627,-11659.6394294519,0
389783.128877941,-11675.7788802648,0
389748.461903981,-11691.8144314303,0
389713.747691242,-11707.7459425064,0
389678.986547615,-11723.5732739648,0
389644.178781386,-11739.2962871917,0
389609.32470123,-11754.9148444899,0
389574.424616205,-11770.4288090796,0
389539.47883576,-11785.8380450984,0
389504.487669723,-11801.1424176029,0
389469.4514283,-11816.3417925701,0
389434.370422075,-11831.4360368981,0
389399.244962006,-11846.4250184058,0
389364.075359423,-11861.3086058359,0
389328.861926021,-11876.0866688549,0
389293.604973866,-11890.7590780533,0
389258.304815386,-11905.3257049474,0
389222.961763366,-11919.7864219804,0
389187.576130954,-11934.141102523,0
389152.148231649,-11948.3896208734,0
389116.678379308,-11962.5318522595,0
389081.166888132,-11976.5676728399,0
389045.614072673,-11990.4969597033,0
389010.020247829,-12004.3195908703,0
388974.385728836,-12018.0354452947,0
388938.710831272,-12031.6444028641,0
388902.995871051,-12045.1463443995,0
388867.241164423,-12058.5411516577,0
388831.447027966,-12071.828707332,0
388795.613778588,-12085.0088950525,0
388759.741733525,-12098.0815993862,0
388723.831210335,-12111.0467058395,0
388687.882526895,-12123.9041008583,0
388651.896001403,-12136.6536718283,0
388615.87195237,-12149.2953070757,0
388579.810698623,-12161.8288958694,0
388543.712559293,-12174.2543284207,0
388507.577853825,-12186.5714958835,0
388471.406901966,-12198.7802903561,0
388435.200023764,-12210.8806048821,0
388398.957539566,-12222.8723334504,0
388362.679770018,-12234.7553709958,0
388326.36703606,-12246.5296134005,0
388290.01965892,-12258.1949574949,0
388253.637960116,-12269.7513010576,0
388217.222261455,-12281.1985428159,0
388180.772885024,-12292.5365824477,0
388144.29015319,-12303.7653205819,0
388107.774388601,-12314.884658798,0
388071.225914178,-12325.8944996275,0
388034.645053114,-12336.7947465552,0
387998.032128874,-12347.5853040193,0
387961.387465188,-12358.2660774116,0
387924.711386052,-12368.8369730787,0
387888.004215723,-12379.2978983229,0
387851.266278717,-12389.6487614027,0
387814.497899807,-12399.8894715327,0
387777.699404019,-12410.019938885,0
387740.871116631,-12420.0400745899,0
387704.013363166,-12429.9497907366,0
387667.126469398,-12439.7490003724,0
387630.210761342,-12449.4376175051,0
387593.26656525,-12459.0155571032,0
387556.294207614,-12468.4827350958,0
387519.294015163,-12477.8390683734,0
387482.266314855,-12487.0844747887,0
387445.211433878,-12496.2188731578,0
387408.129699646,-12505.2421832597,0
387371.021439802,-12514.1543258369,0
387333.886982205,-12522.9552225965,0
387296.726654934,-12531.6447962112,0
387259.540786283,-12540.2229703187,0
387222.329704764,-12548.6896695226,0
387185.093739095,-12557.0448193932,0
387147.833218204,-12565.2883464683,0
387110.54847122,-12573.4201782533,0
387073.239827482,-12581.4402432209,0
387035.907616524,-12589.3484708131,0
386998.552168077,-12597.1447914412,0
386961.173812067,-12604.8291364861,0
386923.772878613,-12612.4014382981,0
386886.349698022,-12619.8616301987,0
386848.904600788,-12627.2096464803,0
386811.437917585,-12634.4454224073,0
386773.949979273,-12641.5688942151,0
386736.441116889,-12648.579999112,0
386698.911661644,-12655.4786752795,0
386661.361944921,-12662.2648618721,0
386623.792298274,-12668.9384990182,0
386586.203053429,-12675.4995278197,0
386548.594542269,-12681.9478903539,0
386510.967096842,-12688.2835296729,0
386473.321049357,-12694.5063898042,0
386435.656732179,-12700.6164157506,0
386397.974477826,-12706.6135534915,0
386360.274618967,-12712.4977499832,0
386322.557488418,-12718.2689531585,0
386284.823419145,-12723.9271119275,0
386247.072744256,-12729.472176178,0
386209.305796994,-12734.9040967762,0
386171.522910745,-12740.2228255667,0
386133.724419029,-12745.4283153721,0
386095.910655499,-12750.5205199949,0
386058.081953934,-12755.4993942167,0
386020.238648242,-12760.3648937991,0
385982.381072456,-12765.1169754835,0
385944.50956073,-12769.7555969915,0
385906.624447335,-12774.2807170261,0
385868.726066659,-12778.6922952708,0
385830.814753203,-12782.9902923903,0
385792.890841581,-12787.1746700312,0
385754.95466651,-12791.245390822,0
385717.006562815,-12795.2024183731,0
385679.046865425,-12799.0457172773,0
385641.075909366,-12802.7752531105,0
385603.094029761,-12806.3909924311,0
385565.101561827,-12809.8929027809,0
385527.098840877,-12813.2809526852,0
385489.086202307,-12816.5551116527,0
385451.063981602,-12819.7153501764,0
385413.03251433,-12822.7616397332,0
385374.99213614,-12825.6939527843,0
385336.943182758,-12828.5122627757,0
385298.885989986,-12831.2165441381,0
385260.820893699,-12833.806772287,0
385222.748229841,-12836.2829236233,0
385184.668334423,-12838.6449755333,0
385146.581543521,-12840.8929063886,0
385108.488193274,-12843.0266955467,0
385070.388619877,-12845.046323351,0
385032.283159583,-12846.951771131,0
384994.172148698,-12848.7430212021,0
384956.055923581,-12850.4200568666,0
384917.934820634,-12851.9828624128,0
384879.809176311,-12853.4314231159,0
384841.679327103,-12854.7657252379,0
384803.545609545,-12855.9857560276,0
384765.408360207,-12857.0915037209,0
384727.267915694,-12858.0829575409,0
384689.124612642,-12858.9601076977,0
384650.978787719,-12859.722945389,0
384612.830777616,-12860.3714627998,0
384574.68091905,-12860.9056531027,0
384536.529548757,-12861.325510458,0
384498.377003494,-12861.6310300133,0
384460.223620029,-12861.8222079045,0
384422.069735148,-12861.899041255,0
384383.915685644,-12861.8615281759,0
384345.761808318,-12861.7096677667,0
384307.608439975,-12861.4434601145,0
384269.455917423,-12861.0629062946,0
384231.304577469,-12860.5680083701,0
384193.154756916,-12859.9587693924,0
384155.00679256,-12859.2351934009,0
384116.861021191,-12858.3972854232,0
384078.717779584,-12857.4450514747,0
384040.577404501,-12856.3784985593,0
384002.440232687,-12855.1976346687,0
383964.306600867,-12853.9024687827,0
383926.176845743,-12852.4930108693,0
383888.051303993,-12850.9692718846,0
383849.930312265,-12849.3312637724,0
383811.814207178,-12847.5789994648,0
383773.703325317,-12845.7124928815,0
383735.59800323,-12843.7317589305,0
383697.498577428,-12841.6368135072,0
383659.405384378,-12839.4276734949,0
383621.318760505,-12837.1043567648,0
383583.239042186,-12834.6668821754,0
383545.166565746,-12832.1152695728,0
383507.101667462,-12829.4495397908,0
383469.044683552,-12826.6697146502,0
383430.995950178,-12823.7758169592,0
383392.95580344,-12820.7678705132,0
383354.924579376,-12817.6459000945,0
383316.902613957,-12814.4099314724,0
383278.890243085,-12811.0599914028,0
383240.887802591,-12807.5961076287,0
383202.895628233,-12804.018308879,0
383164.914055688,-12800.3266248694,0
383126.943420557,-12796.5210863016,0
383088.984058358,-12792.6017248636,0
383051.036304522,-12788.568573229,0
383013.100494393,-12784.4216650572,0
382975.176963227,-12780.1610349932,0
382937.266046182,-12775.7867186674,0
382899.368078323,-12771.2987526953,0
382861.483394614,-12766.6971746772,0
382823.612329922,-12761.9820231987,0
382785.755219004,-12757.1533378294,0
382747.912396513,-12752.2111591234,0
382710.084196992,-12747.1555286191,0
382672.270954874,-12741.9864888387,0
382634.473004472,-12736.7040832881,0
382596.690679982,-12731.3083564563,0
382558.924315484,-12725.7993538159,0
382521.174244931,-12720.1771218224,0
382483.440802151,-12714.4417079137,0
382445.72432084,-12708.5931605101,0
382408.025134568,-12702.6315290141,0
382370.343576768,-12696.5568638105,0
382332.679980736,-12690.3692162649,0
382295.034679627,-12684.0686387242,0
382257.408006457,-12677.6551845169,0
382219.800294094,-12671.128907952,0
382182.211875261,-12664.4898643184,0
382144.643082524,-12657.7381098849,0
382107.094248305,-12650.8737019008,0
382069.565704865,-12643.8966985944,0
382032.057784304,-12636.8071591729,0
381994.570818564,-12629.6051438218,0
381957.105139422,-12622.2907137057,0
381919.66107849,-12614.8639309671,0
381882.238967206,-12607.3248587257,0
381844.839136838,-12599.6735610783,0
381807.461918479,-12591.9101030989,0
381770.107643046,-12584.0345508384,0
381732.776641272,-12576.0469713231,0
381695.469243707,-12567.9474325548,0
381658.185780718,-12559.7360035112,0
381620.926582482,-12551.412754145,0
381583.691978983,-12542.9777553829,0
381546.482300012,-12534.4310791253,0
381509.297875163,-12525.7727982468,0
381472.139033832,-12517.0029865955,0
381435.00610521,-12508.1217189913,0
381397.899418283,-12499.1290712266,0
381360.819301831,-12490.0251200659,0
381323.766084425,-12480.8099432453,0
381286.740094417,-12471.4836194712,0
381249.741659949,-12462.0462284202,0
381212.77110894,-12452.4978507395,0
381175.828769091,-12442.8385680457,0
381138.914967878,-12433.0684629238,0
381102.030032547,-12423.1876189271,0
381065.174290119,-12413.1961205776,0
381028.34806738,-12403.0940533643,0
380991.551690882,-12392.8815037429,0
380954.785486937,-12382.558559135,0
380918.04978162,-12372.1253079291,0
380881.344900763,-12361.5818394784,0
380844.671169947,-12350.9282441005,0
380808.028914508,-12340.164613077,0
380771.418459532,-12329.2910386541,0
380734.84012985,-12318.3076140401,0
380698.294250033,-12307.2144334057,0
380661.781144394,-12296.0115918836,0
380625.301136989,-12284.699185568,0
380588.854551601,-12273.2773115137,0
380552.44171175,-12261.7460677346,0
380516.062940685,-12250.1055532051,0
380479.718561382,-12238.3558678581,0
380443.40889654,-12226.4971125845,0
380407.134268579,-12214.5293892323,0
380370.89499964,-12202.4528006071,0
380334.691411579,-12190.2674504707,0
380298.523825965,-12177.9734435399,0
380262.392564077,-12165.5708854863,0
380226.297946903,-12153.0598829366,0
380190.240295136,-12140.4405434706,0
380154.21992917,-12127.7129756206,0
380118.2371691,-12114.8772888712,0
380082.292334718,-12101.9335936591,0
380046.385745511,-12088.8820013713,0
380010.517720655,-12075.7226243442,0
379974.688579016,-12062.4555758647,0
379938.898639149,-12049.0809701679,0
379903.148219288,-12035.5989224363,0
379867.437637349,-12022.0095487995,0
379831.767210928,-12008.3129663344,0
379796.137257294,-11994.5092930628,0
379760.548093389,-11980.5986479512,0
379725.000035826,-11966.5811509103,0
379689.493400885,-11952.4569227947,0
379654.028504509,-11938.2260854008,0
379618.605662303,-11923.8887614665,0
379583.225189531,-11909.4450746715,0
379547.887401116,-11894.8951496352,0
379512.59261163,-11880.2391119159,0
379477.3411353,-11865.4770880105,0
379442.133285998,-11850.6092053543,0
379406.969377244,-11835.6355923185,0
379371.849722198,-11820.5563782101,0
379336.774633664,-11805.3716932722,0
379301.744424079,-11790.0816686816,0
379266.759405518,-11774.686436548,0
379231.819889685,-11759.1861299141,0
379196.926187917,-11743.5808827544,0
379162.078611174,-11727.8708299737,0
379127.27747004,-11712.0561074065,0
379092.523074724,-11696.1368518166,0
379057.815735049,-11680.1132008961,0
379023.155760456,-11663.9852932631,0
378988.543459998,-11647.7532684625,0
378953.97914234,-11631.417266965,0
378919.463115753,-11614.9774301647,0
378884.995688112,-11598.4339003788,0
378850.577166898,-11581.7868208479,0
378816.207859189,-11565.0363357335,0
378781.888071658,-11548.1825901171,0
378747.618110576,-11531.22573,0
378713.398281804,-11514.1659023024,0
378679.228890792,-11497.0032548613,0
378645.110242573,-11479.73793643,0
378611.04264177,-11462.370096678,0
378577.02639258,-11444.899886189,0
378543.061798782,-11427.3274564593,0
378509.149163728,-11409.6529598984,0
378475.288790347,-11391.8765498272,0
378441.480981132,-11373.9983804762,0
378407.726038147,-11356.0186069852,0
378374.024263021,-11337.937385403,0
378340.375956942,-11319.7548726844,0
378306.781420661,-11301.4712266904,0
378273.240954483,-11283.0866061873,0
378239.754858267,-11264.6011708453,0
378206.323431425,-11246.0150812363,0
378172.946972916,-11227.3284988345,0
378139.625781245,-11208.541586015,0
378106.360154462,-11189.6545060513,0
378073.150390154,-11170.667423115,0
378039.99678545,-11151.5805022759,0
378006.899637012,-11132.3939094987,0
377973.859241034,-11113.1078116427,0
377940.875893242,-11093.7223764614,0
377907.949888887,-11074.2377726006,0
377875.081522747,-11054.6541695965,0
377842.271089118,-11034.971737876,0
377809.518881821,-11015.1906487549,0
377776.825194189,-10995.311074436,0
377744.19031907,-10975.3331880085,0
377711.614548824,-10955.2571634475,0
377679.098175319,-10935.0831756113,0
377646.64148993,-10914.8114002405,0
377614.244783535,-10894.4420139582,0
377581.908346511,-10873.9751942669,0
377549.632468736,-10853.4111195478,0
377517.417439581,-10832.7499690602,0
377485.26354791,-10811.9919229399,0
377453.17108208,-10791.1371621967,0
377421.140329931,-10770.1858687149,0
377389.171578791,-10749.1382252515,0
377357.26511547,-10727.9944154339,0
377325.421226255,-10706.7546237591,0
377293.640196915,-10685.4190355937,0
377261.922312688,-10663.9878371704,0
377230.267858287,-10642.4612155876,0
377198.677117892,-10620.8393588088,0
377167.150375152,-10599.1224556602,0
377135.687913177,-10577.310695829,0
377104.29001454,-10555.4042698637,0
377072.956961274,-10533.4033691713,0
377041.689034863,-10511.3081860158,0
377010.48651625,-10489.1189135177,0
376979.349685826,-10466.8357456525,0
376948.27882343,-10444.458877248,0
376917.274208347,-10421.9885039843,0
376886.336119305,-10399.4248223923,0
376855.464834474,-10376.7680298511,0
376824.660631458,-10354.018324587,0
376793.923787299,-10331.1759056735,0
376763.254578472,-10308.2409730275,0
376732.65328088,-10285.2137274088,0
376702.120169854,-10262.0943704199,0
376671.655520151,-10238.8831045022,0
376641.259605948,-10215.5801329357,0
376610.932700843,-10192.185659838,0
376580.675077853,-10168.6998901619,0
376550.487009405,-10145.1230296935,0
376520.368767341,-10121.4552850522,0
376490.320622913,-10097.6968636879,0
376460.342846777,-10073.8479738793,0
376430.435708995,-10049.9088247334,0
376400.599479031,-10025.8796261833,0
376370.834425747,-10001.7605889859,0
376341.140817401,-9977.55192472183,0
376311.518921647,-9953.25384579299,0
376281.969005528,-9928.86656542035,0
376252.491335479,-9904.3902976434,0
376223.086177318,-9879.82525731851,0
376193.753796249,-9855.17166011598,0
376164.494456856,-9830.42972251971,0
376135.308423103,-9805.5996618256,0
376106.195958328,-9780.68169613854,0
376077.157325244,-9755.67604437186,0
376048.192785937,-9730.58292624605,0
376019.302601858,-9705.4025622855,0
375990.487033826,-9680.13517381787,0
375961.746342024,-9654.78098297297,0
375933.080785995,-9629.3402126794,0
375904.490624639,-9603.81308666378,0
375875.976116217,-9578.19982944978,0
375847.537518339,-9552.50066635463,0
375819.175087967,-9526.71582348835,0
375790.889081412,-9500.84552775275,0
375762.679754331,-9474.89000683794,0
375734.547361724,-9448.84948922146,0
375706.492157934,-9422.72420416732,0
375678.514396639,-9396.51438172251,0
375650.614330857,-9370.220252716,0
375622.792212936,-9343.84204875785,0
375595.048294558,-9317.38000223564,0
375567.382826732,-9290.83434631347,0
375539.796059794,-9264.20531493104,0
375512.288243403,-9237.49314280003,0
375484.85962654,-9210.69806540311,0
375457.510457505,-9183.82031899297,0
375430.240983913,-9156.86014058865,0
375403.051452694,-9129.81776797461,0
375375.94211009,-9102.69343969962,0
375348.91320165,-9075.48739507314,0
375321.964972233,-9048.19987416437,0
375295.097665998,-9020.83111780105,0
375268.31152641,-8993.38136756583,0
375241.60679623,-8965.85086579539,0
375214.983717518,-8938.23985557906,0
375188.442531627,-8910.54858075524,0
375161.983479204,-8882.77728591059,0
375135.606800183,-8854.92621637843,0
375109.312733788,-8826.99561823521,0
375083.101518526,-8798.98573829983,0
375056.973392189,-8770.89682413173,0
375030.928591846,-8742.72912402752,0
375004.967353845,-8714.48288702032,0
374979.08991381,-8686.15836287764,0
374953.296506638,-8657.75580209806,0
374927.587366496,-8629.27545591073,0
374901.96272682,-8600.71757627283,0
374876.422820311,-8572.08241586658,0
374850.967878934,-8543.37022809867,0
374825.598133915,-8514.5812670974,0
374800.31381574,-8485.71578770997,0
374775.11515415,-8456.77404550191,0
374750.002378141,-8427.75629675382,0
374724.975715961,-8398.66279845905,0
374700.035395108,-8369.49380832298,0
374675.181642326,-8340.24958475948,0
374650.414683604,-8310.93038688896,0
374625.734744174,-8281.53647453742,0
374601.14204851,-8252.06810823275,0
374576.636820322,-8222.52554920308,0
374552.219282555,-8192.9090593756,0
374527.88965739,-8163.21890137265,0
374503.648166238,-8133.45533851057,0
374479.495029738,-8103.61863479799,0
374455.430467757,-8073.70905493202,0
374431.454699385,-8043.7268642974,0
374407.567942936,-8013.6723289642,0
374383.770415941,-7983.54571568437,0
374360.062335152,-7953.34729189101,0
374336.443916534,-7923.07732569544,0
374312.915375265,-7892.73608588425,0
374289.476925737,-7862.3238419186,0
374266.128781546,-7831.84086393065,0
374242.871155497,-7801.28742272126,0
374219.704259601,-7770.66378975901,0
374196.628305067,-7739.97023717631,0
374173.643502306,-7709.20703776766,0
374150.750060928,-7678.37446498821,0
374127.948189737,-7647.47279294977,0
374105.238096728,-7616.50229641965,0
374082.619989092,-7585.46325081844,0
374060.094073204,-7554.35593221635,0
374037.66055463,-7523.18061733235,0
374015.319638118,-7491.93758353112,0
373993.071527598,-7460.62710882006,0
373970.916426183,-7429.24947184836,0
373948.854536161,-7397.8049519033,0
373926.886058998,-7366.293828908,0
373905.011195335,-7334.71638342015,0
373883.230144981,-7303.07289662792,0
373861.543106919,-7271.36365034852,0
373839.950279296,-7239.58892702608,0
373818.451859427,-7207.74900972784,0
373797.048043789,-7175.84418214312,0
373775.739028021,-7143.87472858028,0
373754.52500692,-7111.84093396359,0
373733.406174442,-7079.74308383218,0
373712.382723696,-7047.58146433626,0
373691.454846947,-7015.35636223488,0
373670.622735607,-6983.06806489439,0
373649.886580241,-6950.71686028432,0
373629.246570558,-6918.30303697604,0
373608.702895413,-6885.82688414016,0
373588.255742804,-6853.28869154295,0
373567.905299869,-6820.68874954524,0
373547.651752885,-6788.02734909886,0
373527.495287267,-6755.30478174398,0
373507.436087564,-6722.5213396077,0
373487.474337458,-6689.67731539991,0
373467.610219761,-6656.77300241166,0
373447.843916414,-6623.80869451276,0
373428.175608487,-6590.78468614795,0
373408.605476173,-6557.70127233578,0
373389.133698789,-6524.55874866504,0
373369.760454771,-6491.35741129196,0
373350.485921678,-6458.09755693878,0
373331.310276183,-6424.77948288952,0
373312.233694074,-6391.40348698832,0
373293.256350257,-6357.96986763691,0
373274.378418743,-6324.47892379079,0
373255.600072658,-6290.93095495802,0
373236.921484232,-6257.32626119552,0
373218.342824804,-6223.66514310635,0
373199.864264815,-6189.94790183807,0
373181.485973809,-6156.17483907847,0
373163.208120428,-6122.34625705404,0
373145.030872416,-6088.46245852701,0
373126.954396612,-6054.5237467918,0
373108.978858949,-6020.53042567369,0
373091.104424454,-5986.48279952475,0
373073.331257243,-5952.38117322158,0
373055.659520526,-5918.22585216314,0
373038.089376596,-5884.0171422666,0
373020.620986832,-5849.75534996597,0
373003.254511701,-5815.44078220851,0
372985.990110748,-5781.07374645176,0
372968.8279426,-5746.65455066178,0
372951.768164963,-5712.1835033089,0
372934.810934619,-5677.66091336602,0
372917.956407427,-5643.08709030548,0
372901.204738317,-5608.46234409556,0
372884.556081293,-5573.78698519898,0
372868.010589428,-5539.06132456861,0
372851.568414863,-5504.28567364545,0
372835.229708806,-5469.4603443559,0
372818.994621531,-5434.58564910785,0
372802.863302375,-5399.66190078929,0
372786.835899734,-5364.68941276406,0
372770.912561069,-5329.6684988696,0
372755.093432895,-5294.5994734144,0
372739.378660785,-5259.4826511739,0
372723.768389368,-5224.31834738908,0
372708.262762326,-5189.10687776228,0
372692.861922393,-5153.8485584548,0
372677.566011352,-5118.54370608433,0
372662.375170037,-5083.19263772092,0
372647.289538328,-5047.79567088536,0
372632.309255149,-5012.35312354515,0
372617.43445847,-4976.86531411193,0
372602.665285304,-4941.33256143891,0
372588.001871703,-4905.75518481685,0
372573.444352759,-4870.13350397238,0
372558.992862602,-4834.46783906386,0
372544.647534399,-4798.75851067894,0
372530.40850035,-4763.00583983179,0
372516.275891691,-4727.21014795916,0
372502.249838687,-4691.37175691863,0
372488.330470636,-4655.49098898435,0
372474.517915863,-4619.5681668448,0
372460.812301721,-4583.60361359967,0
372447.21375459,-4547.59765275617,0
372433.722399874,-4511.55060822709,0
372420.338361999,-4475.46280432651,0
372407.061764414,-4439.33456576772,0
372393.892729589,-4403.16621765968,0
372380.831379011,-4366.95808550372,0
372367.877833187,-4330.71049519132,0
372355.032211638,-4294.4237729998,0
372342.294632901,-4258.09824559044,0
372329.665214527,-4221.73424000442,0
372317.144073078,-4185.33208366017,0
372304.731324127,-4148.89210435044,0
372292.427082258,-4112.4146302384,0
372280.231461061,-4075.89998985566,0
372268.144573134,-4039.3485120979,0
372256.166530082,-4002.76052622276,0
372244.297442511,-3966.13636184612,0
372232.537420034,-3929.47634893892,0
372220.886571264,-3892.78081782463,0
372209.345003813,-3856.05009917503,0
372197.912824295,-3819.28452400828,0
372186.59013832,-3782.48442368458,0
372175.377050497,-3745.65012990384,0
372164.273664429,-3708.78197470213,0
372153.280082715,-3671.88029044834,0
372142.396406946,-3634.94540984158,0
372131.622737706,-3597.97766590705,0
372120.959174569,-3560.97739199396,0
372110.4058161,-3523.94492177117,0
372099.962759853,-3486.88058922493,0
372089.630102368,-3449.78472865507,0
372079.407939173,-3412.65767467191,0
372069.296364781,-3375.49976219333,0
372059.295472688,-3338.31132644086,0
372049.405355376,-3301.09270293739,0
372039.626104307,-3263.84422750284,0
372029.957809924,-3226.56623625193,0
372020.400561651,-3189.25906559009,0
372010.954447891,-3151.9230522108,0
372001.619556024,-3114.55853309201,0
371992.395972408,-3077.1658454928,0
371983.283782377,-3039.74532695058,0
371974.28307024,-3002.29731527704,0
371965.393919278,-2964.82214855579,0
371956.616411748,-2927.32016513808,0
371947.950628877,-2889.79170364047,0
371939.396650865,-2852.23710294072,0
371930.954556879,-2814.65670217508,0
371922.62442506,-2777.05084073461,0
371914.406332512,-2739.419858262,0
371906.300355312,-2701.76409464841,0
371898.306568498,-2664.08389002974,0
371890.425046079,-2626.3795847839,0
371882.655861025,-2588.65151952675,0
371874.999085271,-2550.90003510962,0
371867.454789717,-2513.12547261507,0
371860.023044223,-2475.32817335443,0
371852.703917612,-2437.50847886363,0
371845.497477666,-2399.66673090063,0
371838.403791129,-2361.80327144139,0
371831.422923703,-2323.91844267705,0
371824.554940048,-2286.01258701016,0
371817.799903783,-2248.08604705167,0
371811.157877482,-2210.1391656173,0
371804.628922678,-2172.17228572428,0
371798.213099856,-2134.18575058801,0
371791.910468458,-2096.17990361861,0
371785.721086879,-2058.15508841766,0
371779.645012467,-2020.11164877458,0
371773.682301526,-1982.04992866359,0
371767.833009306,-1943.97027223998,0
371762.097190014,-1905.87302383704,0
371756.474896805,-1867.7585279623,0
371750.966181784,-1829.62712929457,0
371745.571096006,-1791.47917268009,0
371740.289689475,-1753.31500312956,0
371735.122011143,-1715.13496581429,0
371730.06810891,-1676.93940606328,0
371725.128029623,-1638.72866935932,0
371720.301819076,-1600.50310133602,0
371715.589522008,-1562.26304777399,0
371710.991182104,-1524.00885459782,0
371706.506841996,-1485.74086787229,0
371702.136543257,-1447.45943379925,0
371697.880326406,-1409.16489871396,0
371693.738230906,-1370.85760908185,0
371689.710295162,-1332.53791149497,0
371685.796556523,-1294.20615266858,0
371681.997051277,-1255.86267943778,0
371678.311814658,-1217.50783875397,0
371674.740880839,-1179.14197768156,0
371671.284282935,-1140.76544339431,0
371667.942052999,-1102.37858317219,0
371664.714222028,-1063.98174439756,0
371661.600819955,-1025.57527455216,0
371658.601875656,-987.159521213226,0
371655.717416944,-948.734832050409,0
371652.947470571,-910.30155482209,0
371650.292062228,-871.860037372016,0
371647.751216544,-833.410627625885,0
371645.324957085,-794.953673587743,0
371643.013306357,-756.489523336781,0
371640.8162858,-718.018525023578,0
371638.733915794,-679.541026866902,0
371636.766215654,-641.057377150094,0
371634.913203633,-602.567924217656,0
371633.17489692,-564.073016471842,0
371631.551311638,-525.57300236906,0
371630.04246285,-487.068230416559,0
371628.648364551,-448.559049168906,0
371627.369029675,-410.045807224453,0
371626.204470089,-371.528853222002,0
371625.154696596,-333.008535837232,0
371624.219718935,-294.485203779278,0
371623.39954578,-255.959205787272,0
371622.694184739,-217.43089062685,0
371622.103642357,-178.900607086672,0
371621.62792411,-140.368703975019,0
371621.267034413,-101.835530116253,0
371621.020976614,-63.30143434738,0
371620.889752995,-24.7667655145646,0
371620.873364773,13.7681275303032,0
371620.971812102,52.3028959331247,0
371621.185094067,90.8371908410338,0
371621.513208689,129.37066340588,0
371621.956152926,167.902964787675,0
371622.513922667,206.433746158096,0
371623.186512738,244.962658703936,0
371623.9739169,283.489353630575,0
371624.876127848,322.013482165428,0
371625.893137212,360.53469556147,0
371627.024935557,399.052645100651,0
371628.271512385,437.566982097372,0
371629.632856131,476.077357901967,0
371631.108954167,514.583423904182,0
371632.699792799,553.084831536582,0
371634.40535727,591.581232278099,0
371636.22563176,630.072277657431,0
371638.160599383,668.557619256499,0
371640.21024219,707.036908714006,0
371642.374541169,745.50979772878,0
371644.653476245,783.975938063262,0
371647.04702628,822.434981547072,0
371649.555169071,860.886580080276,0
371652.177881357,899.330385637054,0
371654.91513881,937.76605026897,0
371657.766916043,976.193226108524,0
371660.733186607,1014.61156537265,0
371663.813922991,1053.020720366,0
371667.009096624,1091.42034348462,0
371670.318677873,1129.81008721915,0
371673.742636046,1168.18960415852,0
371677.28093939,1206.5585469932,0
371680.933555094,1244.91656851872,0
371684.700449285,1283.26332163916,0
371688.581587035,1321.59845937046,0
371692.576932356,1359.92163484406,0
371696.6864482,1398.23250131003,0
371700.910096464,1436.53071214091,0
371705.247837988,1474.81592083469,0
371709.699632554,1513.0877810187,0
371714.265438888,1551.34594645258,0
371718.945214662,1589.59007103213,0
371723.738916492,1627.81980879237,0
371728.646499939,1666.03481391127,0
371733.667919509,1704.2347407129,0
371738.803128657,1742.41924367106,0
371744.052079783,1780.58797741255,0
371749.414724235,1818.74059672066,0
371754.89101231,1856.87675653853,0
371760.480893252,1894.99611197261,0
371766.184315256,1933.09831829599,0
371772.001225466,1971.18303095187,0
371777.931569976,2009.2499055569,0
371783.975293834,2047.29859790463,0
371790.132341035,2085.32876396884,0
371796.402654531,2123.34005990699,0
371802.786176224,2161.33214206352,0
371809.282846973,2199.30466697339,0
371815.892606588,2237.25729136521,0
371822.615393837,2275.18967216492,0
371829.451146441,2313.10146649881,0
371836.399801082,2350.99233169732,0
371843.461293395,2388.86192529789,0
371850.635557975,2426.70990504889,0
371857.922528378,2464.53592891237,0
371865.322137115,2502.33965506808,0
371872.834315662,2540.12074191609,0
371880.458994454,2577.8788480809,0
371888.196102888,2615.61363241403,0
371896.045569325,2653.32475399811,0
371904.007321088,2691.01187214946,0
371912.081284468,2728.67464642214,0
371920.267384718,2766.31273661066,0
371928.565546059,2803.92580275378,0
371936.975691679,2841.51350513752,0
371945.497743733,2879.07550429861,0
371954.131623347,2916.61146102785,0
371962.877250616,2954.12103637318,0
371971.734544605,2991.60389164344,0
371980.703423352,3029.05968841097,0
371989.783803868,3066.48808851578,0
371998.975602137,3103.8887540679,0
372008.278733117,3141.26134745161,0
372017.693110743,3178.60553132782,0
372027.218647926,3215.92096863812,0
372036.855256556,3253.2073226075,0
372046.602847499,3290.46425674789,0
372056.461330604,3327.69143486147,0
372066.430614697,3364.88852104352,0
372076.510607591,3402.05517968643,0
372086.701216076,3439.19107548196,0
372097.002345931,3476.29587342553,0
372107.413901918,3513.36923881848,0
372117.935787783,3550.41083727215,0
372128.567906264,3587.42033471049,0
372139.310159084,3624.39739737353,0
372150.162446956,3661.34169182081,0
372161.124669584,3698.25288493395,0
372172.196725665,3735.13064392084,0
372183.378512888,3771.97463631765,0
372194.669927935,3808.78452999323,0
372206.070866486,3845.55999315132,0
372217.581223215,3882.30069433434,0
372229.200891795,3919.00630242644,0
372240.929764899,3955.67648665629,0
372252.767734198,3992.31091660108,0
372264.714690366,4028.90926218857,0
372276.77052308,4065.47119370145,0
372288.935121019,4101.99638177945,0
372301.208371871,4138.48449742314,0
372313.590162326,4174.93521199695,0
372326.080378084,4211.34819723187,0
372338.678903856,4247.72312522947,0
372351.38562336,4284.05966846389,0
372364.200419329,4320.35749978607,0
372377.123173506,4356.61629242602,0
372390.153766651,4392.83571999633,0
372403.292078538,4429.01545649542,0
372416.537987961,4465.1551763099,0
372429.891372728,4501.2545542188,0
372443.352109672,4537.31326539543,0
372456.920074644,4573.33098541143,0
372470.595142519,4609.30739023937,0
372484.377187197,4645.24215625563,0
372498.2660816,4681.13496024427,0
372512.261697682,4716.98547939885,0
372526.363906423,4752.79339132674,0
372540.572577832,4788.55837405125,0
372554.887580952,4824.28010601496,0
372569.308783857,4859.95826608315,0
372583.836053655,4895.59253354576,0
372598.469256493,4931.18258812181,0
372613.208257551,4966.72810996111,0
372628.052921052,5002.22877964804,0
372643.003110257,5037.6842782045,0
372658.05868747,5073.09428709217,0
372673.219514037,5108.45848821672,0
372688.485450352,5143.7765639295,0
372703.856355853,5179.04819703138,0
372719.332089028,5214.27307077554,0
372734.912507414,5249.45086886979,0
372750.597467599,5284.58127548072,0
372766.386825225,5319.66397523531,0
372782.280434988,5354.6986532248,0
372798.27815064,5389.68499500746,0
372814.379824993,5424.62268661074,0
372830.585309915,5459.51141453557,0
372846.894456338,5494.35086575779,0
372863.307114256,5529.14072773204,0
372879.823132728,5563.88068839453,0
372896.442359878,5598.57043616506,0
372913.164642899,5633.20965995134,0
372929.989828053,5667.79804915049,0
372946.917760673,5702.3352936526,0
372963.948285165,5736.82108384384,0
372981.081245012,5771.25511060813,0
372998.316482771,5805.63706533156,0
373015.653840077,5839.96663990393,0
373033.093157646,5874.24352672204,0
373050.634275276,5908.46741869299,0
373068.277031847,5942.63800923577,0
373086.021265326,5976.75499228543,0
373103.866812767,6010.81806229502,0
373121.81351031,6044.82691423827,0
373139.861193189,6078.78124361335,0
373158.009695729,6112.68074644425,0
373176.258851348,6146.52511928465,0
373194.608492563,6180.31405922042,0
373213.058450987,6214.04726387159,0
373231.608557333,6247.72443139647,0
373250.258641414,6281.34526049308,0
373269.008532151,6314.90945040248,0
373287.858057565,6348.41670091186,0
373306.807044787,6381.86671235602,0
373325.855320057,6415.2591856215,0
373345.002708727,6448.5938221484,0
373364.249035258,6481.87032393294,0
373383.59412323,6515.08839353111,0
373403.037795337,6548.24773406002,0
373422.579873393,6581.34804920152,0
373442.220178332,6614.3890432048,0
373461.95853021,6647.37042088808,0
373481.79474821,6680.29188764264,0
373501.728650637,6713.15314943442,0
373521.760054929,6745.95391280671,0
373541.88877765,6778.69388488366,0
373562.114634499,6811.37277337149,0
373582.437440308,6843.99028656216,0
373602.857009048,6876.54613333588,0
373623.373153823,6909.04002316263,0
373643.985686883,6941.47166610628,0
373664.694419616,6973.84077282605,0
373685.499162557,7006.14705457907,0
373706.399725385,7038.39022322394,0
373727.395916929,7070.56999122184,0
373748.487545168,7102.68607164004,0
373769.674417234,7134.7381781545,0
373790.956339412,7166.72602505123,0
373812.333117145,7198.64932723024,0
373833.804555034,7230.50780020729,0
373855.370456841,7262.30116011588,0
373877.03062549,7294.02912371112,0
373898.78486307,7325.69140837079,0
373920.632970839,7357.28773209835,0
373942.574749221,7388.81781352602,0
373964.609997814,7420.28137191581,0
373986.738515387,7451.67812716318,0
374008.960099885,7483.00779979932,0
374031.274548432,7514.27011099244,0
374053.681657331,7545.46478255182,0
374076.181222065,7576.59153692919,0
374098.773037303,7607.65009722082,0
374121.456896901,7638.64018717124,0
374144.2325939,7669.56153117423,0
374167.099920535,7700.41385427562,0
374190.058668231,7731.19688217646,0
374213.108627609,7761.91034123382,0
374236.249588487,7792.55395846437,0
374259.481339882,7823.12746154665,0
374282.803670013,7853.63057882219,0
374306.216366301,7884.06303929937,0
374329.719215375,7914.42457265506,0
374353.312003071,7944.71490923614,0
374376.994514434,7974.9337800634,0
374400.766533724,8005.08091683258,0
374424.627844414,8035.15605191659,0
374448.578229194,8065.15891836902,0
374472.617469974,8095.0892499249,0
374496.745347885,8124.94678100354,0
374520.961643281,8154.73124671153,0
374545.266135744,8184.44238284337,0
374569.658604082,8214.07992588491,0
374594.138826335,8243.64361301563,0
374618.706579775,8273.13318210954,0
374643.36164091,8302.54837173881,0
374668.103785484,8331.8889211756,0
374692.932788481,8361.15457039314,0
374717.848424129,8390.34506006954,0
374742.850465897,8419.46013158912,0
374767.938686504,8448.49952704384,0
374793.112857914,8477.4629892371,0
374818.372751346,8506.35026168464,0
374843.718137271,8535.16108861645,0
374869.148785415,8563.89521498029,0
374894.664464763,8592.5523864424,0
374920.26494356,8621.13234938978,0
374945.949989317,8649.63485093343,0
374971.719368805,8678.0596389089,0
374997.572848066,8706.40646187899,0
375023.510192413,8734.67506913654,0
375049.531166427,8762.86521070505,0
375075.635533968,8790.97663734157,0
375101.823058172,8819.00910053922,0
375128.093501452,8846.96235252778,0
375154.446625506,8874.83614627682,0
375180.882191315,8902.6302354979,0
375207.399959146,8930.34437464523,0
375233.999688556,8957.97831891887,0
375260.681138393,8985.5318242668,0
375287.444066799,9013.00464738549,0
375314.288231212,9040.39654572331,0
375341.213388368,9067.7072774823,0
375368.219294307,9094.93660161889,0
375395.305704368,9122.08427784724,0
375422.472373199,9149.15006664098,0
375449.719054756,9176.1337292338,0
375477.045502305,9203.03502762304,0
375504.451468427,9229.85372457106,0
375531.936705016,9256.58958360605,0
375559.500963285,9283.2423690255,0
375587.143993769,9309.81184589756,0
375614.865546325,9336.29778006179,0
375642.665370135,9362.69993813267,0
375670.543213711,9389.01808750087,0
375698.498824892,9415.25199633401,0
375726.531950853,9441.40143358014,0
375754.642338103,9467.46616896896,0
375782.829732489,9493.44597301258,0
375811.093879199,9519.34061700896,0
375839.434522762,9545.14987304311,0
375867.851407054,9570.87351398784,0
375896.344275299,9596.5113135071,0
375924.91287007,9622.06304605728,0
375953.556933294,9647.52848688782,0
375982.276206251,9672.90741204455,0
376011.070429583,9698.19959837101,0
376039.939343288,9723.40482350902,0
376068.882686729,9748.5228659019,0
376097.900198634,9773.55350479593,0
376126.9916171,9798.49652024077,0
376156.156679591,9823.35169309266,0
376185.395122949,9848.1188050159,0
376214.706683386,9872.79763848329,0
376244.091096496,9897.3879767791,0
376273.548097252,9921.88960400078,0
376303.07742001,9946.30230505927,0
376332.678798512,9970.6258656818,0
376362.351965888,9994.86007241381,0
376392.096654657,10019.0047126192,0
376421.912596735,10043.0595744828,0
376451.79952343,10067.0244470127,0
376481.757165451,10090.8991200402,0
376511.785252906,10114.6833842224,0
376541.883515309,10138.3770310442,0
376572.051681576,10161.9798528189,0
376602.289480036,10185.4916426898,0
376632.596638425,10208.9121946329,0
376662.972883898,10232.2413034575,0
376693.41794302,10255.4787648072,0
376723.93154178,10278.624375163,0
376754.513405586,10301.6779318439,0
376785.163259271,10324.6392330078,0
376815.880827093,10347.5080776542,0
376846.665832743,10370.2842656257,0
376877.517999339,10392.9675976075,0
376908.437049437,10415.5578751317,0
376939.422705028,10438.0549005772,0
376970.474687545,10460.4584771706,0
377001.592717859,10482.7684089891,0
377032.776516291,10504.9845009615,0
377064.025802606,10527.1065588686,0
377095.340296019,10549.1343893459,0
377126.7197152,10571.0677998849,0
377158.163778272,10592.9065988337,0
377189.672202816,10614.6505953986,0
377221.244705875,10636.2995996465,0
377252.881003955,10657.8534225055,0
377284.580813025,10679.3118757652,0
377316.343848525,10700.6747720807,0
377348.169825367,10721.9419249719,0
377380.058457932,10743.1131488246,0
377412.009460081,10764.1882588938,0
377444.022545154,10785.1670713037,0
377476.097425971,10806.0494030486,0
377508.233814835,10826.835071995,0
377540.431423539,10847.5238968836,0
377572.689963363,10868.1156973287,0
377605.009145078,10888.6102938207,0
377637.388678954,10909.0075077279,0
377669.828274755,10929.3071612968,0
377702.327641744,10949.509077653,0
377734.886488689,10969.613080804,0
377767.504523863,10989.6189956397,0
377800.181455046,11009.5266479325,0
377832.916989528,11029.3358643403,0
377865.710834113,11049.0464724075,0
377898.562695123,11068.6583005645,0
377931.472278393,11088.1711781308,0
377964.439289286,11107.5849353161,0
377997.463432683,11126.8994032199,0
378030.544412994,11146.1144138341,0
378063.681934159,11165.2298000442,0
378096.875699649,11184.2453956298,0
378130.125412468,11203.1610352657,0
378163.430775159,11221.9765545238,0
378196.791489805,11240.6917898741,0
378230.20725803,11259.306578685,0
378263.677781003,11277.820759225,0
378297.202759443,11296.2341706647,0
378330.781893618,11314.5466530763,0
378364.414883348,11332.7580474353,0
378398.101428011,11350.8681956224,0
378431.841226544,11368.8769404241,0
378465.633977441,11386.7841255325,0
378499.479378765,11404.5895955485,0
378533.377128143,11422.2931959822,0
378567.326922771,11439.8947732525,0
378601.328459416,11457.3941746899,0
378635.381434424,11474.7912485375,0
378669.485543714,11492.0858439508,0
378703.640482785,11509.2778109992,0
378737.845946721,11526.367000668,0
378772.101630191,11543.3532648586,0
378806.40722745,11560.2364563888,0
378840.762432345,11577.0164289949,0
378875.166938318,11593.6930373331,0
378909.620438404,11610.266136979,0
378944.122625238,11626.735584429,0
378978.673191058,11643.1012371023,0
379013.271827704,11659.3629533414,0
379047.918226625,11675.5205924116,0
379082.612078877,11691.5740145039,0
379117.353075131,11707.5230807356,0
379152.140905671,11723.3676531502,0
379186.975260399,11739.1075947187,0
379221.855828837,11754.7427693413,0
379256.782300134,11770.273041848,0
379291.754363058,11785.6982779984,0
379326.771706009,11801.0183444838,0
379361.834017021,11816.2331089283,0
379396.940983757,11831.3424398885,0
379432.092293518,11846.3462068547,0
379467.287633247,11861.2442802529,0
379502.526689525,11876.0365314446,0
379537.80914858,11890.7228327272,0
379573.134696287,11905.3030573359,0
379608.503018171,11919.7770794445,0
379643.91379941,11934.1447741655,0
379679.366724837,11948.4060175508,0
379714.861478944,11962.5606865938,0
379750.397745884,11976.6086592292,0
379785.975209471,11990.5498143335,0
379821.59355319,12004.3840317265,0
379857.252460191,12018.1111921721,0
379892.951613299,12031.7311773789,0
379928.690695009,12045.2438700002,0
379964.469387499,12058.6491536359,0
380000.287372623,12071.9469128331,0
380036.144331918,12085.1370330862,0
380072.039946607,12098.2194008376,0
380107.973897602,12111.1939034795,0
380143.945865504,12124.060429354,0
380179.955530609,12136.818867753,0
380216.002572906,12149.46910892,0
380252.086672089,12162.0110440509,0
380288.207507548,12174.444565294,0
380324.364758379,12186.7695657505,0
380360.558103387,12198.985939476,0
380396.787221084,12211.0935814813,0
380433.051789697,12223.0923877318,0
380469.351487164,12234.9822551489,0
380505.685991147,12246.7630816113,0
380542.054979026,12258.434765955,0
380578.458127902,12269.9972079732,0
380614.895114603,12281.4503084183,0
380651.36561569,12292.7939690018,0
380687.869307451,12304.0280923955,0
380724.40586591,12315.1525822307,0
380760.974966826,12326.1673431001,0
380797.576285701,12337.0722805587,0
380834.209497779,12347.8673011232,0
380870.874278045,12358.5523122728,0
380907.570301236,12369.1272224506,0
380944.297241839,12379.5919410637,0
380981.054774094,12389.9463784836,0
381017.842571996,12400.1904460464,0
381054.660309298,12410.3240560545,0
381091.507659519,12420.3471217765,0
381128.384295938,12430.2595574474,0
381165.289891601,12440.061278269,0
381202.224119325,12449.7522004116,0
381239.186651701,12459.3322410139,0
381276.177161092,12468.8013181826,0
381313.195319639,12478.1593509939,0
381350.240799265,12487.4062594941,0
381387.313271678,12496.5419646998,0
381424.412408368,12505.566388598,0
381461.537880614,12514.4794541467,0
381498.68935949,12523.2810852761,0
381535.866515863,12531.9712068886,0
381573.069020394,12540.5497448588,0
381610.296543546,12549.0166260342,0
381647.548755584,12557.3717782361,0
381684.82532658,12565.6151302599,0
381722.12592641,12573.7466118751,0
381759.450224761,12581.7661538255,0
381796.797891136,12589.6736878306,0
381834.168594854,12597.4691465858,0
381871.562005049,12605.1524637618,0
381908.977790679,12612.7235740057,0
381946.415620525,12620.1824129415,0
381983.875163198,12627.5289171708,0
382021.356087135,12634.7630242722,0
382058.858060605,12641.8846728019,0
382096.380751714,12648.8938022948,0
382133.923828407,12655.7903532645,0
382171.486958468,12662.5742672033,0
382209.069809521,12669.2454865826,0
382246.672049039,12675.8039548534,0
382284.293344346,12682.2496164471,0
382321.933362615,12688.5824167752,0
382359.591770871,12694.8023022294,0
382397.268235998,12700.9092201823,0
382434.96242474,12706.9031189881,0
382472.674003705,12712.7839479824,0
382510.40263936,12718.5516574823,0
382548.147998044,12724.2061987868,0
382585.909745967,12729.7475241777,0
382623.687549212,12735.1755869192,0
382661.481073736,12740.4903412582,0
382699.289985374,12745.6917424246,0
382737.113949845,12750.779746632,0
382774.952632753,12755.7543110776,0
382812.805699585,12760.6153939422,0
382850.672815718,12765.3629543905,0
382888.553646425,12769.9969525718,0
382926.447856871,12774.51734962,0
382964.355112119,12778.9241076533,0
383002.275077132,12783.2171897751,0
383040.207416778,12787.3965600739,0
383078.15179583,12791.4621836235,0
383116.107878969,12795.4140264831,0
383154.075330785,12799.2520556975,0
383192.053815789,12802.9762392975,0
383230.042998402,12806.5865463001,0
383268.042542968,12810.082946708,0
383306.05211375,12813.4654115105,0
383344.071374941,12816.7339126833,0
383382.099990658,12819.8884231889,0
383420.137624948,12822.9289169762,0
383458.183941792,12825.8553689811,0
383496.23860511,12828.6677551268,0
383534.301278755,12831.3660523231,0
383572.371626523,12833.9502384673,0
383610.449312158,12836.4202924441,0
383648.533999346,12838.7761941254,0
383686.625351725,12841.0179243708,0
383724.723032882,12843.1454650272,0
383762.826706364,12845.1587989295,0
383800.936035671,12847.0579099002,0
383839.050684265,12848.8427827495,0
383877.170315571,12850.5134032757,0
383915.294592982,12852.0697582647,0
383953.423179855,12853.5118354906,0
383991.555739522,12854.8396237154,0
384029.691935287,12856.0531126892,0
384067.831430431,12857.1522931501,0
384105.973888215,12858.1371568242,0
384144.118971882,12859.0076964259,0
384182.266344659,12859.7639056575,0
384220.41566976,12860.4057792095,0
384258.566610393,12860.9333127605,0
384296.718829754,12861.3465029771,0
384334.871991038,12861.6453475141,0
384373.025757437,12861.8298450142,0
384411.179792144,12861.8999951083,0
384449.333758358,12861.8557984151,0
384487.487319282,12861.6972565413,0
384525.640138129,12861.4243720815,0
384563.791878124,12861.0371486182,0
384601.942202509,12860.5355907216,0
384640.090774539,12859.9197039495,0
384678.237257494,12859.1894948476,0
384716.381314673,12858.3449709489,0
384754.522609402,12857.3861407741,0
384792.660805036,12856.3130138309,0
384830.795564961,12855.1256006148,0
384868.926552595,12853.8239126079,0
384907.053431395,12852.4079622799,0
384945.175864856,12850.877763087,0
384983.293516513,12849.2333294725,0
385021.40604995,12847.4746768663,0
385059.513128794,12845.6018216848,0
385097.614416724,12843.6147813308,0
385135.709577473,12841.5135741935,0
385173.798274827,12839.298219648,0
385211.880172631,12836.9687380556,0
385249.954934793,12834.5251507631,0
385288.022225282,12831.9674801031,0
385326.081708133,12829.2957493936,0
385364.133047452,12826.5099829376,0
385402.175907418,12823.6102060234,0
385440.20995228,12820.5964449242,0
385478.234846368,12817.4687268975,0
385516.250254091,12814.2270801855,0
385554.25583994,12810.8715340145,0
385592.251268491,12807.4021185949,0
385630.23620441,12803.8188651206,0
385668.210312453,12800.1218057692,0
385706.173257467,12796.3109737016,0
385744.124704398,12792.3864030616,0
385782.064318291,12788.3481289757,0
385819.991764292,12784.1961875532,0
385857.906707649,12779.9306158854,0
385895.80881372,12775.5514520455,0
385933.697747974,12771.0587350885,0
385971.573175988,12766.4525050507,0
386009.434763457,12761.7328029497,0
386047.282176194,12756.8996707836,0
386085.115080133,12751.953151531,0
386122.933141327,12746.8932891511,0
386160.736025961,12741.7201285825,0
386198.523400346,12736.4337157433,0
386236.294930925,12731.0340975309,0
386274.050284272,12725.521321822,0
386311.789127102,12719.8954374712,0
386349.51112627,12714.1564943112,0
386387.215948769,12708.3045431529,0
386424.903261739,12702.3396357848,0
386462.572732469,12696.261824972,0
386500.224028398,12690.0711644561,0
386537.856817118,12683.7677089554,0
386575.470766373,12677.3515141645,0
386613.06554407,12670.8226367528,0
386650.640818278,12664.1811343648,0
386688.196257228,12657.4270656201,0
386725.731529314,12650.5604901126,0
386763.246303104,12643.58146841,0
386800.740247339,12636.4900620529,0
386838.213030933,12629.2863335554,0
386875.664322973,12621.9703464044,0
386913.093792733,12614.5421650586,0
386950.501109666,12607.0018549481,0
386987.885943413,12599.349482474,0
387025.2479638,12591.5851150093,0
387062.586840846,12583.7088208964,0
387099.902244764,12575.7206694471,0
387137.193845963,12567.6207309429,0
387174.461315049,12559.4090766345,0
387211.704322832,12551.0857787406,0
387248.922540327,12542.6509104471,0
387286.115638756,12534.1045459075,0
387323.283289546,12525.4467602425,0
387360.425164343,12516.6776295389,0
387397.540935005,12507.7972308485,0
387434.63027361,12498.8056421884,0
387471.692852454,12489.7029425412,0
387508.728344055,12480.4892118529,0
387545.736421163,12471.1645310325,0
387582.716756754,12461.7289819523,0
387619.669024031,12452.1826474476,0
387656.592896435,12442.5256113146,0
387693.488047646,12432.7579583109,0
387730.354151581,12422.8797741543,0
387767.190882396,12412.8911455236,0
387803.997914497,12402.7921600564,0
387840.774922536,12392.5829063484,0
387877.521581415,12382.2634739541,0
387914.237566286,12371.8339533859,0
387950.922552561,12361.2944361126,0
387987.57621591,12350.6450145586,0
388024.198232262,12339.8857821048,0
388060.788277809,12329.016833087,0
388097.346029011,12318.038262795,0
388133.871162598,12306.9501674716,0
388170.36335557,12295.7526443135,0
388206.822285201,12284.4457914696,0
388243.247629043,12273.0297080397,0
388279.63906493,12261.5044940745,0
388315.996270975,12249.8702505754,0
388352.318925576,12238.1270794933,0
388388.606707422,12226.2750837271,0
388424.859295491,12214.3143671238,0
388461.076369053,12202.2450344788,0
388497.257607675,12190.0671915329,0
388533.402691224,12177.7809449728,0
388569.511299866,12165.3864024306,0
388605.58311407,12152.8836724829,0
388641.617814614,12140.2728646494,0
388677.615082587,12127.5540893922,0
388713.574599384,12114.7274581163,0
388749.49604672,12101.7930831677,0
388785.379106624,12088.751077832,0
388821.223461448,12075.601556335,0
388857.028793863,12062.3446338417,0
388892.794786869,12048.9804264545,0
388928.521123791,12035.5090512128,0
388964.207488287,12021.9306260928,0
388999.853564345,12008.2452700063,0
389035.459036293,11994.4531027994,0
389071.023588795,11980.5542452518,0
389106.546906858,11966.5488190769,0
389142.02867583,11952.4369469199,0
389177.46858141,11938.2187523568,0
389212.866309642,11923.8943598941,0
389248.221546925,11909.4638949686,0
389283.533980011,11894.9274839447,0
389318.80329601,11880.2852541146,0
389354.029182392,11865.5373336977,0
389389.211326989,11850.6838518393,0
389424.349417998,11835.7249386091,0
389459.443143985,11820.6607250009,0
389494.492193886,11805.4913429324,0
389529.49625701,11790.2169252426,0
389564.455023042,11774.8376056917,0
389599.368182046,11759.3535189605,0
389634.235424466,11743.7648006493,0
389669.056441131,11728.0715872762,0
389703.830923256,11712.2740162763,0
389738.558562444,11696.3722260023,0
389773.239050692,11680.3663557214,0
389807.87208039,11664.2565456148,0
389842.457344325,11648.0429367777,0
389876.994535683,11631.7256712179,0
389911.483348055,11615.3048918537,0
389945.923475434,11598.7807425137,0
389980.314612221,11582.1533679368,0
390014.656453228,11565.4229137693,0
390048.948693682,11548.5895265642,0
390083.19102922,11531.6533537816,0
390117.383155902,11514.6145437866,0
390151.524770207,11497.4732458472,0
390185.615569038,11480.229610135,0
390219.655249722,11462.8837877239,0
390253.643510016,11445.4359305877,0
390287.58004811,11427.8861915997,0
390321.464562625,11410.2347245324,0
390355.296752619,11392.4816840556,0
390389.076317591,11374.6272257344,0
390422.802957481,11356.6715060299,0
390456.47637267,11338.6146822973,0
390490.096263991,11320.456912784,0
390523.662332724,11302.1983566291,0
390557.174280601,11283.8391738629,0
390590.631809809,11265.3795254046,0
390624.034622994,11246.8195730611,0
390657.38242326,11228.1594795271,0
390690.674914173,11209.3994083828,0
390723.911799768,11190.5395240927,0
390757.092784543,11171.5799920047,0
390790.21757347,11152.5209783496,0
390823.285871992,11133.3626502383,0
390856.297386029,11114.1051756613,0
390889.251821977,11094.7487234886,0
390922.148886716,11075.2934634666,0
390954.988287607,11055.7395662175,0
390987.769732498,11036.0872032388,0
391020.492929724,11016.3365469016,0
391053.157588113,10996.4877704481,0
391085.763416987,10976.5410479921,0
391118.310126161,10956.4965545176,0
391150.797425953,10936.3544658756,0
391183.225027181,10916.1149587845,0
391215.592641165,10895.7782108292,0
391247.899979733,10875.344400458,0
391280.146755224,10854.8137069822,0
391312.332680487,10834.1863105754,0
391344.457468884,10813.4623922713,0
391376.520834296,10792.6421339621,0
391408.522491123,10771.725718398,0
391440.462154286,10750.7133291858,0
391472.339539231,10729.6051507864,0
391504.154361933,10708.4013685143,0
391535.906338892,10687.102168537,0
391567.595187146,10665.7077378715,0
391599.220624263,10644.2182643844,0
391630.78236835,10622.6339367908,0
391662.280138055,10600.9549446516,0
391693.713652567,10579.1814783724,0
391725.082631619,10557.3137292033,0
391756.386795493,10535.351889236,0
391787.625865021,10513.2961514023,0
391818.799561587,10491.1467094742,0
391849.90760713,10468.903758061,0
391880.949724146,10446.5674926078,0
391911.925635692,10424.1381093949,0
391942.835065387,10401.6158055362,0
391973.677737415,10379.0007789764,0
392004.453376528,10356.293228491,0
392035.161708048,10333.4933536845,0
392065.80245787,10310.601354988,0
392096.375352464,10287.6174336583,0
392126.880118876,10264.5417917769,0
392157.316484734,10241.3746322474,0
392187.684178249,10218.1161587939,0
392217.982928215,10194.7665759611,0
392248.212464015,10171.3260891108,0
392278.372515623,10147.7949044208,0
392308.462813603,10124.1732288844,0
392338.483089116,10100.4612703075,0
392368.433073921,10076.6592373071,0
392398.312500375,10052.7673393109,0
392428.121101438,10028.7857865543,0
392457.858610677,10004.714790079,0
392487.524762264,9980.55456173239,0
392517.119290982,9956.30531416495,0
392546.641932226,9931.9672608282,0
392576.092422006,9907.54061597431,0
392605.470496949,9883.02559465389,0
392634.775894302,9858.42241271337,0
392664.008351934,9833.73128679472,0
392693.167608338,9808.95243433345,0
392722.253402636,9784.08607355577,0
392751.265474576,9759.13242347816,0
392780.203564541,9734.09170390569,0
392809.067413547,9708.9641354289,0
392837.856763248,9683.74993942334,0
392866.571355934,9658.44933804806,0
392895.21093454,9633.0625542423,0
392923.775242643,9607.589811725,0
392952.264024467,9582.03133499337,0
392980.677024886,9556.38734931951,0
393009.013989423,9530.65808074984,0
393037.274664255,9504.84375610369,0
393065.458796217,9478.94460297,0
393093.5661328,9452.96084970649,0
393121.596422157,9426.89272543845,0
393149.549413104,9400.7404600553,0
393177.424855122,9374.50428420973,0
393205.222498361,9348.18442931654,0
393232.942093641,9321.78112754914,0
393260.583392453,9295.29461183859,0
393288.146146965,9268.72511587256,0
393315.630110021,9242.07287409169,0
393343.035035146,9215.33812168866,0
393370.360676547,9188.52109460709,0
393397.606789113,9161.6220295379,0
393424.773128423,9134.6411639184,0
393451.859450743,9107.57873593107,0
393478.865513031,9080.43498449992,0
393505.79107294,9053.21014928964,0
393532.635888817,9025.90447070426,0
393559.399719708,8998.5181898835,0
393586.08232536,8971.05154870199,0
393612.683466223,8943.50478976775,0
393639.202903454,8915.87815641862,0
393665.640398914,8888.17189272149,0
393691.995715176,8860.38624347062,0
393718.268615526,8832.52145418411,0
393744.458863963,8804.57777110325,0
393770.566225204,8776.55544119054,0
393796.590464684,8748.45471212633,0
393822.53134856,8720.27583230819,0
393848.388643712,8692.01905084864,0
393874.162117747,8663.68461757206,0
393899.851538998,8635.2727830139,0
393925.456676531,8606.78379841837,0
393950.977300143,8578.21791573532,0
393976.413180366,8549.57538761961,0
394001.764088469,8520.85646742845,0
394027.029796462,8492.06140921848,0
394052.210077094,8463.19046774523,0
394077.304703859,8434.24389846,0
394102.313450998,8405.22195750738,0
394127.236093499,8376.12490172452,0
394152.072407099,8346.95298863779,0
394176.822168292,8317.70647646056,0
394201.485154323,8288.38562409243,0
394226.061143194,8258.99069111552,0
394250.549913668,8229.5219377927,0
394274.95124527,8199.97962506655,0
394299.264918285,8170.36401455544,0
394323.490713768,8140.67536855222,0
394347.628413539,8110.91395002273,0
394371.677800189,8081.08002260194,0
394395.638657081,8051.17385059293,0
394419.510768352,8021.19569896489,0
394443.293918917,7991.14583334948,0
394466.987894467,7961.02452004005,0
394490.592481477,7930.83202598902,0
394514.107467202,7900.56861880463,0
394537.532639684,7870.23456675031,0
394560.86778775,7839.83013874135,0
394584.112701018,7809.35560434234,0
394607.267169898,7778.81123376628,0
394630.33098559,7748.19729787086,0
394653.303940092,7717.51406815649,0
394676.185826201,7686.76181676504,0
394698.976437509,7655.94081647593,0
394721.675568415,7625.05134070467,0
394744.283014118,7594.09366350104,0
394766.798570625,7563.06805954533,0
394789.222034748,7531.97480414723,0
394811.553204113,7500.81417324329,0
394833.791877155,7469.58644339357,0
394855.937853123,7438.29189178077,0
394877.990932085,7406.93079620685,0
394899.950914922,7375.50343509046,0
394921.81760334,7344.01008746577,0
394943.590799865,7312.45103297874,0
394965.270307846,7280.82655188509,0
394986.855931459,7249.1369250488,0
395008.347475708,7217.38243393811,0
395029.744746427,7185.56336062425,0
395051.047550283,7153.67998777897,0
395072.255694775,7121.73259867105,0
395093.36898824,7089.72147716522,0
395114.38723985,7057.64690771893,0
395135.310259619,7025.50917537951,0
395156.137858402,6993.308565783,0
395176.869847898,6961.04536515026,0
395197.506040652,6928.71986028504,0
395218.046250055,6896.33233857213,0
395238.490290349,6863.88308797345,0
395258.837976625,6831.37239702678,0
395279.089124831,6798.80055484292,0
395299.243551766,6766.16785110237,0
395319.301075089,6733.4745760542,0
395339.261513316,6700.72102051236,0
395359.124685824,6667.90747585328,0
395378.890412853,6635.03423401429,0
395398.558515508,6602.10158748955,0
395418.128815759,6569.10982932855,0
395437.601136445,6536.05925313354,0
395456.975301274,6502.95015305588,0
395476.251134827,6469.78282379496,0
395495.428462557,6436.55756059446,0
395514.507110793,6403.27465923985,0
395533.486906742,6369.93441605678,0
395552.367678489,6336.53712790692,0
395571.149255001,6303.08309218653,0
395589.831466124,6269.57260682357,0
395608.414142593,6236.0059702743,0
395626.897116026,6202.38348152193,0
395645.28021893,6168.70544007285,0
395663.5632847,6134.97214595425,0
395681.746147624,6101.18389971219,0
395699.828642882,6067.34100240753,0
395717.810606549,6033.44375561455,0
395735.691875597,5999.49246141769,0
395753.472287895,5965.4874224084,0
395771.151682211,5931.42894168368,0
395788.729898218,5897.317322842,0
395806.206776489,5863.1528699813,0
395823.582158503,5828.93588769657,0
395840.855886645,5794.66668107596,0
395858.027804208,5760.34555569951,0
395875.097755396,5725.97281763526,0
395892.065585323,5691.54877343678,0
395908.931140017,5657.07373014112,0
395925.694266421,5622.54799526474,0
395942.354812394,5587.97187680198,0
395958.912626711,5553.34568322163,0
395975.367559069,5518.66972346392,0
395991.719460085,5483.94430693879,0
396007.968181299,5449.16974352164,0
396024.113575175,5414.34634355166,0
396040.155495103,5379.47441782872,0
396056.0937954,5344.55427760992,0
396071.928331312,5309.58623460805,0
396087.658959016,5274.57060098735,0
396103.285535619,5239.5076893616,0
396118.807919164,5204.39781279124,0
396134.225968627,5169.24128477966,0
396149.539543922,5134.03841927173,0
396164.7485059,5098.78953064959,0
396179.852716351,5063.49493373054,0
396194.852038006,5028.15494376432,0
396209.74633454,4992.76987642924,0
396224.53547057,4957.34004783071,0
396239.219311659,4921.86577449707,0
396253.797724317,4886.34737337731,0
396268.270576,4850.78516183843,0
396282.637735117,4815.17945766154,0
396296.899071025,4779.5305790403,0
396311.054454034,4743.83884457672,0
396325.103755409,4708.104573279,0
396339.046847369,4672.32808455857,0
396352.883603089,4636.5096982265,0
396366.613896703,4600.64973449165,0
396380.237603303,4564.74851395652,0
396393.754598943,4528.80635761518,0
396407.164760637,4492.82358685007,0
396420.467966363,4456.80052342862,0
396433.664095064,4420.737489501,0
