390817.613275958,11136.6584926905,0
390850.634558715,11117.4180259769,0
390883.598813751,11098.0785526162,0
390916.505747861,11078.6402422043,0
390949.355068325,11059.1032652137,0
390982.146482904,11039.4677929918,0
391014.879699853,11019.733997759,0
391047.554427914,10999.9020526086,0
391080.170376322,10979.9721315053,0
391112.72725481,10959.944409283,0
391145.224773609,10939.819061644,0
391177.662643448,10919.5962651587,0
391210.040575564,10899.2761972628,0
391242.358281697,10878.8590362561,0
391274.615474098,10858.3449613026,0
391306.811865526,10837.7341524278,0
391338.947169258,10817.0267905173,0
391371.021099085,10796.2230573164,0
391403.033369316,10775.3231354285,0
391434.983694784,10754.3272083128,0
391466.871790845,10733.2354602837,0
391498.69737338,10712.0480765101,0
391530.460158803,10690.7652430123,0
391562.159864057,10669.3871466616,0
391593.796206618,10647.9139751796,0
391625.368904502,10626.3459171352,0
391656.877676264,10604.683161944,0
391688.322240998,10582.9258998675,0
391719.702318346,10561.0743220105,0
391751.017628495,10539.1286203199,0
391782.267892181,10517.0889875841,0
391813.452830693,10494.9556174309,0
391844.572165876,10472.7287043254,0
391875.62562013,10450.4084435697,0
391906.612916415,10427.9950313012,0
391937.533778253,10405.4886644901,0
391968.387929732,10382.8895409388,0
391999.175095505,10360.1978592808,0
392029.895000797,10337.4138189779,0
392060.547371405,10314.5376203192,0
392091.131933697,10291.5694644206,0
392121.648414623,10268.5095532216,0
392152.096541711,10245.3580894846,0
392182.476043069,10222.1152767936,0
392212.786647394,10198.7813195524,0
392243.028083966,10175.3564229819,0
392273.200082657,10151.8407931209,0
392303.30237393,10128.2346368225,0
392333.334688844,10104.5381617528,0
392363.296759055,10080.7515763902,0
392393.188316815,10056.8750900233,0
392423.009094984,10032.9089127485,0
392452.758827023,10008.8532554697,0
392482.437246998,9984.70832989618,0
392512.04408959,9960.47434854006,0
392541.579090087,9936.15152471585,0
392571.041984394,9911.74007253876,0
392600.432509031,9887.24020692174,0
392629.750401139,9862.65214357498,0
392658.995398481,9837.97609900453,0
392688.167239441,9813.21229050905,0
392717.265663033,9788.36093617928,0
392746.290408899,9763.42225489679,0
392775.241217311,9738.39646633068,0
392804.117829178,9713.28379093681,0
392832.919986041,9688.08444995681,0
392861.647430085,9662.79866541463,0
392890.299904131,9637.42666011569,0
392918.877151647,9611.96865764593,0
392947.378916746,9586.42488236843,0
392975.804944189,9560.79555942229,0
393004.154979387,9535.0809147219,0
393032.428768407,9509.28117495341,0
393060.626057969,9483.39656757361,0
393088.746595452,9457.42732080917,0
393116.790128895,9431.37366365313,0
393144.756407,9405.23582586368,0
393172.645179133,9379.01403796341,0
393200.45619533,9352.70853123584,0
393228.189206295,9326.31953772405,0
393255.843963404,9299.84729023001,0
393283.420218709,9273.29202231103,0
393310.917724938,9246.65396827841,0
393338.336235498,9219.93336319668,0
393365.675504478,9193.13044288009,0
393392.935286652,9166.2454438912,0
393420.115337479,9139.27860354014,0
393447.215413107,9112.23015988098,0
393474.235270376,9085.10035171041,0
393501.174666818,9057.88941856691,0
393528.033360661,9030.59760072707,0
393554.811110832,9003.22513920434,0
393581.507676957,8975.7722757481,0
393608.122819365,8948.23925283995,0
393634.656299091,8920.62631369252,0
393661.107877875,8892.93370224839,0
393687.477318169,8865.16166317644,0
393713.764383135,8837.31044187067,0
393739.96883665,8809.380284449,0
393766.090443307,8781.37143774958,0
393792.128968418,8753.28414932978,0
393818.084178017,8725.11866746475,0
393843.955838858,8696.87524114375,0
393869.743718423,8668.55412006927,0
393895.447584922,8640.15555465533,0
393921.067207293,8611.67979602391,0
393946.602355209,8583.12709600419,0
393972.052799075,8554.4977071305,0
393997.418310034,8525.79188263893,0
394022.698659967,8497.00987646666,0
394047.893621496,8468.15194324955,0
394073.00296799,8439.21833831898,0
394098.026473558,8410.20931770126,0
394122.963913061,8381.12513811477,0
394147.815062109,8351.96605696716,0
394172.579697063,8322.73233235471,0
394197.25759504,8293.42422305914,0
394221.848533912,8264.04198854513,0
394246.352292312,8234.58588895958,0
394270.768649633,8205.05618512812,0
394295.09738603,8175.453138553,0
394319.338282425,8145.77701141219,0
394343.491120507,8116.02806655558,0
394367.555682734,8086.20656750335,0
394391.531752337,8056.31277844469,0
394415.419113319,8026.34696423395,0
394439.217550463,7996.30939038937,0
394462.926849326,7966.20032309132,0
394486.546796247,7936.02002917857,0
394510.077178348,7905.76877614732,0
394533.517783535,7875.44683214888,0
394556.868400501,7845.05446598618,0
394580.128818729,7814.59194711311,0
394603.29882849,7784.0595456314,0
394626.37822085,7753.45753228777,0
394649.366787671,7722.78617847317,0
394672.26432161,7692.04575621913,0
394695.070616125,7661.23653819554,0
394717.785465475,7630.35879770956,0
394740.408664721,7599.41280870171,0
394762.940009732,7568.3988457442,0
394785.379297182,7537.31718403938,0
394807.726324556,7506.16809941569,0
394829.98089015,7474.95186832668,0
394852.142793075,7443.66876784849,0
394874.211833256,7412.31907567641,0
394896.187811436,7380.90307012395,0
394918.070529178,7349.42103011962,0
394939.859788868,7317.87323520414,0
394961.555393712,7286.25996552942,0
394983.157147746,7254.58150185472,0
395004.664855831,7222.83812554464,0
395026.078323658,7191.03011856762,0
395047.397357751,7159.15776349188,0
395068.621765466,7127.22134348416,0
395089.751354995,7095.22114230729,0
395110.785935369,7063.15744431658,0
395131.725316455,7031.03053445884,0
395152.569308965,6998.84069826902,0
395173.317724453,6966.58822186744,0
395193.970375317,6934.27339195862,0
395214.527074803,6901.89649582727,0
395234.987637008,6869.45782133644,0
395255.351876878,6836.95765692568,0
395275.619610211,6804.39629160699,0
395295.790653661,6771.77401496367,0
395315.864824739,6739.09111714739,0
395335.841941814,6706.34788887486,0
395355.721824116,6673.54462142676,0
395375.504291736,6640.68160664391,0
395395.18916563,6607.75913692497,0
395414.776267619,6574.77750522481,0
395434.265420394,6541.73700505036,0
395453.656447513,6508.63793045927,0
395472.949173406,6475.48057605708,0
395492.143423378,6442.26523699379,0
395511.239023606,6408.99220896265,0
395530.235801148,6375.66178819636,0
395549.133583937,6342.27427146472,0
395567.932200787,6308.82995607284,0
395586.631481396,6275.32913985705,0
395605.231256344,6241.77212118347,0
395623.731357098,6208.15919894505,0
395642.131616012,6174.49067255816,0
395660.431866329,6140.76684196138,0
395678.631942183,6106.98800761143,0
395696.731678602,6073.15447048103,0
395714.730911505,6039.26653205687,0
395732.629477712,6005.32449433546,0
395750.427214936,5971.32865982191,0
395768.123961793,5937.27933152642,0
395785.719557799,5903.17681296134,0
395803.213843372,5869.0214081396,0
395820.606659836,5834.81342157053,0
395837.89784942,5800.55315825809,0
395855.087255261,5766.24092369814,0
395872.174721408,5731.87702387476,0
395889.160092817,5697.46176525892,0
395906.043215359,5662.99545480444,0
395922.823935821,5628.47839994576,0
395939.502101902,5593.91090859566,0
395956.077562223,5559.29328914119,0
395972.550166321,5524.62585044237,0
395988.919764655,5489.90890182839,0
396005.186208607,5455.14275309488,0
396021.349350481,5420.32771450201,0
396037.409043509,5385.46409677025,0
396053.365141849,5350.55221107886,0
396069.217500586,5315.5923690624,0
396084.965975738,5280.58488280767,0
396100.610424253,5245.53006485192,0
396116.150704012,5210.42822817858,0
396131.586673831,5175.27968621562,0
396146.918193463,5140.08475283219,0
396162.145123598,5104.84374233536,0
396177.267325865,5069.55696946841,0
396192.284662833,5034.22474940653,0
396207.196998015,4998.84739775503,0
396222.004195867,4963.42523054612,0
396236.706121788,4927.9585642355,0
396251.302642126,4892.44771570063,0
396265.793624174,4856.89300223646,0
396280.178936179,4821.29474155359,0
396294.458447333,4785.65325177494,0
396308.632027784,4749.96885143245,0
396322.699548631,4714.2418594652,0
396336.660881932,4678.47259521516,0
396350.515900695,4642.66137842538,0
396364.264478891,4606.80852923645,0
396377.906491447,4570.91436818342,0
396391.441814251,4534.97921619369,0
396404.870324153,4499.00339458279,0
396418.191898966,4462.98722505267,0
396431.406417466,4426.93102968782,0
396444.513759396,4390.8351309526,0
396457.513805465,4354.69985168866,0
396470.40643735,4318.52551511098,0
396483.191537698,4282.31244480613,0
396495.868990127,4246.06096472808,0
396508.438679226,4209.77139919597,0
396520.900490557,4173.44407289097,0
396533.254310657,4137.07931085276,0
396545.500027039,4100.6774384775,0
396557.637528191,4064.23878151358,0
396569.666703582,4027.76366605973,0
396581.587443658,3991.25241856124,0
396593.399639846,3954.70536580709,0
396605.103184554,3918.12283492733,0
396616.697971174,3881.50515338914,0
396628.183894081,3844.85264899491,0
396639.560848635,3808.16564987807,0
396650.828731184,3771.44448450086,0
396661.98743906,3734.68948165088,0
396673.036870586,3697.90097043787,0
396683.976925074,3661.07928029127,0
396694.807502826,3624.22474095615,0
396705.528505137,3587.33768249128,0
396716.139834293,3550.41843526489,0
396726.641393575,3513.46732995252,0
396737.033087259,3476.48469753334,0
396747.314820617,3439.47086928716,0
396757.486499916,3402.42617679167,0
396767.548032425,3365.3509519186,0
396777.499326408,3328.24552683156,0
396787.340291132,3291.11023398189,0
396797.070836862,3253.94540610647,0
396806.690874868,3216.75137622388,0
396816.200317421,3179.52847763162,0
396825.599077796,3142.27704390303,0
396834.887070275,3104.99740888371,0
396844.064210143,3067.6899066891,0
396853.130413693,3030.35487170039,0
396862.085598226,2992.99263856241,0
396870.929682051,2955.60354217946,0
396879.662584486,2918.187917713,0
396888.284225861,2880.74610057783,0
396896.794527515,2843.27842643936,0
396905.193411801,2805.78523121025,0
396913.480802084,2768.2668510471,0
396921.656622742,2730.72362234772,0
396929.720799169,2693.15588174725,0
396937.673257774,2655.5639661158,0
396945.513925981,2617.94821255437,0
396953.242732234,2580.30895839256,0
396960.859605991,2542.64654118449,0
396968.364477732,2504.96129870638,0
396975.757278953,2467.25356895271,0
396983.037942174,2429.52369013348,0
396990.206400931,2391.77200067069,0
396997.262589787,2353.99883919527,0
397004.206444323,2316.20454454389,0
397011.037901146,2278.38945575553,0
397017.756897883,2240.5539120686,0
397024.363373189,2202.69825291728,0
397030.857266744,2164.82281792879,0
397037.23851925,2126.92794691958,0
397043.507072439,2089.01397989274,0
397049.662869069,2051.08125703407,0
397055.705852925,2013.13011870952,0
397061.635968822,1975.1609054613,0
397067.453162601,1937.17395800526,0
397073.157381136,1899.169617227,0
397078.748572327,1861.14822417927,0
397084.226685109,1823.11012007805,0
397089.591669445,1785.05564629995,0
397094.843476332,1746.98514437833,0
397099.982057797,1708.89895600062,0
397105.007366901,1670.79742300448,0
397109.91935774,1632.6808873751,0
397114.71798544,1594.54969124139,0
397119.403206165,1556.40417687321,0
397123.974977113,1518.24468667762,0
397128.433256516,1480.07156319608,0
397132.778003643,1441.88514910069,0
397137.009178798,1403.68578719138,0
397141.126743323,1365.47382039216,0
397145.130659597,1327.24959174832,0
397149.020891037,1289.01344442268,0
397152.797402095,1250.76572169269,0
397156.460158265,1212.50676694682,0
397160.009126078,1174.23692368157,0
397163.444273103,1135.95653549791,0
397166.765567951,1097.66594609814,0
397169.972980271,1059.36549928259,0
397173.066480753,1021.05553894621,0
397176.046041127,982.736409075476,0
397178.911634163,944.408453744793,0
397181.663233673,906.072017113545,0
397184.30081451,867.727443422445,0
397186.824352571,829.375076990535,0
397189.23382479,791.015262211652,0
397191.529209147,752.648343551239,0
397193.710484664,714.274665543049,0
397195.777631405,675.894572785707,0
397197.730630475,637.508409939606,0
397199.569464026,599.116521723376,0
397201.29411525,560.719252910741,0
397202.904568384,522.316948327145,0
397204.400808708,483.909952846381,0
397205.782822547,445.498611387408,0
397207.050597268,407.083268910915,0
397208.204121284,368.664270416049,0
397209.24338405,330.241960937147,0
397210.168376068,291.816685540332,0
397210.979088882,253.388789320251,0
397211.675515082,214.958617396767,0
397212.257648303,176.526514911604,0
397212.725483223,138.09282702504,0
397213.079015566,99.6578989126103,0
397213.318242101,61.2220757617711,0
397213.44316064,22.7857027685793,0
397213.453770042,-15.6508748656216,0
397213.35007021,-54.0873119375214,0
397213.132062092,-92.5232632451549,0
397212.799747681,-130.958383591233,0
397212.353130013,-169.392327786452,0
397211.792213173,-207.824750652819,0
397211.117002286,-246.255307026971,0
397210.327503524,-284.683651763483,0
397209.423724104,-323.109439738188,0
397208.405672288,-361.532325851508,0
397207.27335738,-399.951965031771,0
397206.02678973,-438.368012238499,0
397204.665980733,-476.780122465744,0
397203.190942826,-515.18795074544,0
397201.601689492,-553.591152150643,0
397199.898235257,-591.989381798889,0
397198.08059569,-630.382294855548,0
397196.148787405,-668.769546537032,0
397194.102828058,-707.150792114207,0
397191.942736348,-745.525686915681,0
397189.668532018,-783.893886331032,0
397187.280235854,-822.255045814288,0
397184.777869682,-860.608820887042,0
397182.161456372,-898.954867141895,0
397179.431019837,-937.292840245741,0
397176.58658503,-975.622395942972,0
397173.628177945,-1013.94319005898,0
397170.555825619,-1052.25487850322,0
397167.369556128,-1090.55711727273,0
397164.069398589,-1128.84956245527,0
397160.655383161,-1167.13187023272,0
397157.12754104,-1205.40369688436,0
397153.485904464,-1243.66469879006,0
397149.730506707,-1281.91453243383,0
397145.861382086,-1320.15285440675,0
397141.878565954,-1358.37932141065,0
397137.7820947,-1396.59359026102,0
397133.572005755,-1434.7953178907,0
397129.248337585,-1472.98416135274,0
397124.811129691,-1511.15977782407,0
397120.260422613,-1549.32182460848,0
397115.596257927,-1587.46995914015,0
397110.818678241,-1625.60383898671,0
397105.927727202,-1663.72312185267,0
397100.92344949,-1701.82746558262,0
397095.805890818,-1739.91652816455,0
397090.575097933,-1777.98996773306,0
397085.231118615,-1816.04744257268,0
397079.774001677,-1854.08861112113,0
397074.203796964,-1892.11313197252,0
397068.52055535,-1930.12066388074,0
397062.724328743,-1968.11086576257,0
397056.81517008,-2006.08339670105,0
397050.793133325,-2044.03791594866,0
397044.658273475,-2081.97408293063,0
397038.410646553,-2119.89155724815,0
397032.050309611,-2157.7899986816,0
397025.577320728,-2195.66906719387,0
397018.991739007,-2233.52842293349,0
397012.293624581,-2271.367726238,0
397005.483038605,-2309.186637637,0
396998.56004326,-2346.98481785565,0
396991.524701751,-2384.76192781754,0
396984.377078305,-2422.51762864837,0
396977.117238171,-2460.25158167862,0
396969.745247623,-2497.96344844742,0
396962.261173951,-2535.65289070502,0
396954.66508547,-2573.31957041682,0
396946.957051512,-2610.96314976575,0
396939.137142428,-2648.58329115627,0
396931.205429586,-2686.17965721685,0
396923.161985374,-2723.7519108038,0
396915.006883194,-2761.29971500395,0
396906.740197463,-2798.82273313823,0
396898.362003615,-2836.32062876463,0
396889.872378097,-2873.79306568144,0
396881.271398368,-2911.23970793056,0
396872.559142901,-2948.66021980036,0
396863.735691178,-2986.05426582939,0
396854.801123695,-3023.42151080879,0
396845.755521955,-3060.76161978641,0
396836.598968469,-3098.07425806892,0
396827.331546758,-3135.35909122602,0
396817.953341349,-3172.61578509267,0
396808.464437775,-3209.84400577293,0
396798.864922574,-3247.04341964274,0
396789.154883288,-3284.21369335308,0
396779.334408462,-3321.35449383344,0
396769.403587644,-3358.46548829433,0
396759.362511382,-3395.54634423125,0
396749.211271225,-3432.59672942687,0
396738.949959721,-3469.61631195512,0
396728.578670417,-3506.60476018341,0
396718.097497854,-3543.56174277647,0
396707.506537574,-3580.48692869906,0
396696.805886111,-3617.37998721902,0
396685.995640992,-3654.2405879109,0
396675.075900741,-3691.06840065818,0
396664.04676487,-3727.86309565741,0
396652.908333884,-3764.62434342024,0
396641.660709277,-3801.35181477743,0
396630.303993531,-3838.04518088129,0
396618.838290118,-3874.70411320897,0
396607.263703493,-3911.32828356581,0
396595.580339099,-3947.91736408766,0
396583.788303362,-3984.47102724499,0
396571.887703691,-4020.98894584482,0
396559.878648476,-4057.47079303475,0
396547.76124709,-4093.91624230536,0
396535.535609883,-4130.32496749342,0
396523.201848184,-4166.69664278528,0
396510.7600743,-4203.0309427191,0
396498.210401513,-4239.32754218892,0
396485.55294408,-4275.58611644665,0
396472.78781723,-4311.80634110585,0
396459.915137167,-4347.98789214445,0
396446.935021062,-4384.13044590746,0
396433.84758706,-4420.2336791108,0
396420.652954271,-4456.29726884311,0
396407.351242773,-4492.32089257,0
396393.942573611,-4528.30422813601,0
396380.427068793,-4564.24695376809,0
396366.80485129,-4600.14874807877,0
396353.076045036,-4636.00929006826,0
396339.240774926,-4671.82825912865,0
396325.299166812,-4707.60533504566,0
396311.251347505,-4743.34019800242,0
396297.097444773,-4779.03252858222,0
396282.837587339,-4814.68200777091,0
396268.471904878,-4850.28831696094,0
396254.00052802,-4885.85113795296,0
396239.423588344,-4921.37015295989,0
396224.74121838,-4956.84504460923,0
396209.953551604,-4992.27549594583,0
396195.06072244,-5027.66119043563,0
396180.062866258,-5063.0018119673,0
396164.960119371,-5098.29704485637,0
396149.752619034,-5133.54657384739,0
396134.440503444,-5168.75008411673,0
396119.023911736,-5203.9072612763,0
396103.502983984,-5239.0177913751,0
396087.877861198,-5274.08136090342,0
396072.148685323,-5309.09765679485,0
396056.315599238,-5344.06636642914,0
396040.378746754,-5378.98717763585,0
396024.338272611,-5413.8597786959,0
396008.19432248,-5448.68385834567,0
395991.947042957,-5483.4591057791,0
395975.596581566,-5518.18521065035,0
395959.143086753,-5552.8618630776,0
395942.58670789,-5587.48875364444,0
395925.927595266,-5622.06557340395,0
395909.165900093,-5656.59201388089,0
395892.301774499,-5691.06776707414,0
395875.335371529,-5725.49252546058,0
395858.266845142,-5759.86598199654,0
395841.096350211,-5794.18783012152,0
395823.824042519,-5828.45776376084,0
395806.450078762,-5862.67547732754,0
395788.97461654,-5896.84066572655,0
395771.397814363,-5930.95302435611,0
395753.719831643,-5965.01224911116,0
395735.940828698,-5999.01803638636,0
395718.060966746,-6032.97008307765,0
395700.080407904,-6066.86808658645,0
395681.999315189,-6100.71174482133,0
395663.817852513,-6134.50075620076,0
395645.536184683,-6168.23481965674,0
395627.1544774,-6201.91363463604,0
395608.672897256,-6235.53690110411,0
395590.09161173,-6269.1043195474,0
395571.410789193,-6302.61559097528,0
395552.630598898,-6336.07041692412,0
395533.751210986,-6369.46849945862,0
395514.772796478,-6402.80954117502,0
395495.695527276,-6436.0932452042,0
395476.519576162,-6469.31931521302,0
395457.245116794,-6502.48745540839,0
395437.872323707,-6535.59737053913,0
395418.401372308,-6568.64876589817,0
395398.832438876,-6601.64134732648,0
395379.165700561,-6634.57482121419,0
395359.401335379,-6667.44889450399,0
395339.539522215,-6700.263274694,0
395319.580440816,-6733.0176698391,0
395299.524271794,-6765.71178855497,0
395279.371196619,-6798.34534001985,0
395259.121397623,-6830.91803397671,0
395238.775057991,-6863.42958073711,0
395218.332361766,-6895.8796911823,0
395197.793493845,-6928.26807676644,0
395177.158639973,-6960.5944495196,0
395156.427986747,-6992.85852204889,0
395135.601721611,-7025.06000754241,0
395114.680032855,-7057.19861977119,0
395093.663109611,-7089.27407309097,0
395072.551141854,-7121.28608244619,0
395051.344320398,-7153.23436337117,0
395030.042836898,-7185.11863199286,0
395008.64688384,-7216.93860503417,0
394987.156654547,-7248.69399981495,0
394965.572343174,-7280.3845342556,0
394943.894144705,-7312.00992687946,0
394922.122254952,-7343.56989681408,0
394900.256870554,-7375.06416379522,0
394878.298188974,-7406.4924481684,0
394856.246408495,-7437.85447089088,0
394834.101728224,-7469.14995353545,0
394811.864348082,-7500.37861829143,0
394789.534468809,-7531.54018796753,0
394767.112291957,-7562.63438599498,0
394744.598019891,-7593.66093642845,0
394721.991855785,-7624.61956394953,0
394699.294003623,-7655.50999386913,0
394676.504668193,-7686.33195212862,0
394653.624055088,-7717.08516530365,0
394630.6523707,-7747.76936060587,0
394607.589822225,-7778.3842658845,0
394584.436617652,-7808.92960963021,0
394561.19296577,-7839.40512097622,0
394537.859076158,-7869.81052970058,0
394514.435159188,-7900.14556622967,0
394490.92142602,-7930.40996163899,0
394467.318088603,-7960.60344765612,0
394443.625359669,-7990.72575666362,0
394419.843452734,-8020.77662169983,0
394395.972582095,-8050.75577646228,0
394372.012962827,-8080.66295531001,0
394347.964810782,-8110.49789326453,0
394323.828342585,-8140.26032601352,0
394299.603775636,-8169.94998991262,0
394275.291328102,-8199.56662198662,0
394250.891218921,-8229.10995993333,0
394226.403667793,-8258.57974212484,0
394201.828895184,-8287.97570760918,0
394177.167122323,-8317.29759611403,0
394152.418571194,-8346.54514804761,0
394127.583464542,-8375.71810450089,0
394102.662025863,-8404.81620725091,0
394077.654479411,-8433.83919876158,0
394052.561050185,-8462.7868221862,0
394027.381963935,-8491.65882137055,0
394002.117447156,-8520.45494085346,0
393976.767727089,-8549.17492586983,0
393951.333031714,-8577.81852235323,0
393925.813589751,-8606.38547693654,0
393900.209630658,-8634.87553695523,0
393874.521384628,-8663.28845044957,0
393848.749082584,-8691.62396616535,0
393822.892956184,-8719.88183355737,0
393796.95323781,-8748.06180279128,0
393770.930160572,-8776.16362474446,0
393744.823958303,-8804.18705100955,0
393718.634865558,-8832.13183389608,0
393692.36311761,-8859.99772643141,0
393666.008950449,-8887.78448236437,0
393639.572600781,-8915.49185616663,0
393613.054306023,-8943.11960303374,0
393586.454304301,-8970.66747888882,0
393559.772834451,-8998.13524038371,0
393533.010136013,-9025.52264490016,0
393506.166449229,-9052.82945055345,0
393479.242015045,-9080.05541619342,0
393452.237075102,-9107.20030140578,0
393425.151871738,-9134.26386651563,0
393397.986647987,-9161.24587258846,0
393370.741647571,-9188.14608143143,0
393343.417114904,-9214.96425559695,0
393316.013295085,-9241.70015838352,0
393288.530433898,-9268.3535538371,0
393260.96877781,-9294.92420675463,0
393233.328573966,-9321.41188268479,0
393205.610070189,-9347.81634792944,0
393177.813514979,-9374.13736954706,0
393149.939157505,-9400.37471535347,0
393121.987247609,-9426.52815392332,0
393093.958035802,-9452.5974545934,0
393065.851773256,-9478.58238746344,0
393037.668711811,-9504.48272339749,0
393009.409103965,-9530.29823402726,0
392981.073202875,-9556.02869175291,0
392952.661262355,-9581.67386974433,0
392924.173536871,-9607.23354194449,0
392895.610281542,-9632.70748307027,0
392866.971752134,-9658.09546861363,0
392838.258205062,-9683.39727484494,0
392809.469897381,-9708.6126788139,0
392780.607086793,-9733.7414583505,0
392751.670031633,-9758.78339206846,0
392722.658990878,-9783.73825936613,0
392693.574224137,-9808.60584042735,0
392664.415991651,-9833.38591622485,0
392635.18455429,-9858.07826852128,0
392605.880173552,-9882.68267986991,0
392576.503111561,-9907.19893361797,0
392547.053631059,-9931.62681390779,0
392517.531995412,-9955.96610567745,0
392487.9384686,-9980.21659466391,0
392458.273315221,-10004.3780674044,0
392428.536800483,-10028.450311237,0
392398.729190204,-10052.4331143033,0
392368.850750811,-10076.3262655506,0
392338.901749334,-10100.1295547316,0
392308.882453408,-10123.8427724078,0
392278.793131265,-10147.4657099508,0
392248.634051737,-10170.9981595431,0
392218.40548425,-10194.4399141803,0
392188.107698823,-10217.7907676732,0
392157.740966065,-10241.0505146485,0
392127.305557173,-10264.2189505501,0
392096.801743927,-10287.2958716425,0
392066.229798694,-10310.2810750105,0
392035.589994417,-10333.1743585612,0
392004.882604618,-10355.9755210263,0
391974.107903396,-10378.6843619632,0
391943.266165419,-10401.3006817555,0
391912.357665929,-10423.8242816167,0
391881.382680732,-10446.2549635901,0
391850.341486203,-10468.5925305501,0
391819.234359277,-10490.836786205,0
391788.061577448,-10512.9875350981,0
391756.823418771,-10535.0445826079,0
391725.520161854,-10557.0077349513,0
391694.152085858,-10578.8767991846,0
391662.719470493,-10600.6515832041,0
391631.222596017,-10622.3318957482,0
391599.661743235,-10643.9175463995,0
391568.03719349,-10665.4083455851,0
391536.34922867,-10686.8041045782,0
391504.598131196,-10708.1046355005,0
391472.784184026,-10729.3097513228,0
391440.90767065,-10750.4192658659,0
391408.968875087,-10771.4329938034,0
391376.968081884,-10792.3507506625,0
391344.905576111,-10813.1723528244,0
391312.781643362,-10833.8976175269,0
391280.596569749,-10854.5263628659,0
391248.350641902,-10875.0584077956,0
391216.044146965,-10895.4935721304,0
391183.677372592,-10915.8316765472,0
391151.250606949,-10936.0725425852,0
391118.764138707,-10956.2159926477,0
391086.218257041,-10976.2618500044,0
391053.613251628,-10996.2099387917,0
391020.949412644,-11016.0600840137,0
390988.227030761,-11035.8121115446,0
390955.446397145,-11055.4658481299,0
390922.607803453,-11075.0211213862,0
390889.711541831,-11094.4777598039,0
390856.757904909,-11113.8355927488,0
390823.747185803,-11133.0944504618,0
390790.67967811,-11152.254164061,0
390757.555675902,-11171.3145655435,0
390724.375473729,-11190.2754877861,0
390691.139366616,-11209.1367645457,0
390657.847650053,-11227.8982304621,0
390624.500620003,-11246.5597210586,0
390591.098572892,-11265.1210727423,0
390557.641805608,-11283.5821228064,0
390524.130615501,-11301.9427094315,0
390490.565300377,-11320.202671686,0
390456.946158497,-11338.3618495271,0
390423.273488574,-11356.4200838035,0
390389.547589772,-11374.3772162551,0
390355.7687617,-11392.2330895142,0
390321.937304414,-11409.9875471076,0
390288.053518408,-11427.6404334573,0
390254.117704618,-11445.191593881,0
390220.130164416,-11462.6408745938,0
390186.091199608,-11479.9881227099,0
390152.001112431,-11497.2331862427,0
390117.86020555,-11514.3759141058,0
390083.668782057,-11531.4161561153,0
390049.427145466,-11548.3537629902,0
390015.135599715,-11565.1885863528,0
389980.794449157,-11581.9204787306,0
389946.40399856,-11598.5492935579,0
389911.964553109,-11615.0748851754,0
389877.476418394,-11631.4971088318,0
389842.939900418,-11647.8158206859,0
389808.355305584,-11664.0308778064,0
389773.7229407,-11680.1421381729,0
389739.043112974,-11696.1494606775,0
389704.31613001,-11712.0527051262,0
389669.542299806,-11727.8517322389,0
389634.721930753,-11743.5464036503,0
389599.855331632,-11759.1365819124,0
389564.942811607,-11774.6221304944,0
389529.984680228,-11790.002913783,0
389494.981247429,-11805.2787970847,0
389459.932823516,-11820.4496466265,0
389424.839719177,-11835.5153295562,0
389389.70224547,-11850.4757139435,0
389354.520713825,-11865.3306687817,0
389319.295436038,-11880.0800639881,0
389284.026724273,-11894.7237704045,0
389248.714891055,-11909.2616597985,0
389213.360249269,-11923.6936048652,0
389177.963112157,-11938.019479227,0
389142.523793317,-11952.2391574341,0
389107.042606699,-11966.3525149673,0
389071.519866598,-11980.3594282374,0
389035.955887663,-11994.2597745861,0
389000.350984882,-12008.0534322871,0
388964.705473585,-12021.7402805477,0
388929.019669441,-12035.3201995088,0
388893.293888455,-12048.7930702453,0
388857.528446968,-12062.1587747681,0
388821.723661646,-12075.4171960249,0
388785.879849488,-12088.5682178999,0
388749.997327816,-12101.611725215,0
388714.076414276,-12114.5476037317,0
388678.117426832,-12127.3757401508,0
388642.120683767,-12140.0960221133,0
388606.086503679,-12152.7083382012,0
388570.015205476,-12165.2125779391,0
388533.907108376,-12177.6086317943,0
388497.762531907,-12189.8963911767,0
388461.581795896,-12202.0757484413,0
388425.365220473,-12214.1465968882,0
388389.113126066,-12226.108830763,0
388352.825833403,-12237.9623452576,0
388316.503663501,-12249.7070365115,0
388280.146937666,-12261.3428016126,0
388243.755977498,-12272.8695385968,0
388207.331104877,-12284.2871464493,0
388170.872641968,-12295.5955251063,0
388134.380911213,-12306.7945754545,0
388097.856235336,-12317.8841993319,0
388061.298937331,-12328.8642995285,0
388024.709340467,-12339.7347797881,0
387988.087768278,-12350.4955448076,0
387951.434544569,-12361.1465002378,0
387914.749993407,-12371.6875526848,0
387878.034439118,-12382.1186097104,0
387841.288206289,-12392.4395798326,0
387804.511619762,-12402.6503725258,0
387767.705004632,-12412.750898222,0
387730.868686243,-12422.7410683121,0
387694.002990188,-12432.6207951451,0
387657.108242304,-12442.3899920289,0
387620.184768673,-12452.0485732322,0
387583.232895611,-12461.596453984,0
387546.252949674,-12471.0335504747,0
387509.245257656,-12480.3597798555,0
387472.210146576,-12489.5750602408,0
387435.147943684,-12498.6793107081,0
387398.058976456,-12507.6724512977,0
387360.943572593,-12516.5544030139,0
387323.802060017,-12525.325087826,0
387286.634766862,-12533.9844286686,0
387249.442021485,-12542.5323494415,0
387212.224152451,-12550.9687750106,0
387174.981488538,-12559.2936312088,0
387137.714358726,-12567.5068448367,0
387100.423092203,-12575.608343662,0
387063.108018362,-12583.5980564206,0
387025.769466789,-12591.4759128175,0
386988.40776727,-12599.2418435272,0
386951.023249781,-12606.8957801938,0
386913.616244494,-12614.437655431,0
386876.187081768,-12621.8674028239,0
386838.736092145,-12629.1849569288,0
386801.263606349,-12636.3902532735,0
386763.76995529,-12643.4832283576,0
386726.255470051,-12650.4638196533,0
386688.720481891,-12657.3319656064,0
386651.165322238,-12664.0876056358,0
386613.590322696,-12670.7306801338,0
386575.995815031,-12677.2611304673,0
386538.382131173,-12683.6788989782,0
386500.749603212,-12689.9839289832,0
386463.098563401,-12696.1761647746,0
386425.429344147,-12702.2555516201,0
386387.742278009,-12708.2220357645,0
386350.037697696,-12714.075564429,0
386312.315936064,-12719.8160858117,0
386274.57732612,-12725.443549088,0
386236.822201007,-12730.9579044114,0
386199.050894008,-12736.3591029135,0
386161.263738545,-12741.6470967044,0
386123.461068176,-12746.8218388727,0
386085.643216586,-12751.8832834866,0
386047.810517591,-12756.8313855939,0
386009.963305132,-12761.6661012219,0
385972.101913277,-12766.387387378,0
385934.226676211,-12770.9952020505,0
385896.337928237,-12775.4895042082,0
385858.436003773,-12779.8702538012,0
385820.521237352,-12784.1374117605,0
385782.593963616,-12788.2909399994,0
385744.654517312,-12792.3308014127,0
385706.703233293,-12796.2569598777,0
385668.740446515,-12800.0693802538,0
385630.76649203,-12803.7680283837,0
385592.781704987,-12807.3528710929,0
385554.78642063,-12810.8238761899,0
385516.780974294,-12814.1810124669,0
385478.765701399,-12817.4242497,0
385440.740937454,-12820.5535586491,0
385402.707018048,-12823.5689110584,0
385364.664278853,-12826.4702796563,0
385326.613055614,-12829.2576381561,0
385288.553684154,-12831.9309612558,0
385250.486500368,-12834.4902246385,0
385212.411840217,-12836.9354049724,0
385174.330039729,-12839.2664799114,0
385136.241435,-12841.4834280947,0
385098.146362182,-12843.5862291473,0
385060.045157488,-12845.5748636803,0
385021.938157184,-12847.4493132908,0
384983.825697592,-12849.2095605623,0
384945.708115082,-12850.8555890644,0
384907.585746071,-12852.3873833536,0
384869.458927022,-12853.8049289727,0
384831.327994441,-12855.1082124518,0
384793.19328487,-12856.2972213075,0
384755.055134889,-12857.3719440438,0
384716.913881114,-12858.3323701514,0
384678.769860188,-12859.1784901089,0
384640.623408786,-12859.9102953818,0
384602.474863607,-12860.5277784231,0
384564.324561371,-12861.0309326737,0
384526.172838823,-12861.4197525617,0
384488.020032721,-12861.6942335032,0
384449.86647984,-12861.854371902,0
384411.712516967,-12861.9001651496,0
384373.558480897,-12861.8316116256,0
384335.404708434,-12861.6487106973,0
384297.251536382,-12861.3514627202,0
384259.099301551,-12860.9398690378,0
384220.948340746,-12860.4139319814,0
384182.798990769,-12859.7736548707,0
384144.651588415,-12859.0190420132,0
384106.506470468,-12858.1500987047,0
384068.363973702,-12857.166831229,0
384030.224434874,-12856.0692468581,0
383992.088190723,-12854.8573538519,0
383953.95557797,-12853.5311614585,0
383915.826933309,-12852.0906799142,0
383877.70259341,-12850.535920443,0
383839.582894915,-12848.8668952572,0
383801.468174433,-12847.0836175569,0
383763.358768539,-12845.1861015302,0
383725.255013772,-12843.174362353,0
383687.15724663,-12841.0484161889,0
383649.065803571,-12838.8082801895,0
383610.981021005,-12836.4539724938,0
383572.903235296,-12833.9855122287,0
383534.832782757,-12831.4029195082,0
383496.769999648,-12828.706215434,0
383458.715222173,-12825.8954220952,0
383420.668786477,-12822.9705625677,0
383382.631028644,-12819.931660915,0
383344.602284694,-12816.7787421874,0
383306.582890578,-12813.5118324219,0
383268.573182181,-12810.1309586423,0
383230.573495314,-12806.6361488594,0
383192.584165712,-12803.02743207,0
383154.605529033,-12799.3048382573,0
383116.637920855,-12795.4683983909,0
383078.681676673,-12791.5181444263,0
383040.737131895,-12787.4541093048,0
383002.804621841,-12783.2763269532,0
382964.88448174,-12778.9848322842,0
382926.977046726,-12774.5796611957,0
382889.082651837,-12770.0608505702,0
382851.20163201,-12765.4284382758,0
382813.334322083,-12760.6824631651,0
382775.481056785,-12755.8229650751,0
382737.642170739,-12750.8499848269,0
382699.817998459,-12745.7635642261,0
382662.008874345,-12740.5637460621,0
382624.21513268,-12735.2505741075,0
382586.437107627,-12729.8240931183,0
382548.675133232,-12724.2843488341,0
382510.929543416,-12718.6313879771,0
382473.200671969,-12712.8652582518,0
382435.488852555,-12706.9860083451,0
382397.794418707,-12700.9936879264,0
382360.11770382,-12694.8883476466,0
382322.459041152,-12688.6700391378,0
382284.818763821,-12682.3388150133,0
382247.197204804,-12675.8947288679,0
382209.594696929,-12669.3378352765,0
382172.011572876,-12662.6681897942,0
382134.448165173,-12655.8858489559,0
382096.904806198,-12648.9908702767,0
382059.38182817,-12641.9833122507,0
382021.879563146,-12634.8632343506,0
381984.398343021,-12627.6306970278,0
381946.93849953,-12620.2857617125,0
381909.500364238,-12612.8284908123,0
381872.084268536,-12605.2589477123,0
381834.690543645,-12597.5771967745,0
381797.319520611,-12589.7833033382,0
381759.971530301,-12581.8773337192,0
381722.646903399,-12573.8593552086,0
381685.345970405,-12565.729436073,0
381648.069061635,-12557.487645555,0
381610.816507214,-12549.1340538717,0
381573.588637074,-12540.6687322142,0
381536.385780952,-12532.0917527472,0
381499.208268388,-12523.4031886097,0
381462.056428725,-12514.6031139138,0
381424.930591097,-12505.6916037434,0
381387.831084435,-12496.6687341545,0
381350.758237461,-12487.5345821758,0
381313.712378689,-12478.2892258068,0
381276.693836413,-12468.9327440171,0
381239.702938714,-12459.4652167469,0
381202.740013455,-12449.8867249067,0
381165.805388273,-12440.197350376,0
381128.899390583,-12430.3971760027,0
381092.02234757,-12420.486285603,0
381055.174586192,-12410.4647639615,0
381018.356433172,-12400.3326968298,0
380981.568214997,-12390.0901709256,0
380944.810257914,-12379.7372739333,0
380908.082887932,-12369.2740945032,0
380871.386430817,-12358.7007222504,0
380834.721212082,-12348.0172477542,0
380798.087556997,-12337.223762558,0
380761.485790578,-12326.3203591694,0
380724.916237585,-12315.307131058,0
380688.379222521,-12304.1841726556,0
380651.875069629,-12292.9515793559,0
380615.40410289,-12281.6094475142,0
380578.966646017,-12270.1578744455,0
380542.563022456,-12258.5969584245,0
380506.193555383,-12246.9267986859,0
380469.858567698,-12235.1474954228,0
380433.558382026,-12223.2591497859,0
380397.29332071,-12211.261863883,0
380361.063705815,-12199.1557407798,0
380324.869859119,-12186.940884497,0
380288.712102112,-12174.6174000108,0
380252.590755994,-12162.1853932521,0
380216.506141675,-12149.6449711066,0
380180.458579766,-12136.9962414125,0
380144.44839058,-12124.2393129606,0
380108.47589413,-12111.3742954942,0
380072.541410127,-12098.4012997082,0
380036.645257971,-12085.3204372471,0
380000.787756755,-12072.1318207054,0
379964.969225263,-12058.8355636276,0
379929.189981961,-12045.431780506,0
379893.450344997,-12031.9205867803,0
379857.750632201,-12018.3020988373,0
379822.091161081,-12004.5764340105,0
379786.472248817,-11990.7437105783,0
379750.894212262,-11976.8040477632,0
379715.357367938,-11962.7575657327,0
379679.862032035,-11948.604385597,0
379644.408520404,-11934.3446294081,0
379608.997148557,-11919.9784201594,0
379573.628231668,-11905.5058817862,0
379538.302084562,-11890.9271391627,0
379503.01902172,-11876.2423181018,0
379467.779357271,-11861.4515453556,0
379432.583404994,-11846.5549486134,0
379397.431478309,-11831.5526565005,0
379362.323890281,-11816.444798578,0
379327.260953615,-11801.2315053427,0
379292.24298065,-11785.9129082247,0
379257.270283359,-11770.4891395869,0
379222.343173348,-11754.9603327252,0
379187.461961851,-11739.3266218668,0
379152.626959728,-11723.5881421689,0
379117.838477459,-11707.745029718,0
379083.096825151,-11691.7974215306,0
379048.402312522,-11675.7454555498,0
379013.755248908,-11659.5892706456,0
378979.155943257,-11643.3290066142,0
378944.604704128,-11626.9648041771,0
378910.101839684,-11610.4968049791,0
378875.647657693,-11593.9251515881,0
378841.242465528,-11577.2499874948,0
378806.886570157,-11560.4714571107,0
378772.580278145,-11543.5897057667,0
378738.323895649,-11526.604879714,0
378704.117728422,-11509.5171261217,0
378669.962081799,-11492.3265930755,0
378635.857260703,-11475.0334295776,0
378601.80356964,-11457.6377855458,0
378567.801312697,-11440.1398118116,0
378533.850793534,-11422.5396601193,0
378499.952315391,-11404.8374831259,0
378466.106181076,-11387.0334343994,0
378432.312692969,-11369.1276684171,0
378398.572153015,-11351.1203405657,0
378364.884862722,-11333.0116071401,0
378331.251123163,-11314.8016253413,0
378297.671234964,-11296.4905532758,0
378264.145498312,-11278.0785499558,0
378230.674212945,-11259.5657752962,0
378197.257678151,-11240.9523901139,0
378163.896192766,-11222.2385561279,0
378130.590055173,-11203.4244359572,0
378097.339563296,-11184.5101931191,0
378064.145014598,-11165.4959920293,0
378031.006706081,-11146.3819980007,0
377997.92493428,-11127.1683772409,0
377964.899995263,-11107.8552968518,0
377931.932184628,-11088.4429248296,0
377899.021797496,-11068.9314300617,0
377866.169128516,-11049.3209823263,0
377833.374471855,-11029.6117522917,0
377800.6381212,-11009.8039115147,0
377767.960369755,-10989.8976324386,0
377735.341510235,-10969.8930883934,0
377702.781834866,-10949.7904535941,0
377670.281635384,-10929.5899031385,0
377637.841203028,-10909.2916130069,0
377605.46082854,-10888.8957600614,0
377573.140802163,-10868.402522043,0
377540.881413637,-10847.8120775714,0
377508.682952196,-10827.124606144,0
377476.545706566,-10806.340288134,0
377444.469964964,-10785.4593047887,0
377412.456015091,-10764.4818382294,0
377380.504144137,-10743.4080714496,0
377348.614638767,-10722.2381883127,0
377316.78778513,-10700.9723735521,0
377285.023868849,-10679.6108127696,0
377253.323175022,-10658.153692433,0
377221.685988216,-10636.6011998756,0
377190.112592468,-10614.9535232953,0
377158.60327128,-10593.2108517523,0
377127.158307618,-10571.3733751674,0
377095.777983907,-10549.4412843226,0
377064.462582032,-10527.4147708575,0
377033.212383331,-10505.2940272688,0
377002.027668596,-10483.0792469092,0
376970.90871807,-10460.7706239859,0
376939.85581144,-10438.3683535579,0
376908.869227842,-10415.8726315366,0
376877.949245853,-10393.2836546834,0
376847.096143486,-10370.6016206071,0
376816.310198197,-10347.8267277646,0
376785.591686872,-10324.9591754582,0
376754.940885832,-10301.9991638339,0
376724.358070823,-10278.9468938803,0
376693.843517024,-10255.8025674278,0
376663.397499031,-10232.5663871457,0
376633.020290867,-10209.2385565414,0
376602.712165971,-10185.8192799595,0
376572.4733972,-10162.308762579,0
376542.304256824,-10138.7072104124,0
376512.205016524,-10115.0148303048,0
376482.17594739,-10091.2318299312,0
376452.217319917,-10067.3584177952,0
376422.329404006,-10043.3948032283,0
376392.512468957,-10019.3411963875,0
376362.766783468,-9995.19780825315,0
376333.092615635,-9970.96485062925,0
376303.490232945,-9946.64253614019,0
376273.959902277,-9922.23107822908,0
376244.501889897,-9897.73069115755,0
376215.116461458,-9873.14159000305,0
376185.803881996,-9848.46399065673,0
376156.564415926,-9823.69810982324,0
376127.398327044,-9798.84416501827,0
376098.305878517,-9773.90237456616,0
376069.287332889,-9748.87295759968,0
376040.342952073,-9723.75613405772,0
376011.47299735,-9698.55212468273,0
375982.677729365,-9673.26115102042,0
375953.957408128,-9647.88343541765,0
375925.312293009,-9622.41920101965,0
375896.742642734,-9596.8686717697,0
375868.248715386,-9571.23207240711,0
375839.830768401,-9545.50962846435,0
375811.489058564,-9519.70156626661,0
375783.22384201,-9493.80811292996,0
375755.035374216,-9467.82949635829,0
375726.923910005,-9441.76594524287,0
375698.88970354,-9415.61768906052,0
375670.933008319,-9389.38495807054,0
375643.054077178,-9363.06798331417,0
375615.253162286,-9336.66699661281,0
375587.530515142,-9310.18223056485,0
375559.886386572,-9283.61391854519,0
375532.32102673,-9256.96229470336,0
375504.834685089,-9230.22759396036,0
375477.427610447,-9203.41005200813,0
375450.100050917,-9176.50990530768,0
375422.85225393,-9149.52739108585,0
375395.684466228,-9122.46274733485,0
375368.596933866,-9095.31621281021,0
375341.589902206,-9068.08802702765,0
375314.663615915,-9040.77843026257,0
375287.818318968,-9013.38766354789,0
375261.054254635,-8985.91596867097,0
375234.37166549,-8958.36358817311,0
375207.770793399,-8930.73076534723,0
375181.251879525,-8903.01774423488,0
375154.815164321,-8875.22476962572,0
375128.46088753,-8847.35208705503,0
375102.18928818,-8819.39994280084,0
375076.000604584,-8791.36858388343,0
375049.895074338,-8763.25825806253,0
375023.872934317,-8735.06921383474,0
374997.934420672,-8706.80170043292,0
374972.07976883,-8678.45596782319,0
374946.309213489,-8650.03226670249,0
374920.622988618,-8621.53084849804,0
374895.021327455,-8592.95196536395,0
374869.5044625,-8564.29587017918,0
374844.072625519,-8535.56281654672,0
374818.726047536,-8506.75305879015,0
374793.464958836,-8477.86685195173,0
374768.289588958,-8448.90445179156,0
374743.200166694,-8419.8661147838,0
374718.19692009,-8390.7520981152,0
374693.280076439,-8361.5626596839,0
374668.44986228,-8332.29805809564,0
374643.706503397,-8302.95855266251,0
374619.050224817,-8273.54440340147,0
374594.481250806,-8244.05587103052,0
374569.999804866,-8214.49321696782,0
374545.606109737,-8184.85670332958,0
374521.30038739,-8155.14659292659,0
374497.082859025,-8125.36314926344,0
374472.953745074,-8095.50663653591,0
374448.913265193,-8065.57731962781,0
374424.961638261,-8035.57546411034,0
374401.099082379,-8005.50133623885,0
374377.325814868,-7975.35520295025,0
374353.642052266,-7945.1373318622,0
374330.048010325,-7914.84799126948,0
374306.54390401,-7884.48745014187,0
374283.129947495,-7854.05597812315,0
374259.806354164,-7823.55384552707,0
374236.573336607,-7792.98132333595,0
374213.431106615,-7762.33868319898,0
374190.379875182,-7731.62619742833,0
374167.419852503,-7700.84413899816,0
374144.551247967,-7669.99278154218,0
374121.77427016,-7639.07239935019,0
374099.089126859,-7608.08326736724,0
374076.496025033,-7577.02566119046,0
374053.995170838,-7545.89985706626,0
374031.586769618,-7514.70613188936,0
374009.2710259,-7483.44476319903,0
373987.048143391,-7452.11602917702,0
373964.918324982,-7420.72020864621,0
373942.881772737,-7389.25758106654,0
373920.938687898,-7357.72842653365,0
373899.089270881,-7326.13302577675,0
373877.333721271,-7294.47166015481,0
373855.672237823,-7262.74461165562,0
373834.10501846,-7230.9521628927,0
373812.632260269,-7199.09459710222,0
373791.254159499,-7167.17219814204,0
373769.970911562,-7135.18525048783,0
373748.782711026,-7103.13403923091,0
373727.689751619,-7071.01885007678,0
373706.692226219,-7038.83996934099,0
373685.79032686,-7006.59768394773,0
373664.984244725,-6974.29228142744,0
373644.274170146,-6941.92404991309,0
373623.660292601,-6909.49327813915,0
373603.142800712,-6877.00025543813,0
373582.721882245,-6844.44527173779,0
373562.397724103,-6811.82861755991,0
373542.17051233,-6779.15058401612,0
373522.040432106,-6746.41146280614,0
373502.007667745,-6713.6115462157,0
373482.072402692,-6680.7511271125,0
373462.234819524,-6647.83049894513,0
373442.495099946,-6614.84995573968,0
373422.853424788,-6581.80979209677,0
373403.309974008,-6548.71030319026,0
373383.864926682,-6515.55178476306,0
373364.51846101,-6482.33453312531,0
373345.270754309,-6449.05884515214,0
373326.121983012,-6415.72501827971,0
373307.07232267,-6382.33335050394,0
373288.121947943,-6348.88414037712,0
373269.271032605,-6315.37768700486,0
373250.519749536,-6281.81429004472,0
373231.868270727,-6248.19424970197,0
373213.316767272,-6214.51786672777,0
373194.865409369,-6180.78544241671,0
373176.514366317,-6146.99727860289,0
373158.263806515,-6113.1536776587,0
373140.113897461,-6079.25494249103,0
373122.064805748,-6045.30137653856,0
373104.116697064,-6011.29328377008,0
373086.269736188,-5977.2309686801,0
373068.524086992,-5943.11473628743,0
373050.879912435,-5908.94489213197,0
373033.337374563,-5874.72174227132,0
373015.896634509,-5840.44559327933,0
372998.557852488,-5806.11675224188,0
372981.321187796,-5771.73552675484,0
372964.186798811,-5737.30222492157,0
372947.154842988,-5702.8171553489,0
372930.225476859,-5668.2806271458,0
372913.39885603,-5633.69294991939,0
372896.675135181,-5599.05443377243,0
372880.054468063,-5564.36538930112,0
372863.537007495,-5529.62612759093,0
372847.122905367,-5494.83696021508,0
372830.812312633,-5459.99819923089,0
372814.605379312,-5425.11015717678,0
372798.502254486,-5390.17314707038,0
372782.503086298,-5355.18748240419,0
372766.608021951,-5320.15347714396,0
372750.817207705,-5285.07144572517,0
372735.130788878,-5249.94170304983,0
372719.548909841,-5214.76456448464,0
372704.07171402,-5179.54034585663,0
372688.699343889,-5144.26936345141,0
372673.431940975,-5108.95193400974,0
372658.269645853,-5073.5883747242,0
372643.212598143,-5038.17900323734,0
372628.260936511,-5002.72413763732,0
372613.414798667,-4967.22409645608,0
372598.674321363,-4931.67919866587,0
372584.039640391,-4896.08976367596,0
372569.510890582,-4860.45611133067,0
372555.088205804,-4824.77856190499,0
372540.771718963,-4789.05743610282,0
372526.561561997,-4753.29305505326,0
372512.457865877,-4717.48574030752,0
372498.460760608,-4681.63581383674,0
372484.570375223,-4645.74359802766,0
372470.786837783,-4609.80941568085,0
372457.110275377,-4573.83359000682,0
372443.54081412,-4537.81644462317,0
372430.078579152,-4501.75830355205,0
372416.723694632,-4465.65949121602,0
372403.476283745,-4429.52033243629,0
372390.336468694,-4393.34115242846,0
372377.304370699,-4357.1222768002,0
372364.380110001,-4320.86403154801,0
372351.563805853,-4284.56674305364,0
372338.855576525,-4248.23073808198,0
372326.255539299,-4211.85634377674,0
372313.763810469,-4175.44388765844,0
372301.38050534,-4138.9936976206,0
372289.105738226,-4102.50610192668,0
372276.939622448,-4065.98142920756,0
372264.882270334,-4029.42000845731,0
372252.933793219,-3992.82216903133,0
372241.094301439,-3956.18824064201,0
372229.363904335,-3919.51855335643,0
372217.742710249,-3882.81343759289,0
372206.230826522,-3846.07322411743,0
372194.828359496,-3809.29824404152,0
372183.53541451,-3772.48882881772,0
372172.352095899,-3735.6453102377,0
372161.278506993,-3698.76802042802,0
372150.314750119,-3661.85729184764,0
372139.460926594,-3624.91345728448,0
372128.717136727,-3587.93684985194,0
372118.08347982,-3550.92780298645,0
372107.560054163,-3513.88665044319,0
372097.146957035,-3476.81372629403,0
372086.8442847,-3439.70936492323,0
372076.652132412,-3402.57390102506,0
372066.570594408,-3365.40766960008,0
372056.599763909,-3328.21100595193,0
372046.739733119,-3290.98424568453,0
372036.990593225,-3253.72772469802,0
372027.352434392,-3216.44177918652,0
372017.825345768,-3179.12674563381,0
372008.409415478,-3141.78296081107,0
371999.104730626,-3104.41076177275,0
371989.91137729,-3067.01048585393,0
371980.829440526,-3029.58247066672,0
371971.859004365,-2992.12705409696,0
371963.000151811,-2954.64457430129,0
371954.252964839,-2917.13536970321,0
371945.6175244,-2879.59977899065,0
371937.093910411,-2842.03814111169,0
371928.682201763,-2804.45079527225,0
371920.382476314,-2766.83808093189,0
371912.194810891,-2729.20033780119,0
371904.119281287,-2691.53790583797,0
371896.155962262,-2653.85112524424,0
371888.304927542,-2616.14033646277,0
371880.566249817,-2578.40588017371,0
371872.940000741,-2540.64809729149,0
371865.426250932,-2502.86732896104,0
371858.025069968,-2465.06391655509,0
371850.73652639,-2427.23820167007,0
371843.560687697,-2389.39052612355,0
371836.497620353,-2351.52123195012,0
371829.547389774,-2313.63066139878,0
371822.71006034,-2275.71915692884,0
371815.985695385,-2237.7870612073,0
371809.374357201,-2199.83471710477,0
371802.876107036,-2161.86246769278,0
371796.491005093,-2123.87065623977,0
371790.219110529,-2085.85962620827,0
371784.060481455,-2047.82972125111,0
371778.015174936,-2009.78128520828,0
371772.083246989,-1971.71466210343,0
371766.264752583,-1933.63019614055,0
371760.559745637,-1895.5282317005,0
371754.968279022,-1857.40911333774,0
371749.490404559,-1819.27318577677,0
371744.126173016,-1781.12079390887,0
371738.875634114,-1742.95228278864,0
371733.738836517,-1704.76799763058,0
371728.71582784,-1666.56828380571,0
371723.806654644,-1628.35348683816,0
371719.011362438,-1590.12395240172,0
371714.329995673,-1551.88002631651,0
371709.76259775,-1513.62205454541,0
371705.309211012,-1475.35038319084,0
371700.969876747,-1437.06535849114,0
371696.744635187,-1398.76732681729,0
371692.633525508,-1360.45663466938,0
371688.636585828,-1322.13362867331,0
371684.753853208,-1283.79865557713,0
371680.985363651,-1245.45206224795,0
371677.331152102,-1207.09419566809,0
371673.791252447,-1168.72540293205,0
371670.365697512,-1130.34603124273,0
371667.054519065,-1091.95642790825,0
371663.857747813,-1053.55694033828,0
371660.775413403,-1015.14791604082,0
371657.807544422,-976.729702618564,0
371654.954168394,-938.30264776554,0
371652.215311785,-899.867099263705,0
371649.590999997,-861.423404979317,0
371647.081257369,-822.97191285977,0
371644.686107182,-784.512970929779,0
371642.40557165,-746.046927288285,0
371640.239671927,-707.574130104738,0
371638.188428103,-669.094927615724,0
371636.251859206,-630.6096681216,0
371634.429983198,-592.118699982826,0
371632.72281698,-553.622371616714,0
371631.130376388,-515.121031493859,0
371629.652676193,-476.615028134629,0
371628.289730105,-438.104710105869,0
371627.041550765,-399.590426017241,0
371625.908149754,-361.072524517877,0
371624.889537585,-322.551354292924,0
371623.985723708,-284.027264059975,0
371623.196716507,-245.500602565688,0
371622.522523302,-206.971718582329,0
371621.963150348,-168.440960904203,0
371621.518602833,-129.9086783443,0
371621.188884882,-91.3752197307582,0
371620.973999554,-52.8409339034115,0
371620.873948841,-14.3061697103376,0
371620.888733673,24.2287239956475,0
371621.018353913,62.7633983604396,0
371621.262808356,101.297504532094,0
371621.622094737,139.830693664337,0
371622.096209722,178.362616920018,0
371622.685148911,216.892925474549,0
371623.388906843,255.421270519453,0
371624.207476987,293.947303265731,0
371625.140851751,332.470674947403,0
371626.189022475,370.991036824959,0
371627.351979436,409.508040188818,0
371628.629711845,448.021336362797,0
371630.022207849,486.530576707577,0
371631.529454531,525.035412624185,0
371633.151437909,563.535495557456,0
371634.888142937,602.030476999436,0
371636.739553505,640.520008492982,0
371638.705652438,679.003741635074,0
371640.7864215,717.481328080356,0
371642.98184139,755.952419544633,0
371645.291891743,794.416667808211,0
371647.716551133,832.873724719492,0
371650.255797071,871.323242198349,0
371652.909606003,909.764872239564,0
371655.677953317,948.198266916409,0
371658.560813336,986.6230783839,0
371661.558159322,1025.03895888248,0
371664.669963478,1063.44556074124,0
371667.896196943,1101.84253638159,0
371671.236829797,1140.2295383205,0
371674.691831061,1178.6062191741,0
371678.261168694,1216.97223166109,0
371681.944809596,1255.32722860606,0
371685.74271961,1293.6708629432,0
371689.654863516,1332.00278771937,0
371693.681205041,1370.32265609795,0
371697.821706851,1408.63012136188,0
371702.076330555,1446.92483691741,0
371706.445036706,1485.20645629733,0
371710.927784799,1523.47463316451,0
371715.524533275,1561.72902131526,0
371720.235239518,1599.96927468278,0
371725.059859857,1638.19504734061,0
371729.998349568,1676.40599350597,0
371735.050662871,1714.60176754334,0
371740.216752935,1752.7820239676,0
371745.496571874,1790.94641744782,0
371750.890070751,1829.09460281021,0
371756.397199577,1867.22623504203,0
371762.01790731,1905.34096929453,0
371767.752141862,1943.43846088672,0
371773.599850089,1981.51836530847,0
371779.560977804,2019.58033822421,0
371785.635469766,2057.62403547597,0
371791.82326969,2095.64911308717,0
371798.12432024,2133.65522726559,0
371804.538563037,2171.64203440715,0
371811.065938654,2209.60919109895,0
371817.706386618,2247.55635412292,0
371824.459845414,2285.48318045896,0
371831.32625248,2323.38932728855,0
371838.305544212,2361.27445199789,0
371845.397655966,2399.13821218142,0
371852.602522053,2436.98026564515,0
371859.920075744,2474.80027040989,0
371867.350249272,2512.59788471489,0
371874.892973828,2550.37276702078,0
371882.548179566,2588.12457601341,0
371890.315795601,2625.85297060664,0
371898.195750013,2663.55760994627,0
371906.187969846,2701.23815341274,0
371914.292381106,2738.89426062519,0
371922.508908767,2776.52559144393,0
371930.83747677,2814.1318059747,0
371939.278008023,2851.71256457107,0
371947.830424401,2889.26752783857,0
371956.494646749,2926.79635663736,0
371965.270594884,2964.29871208595,0
371974.158187592,3001.77425556432,0
371983.157342631,3039.22264871719,0
371992.267976733,3076.64355345756,0
372001.490005604,3114.03663196951,0
372010.823343925,3151.4015467122,0
372020.267905352,3188.73796042227,0
372029.823602519,3226.04553611808,0
372039.490347037,3263.32393710201,0
372049.268049497,3300.57282696462,0
372059.15661947,3337.79186958721,0
372069.155965508,3374.98072914546,0
372079.265995143,3412.13907011271,0
372089.486614893,3449.26655726276,0
372099.817730261,3486.36285567387,0
372110.259245731,3523.42763073108,0
372120.811064777,3560.46054813041,0
372131.473089861,3597.46127388114,0
372142.245222431,3634.42947430987,0
372153.127362928,3671.36481606312,0
372164.119410781,3708.26696611085,0
372175.221264412,3745.13559174973,0
372186.432821239,3781.97036060587,0
372197.75397767,3818.77094063884,0
372209.184629113,3855.53700014382,0
372220.72466997,3892.26820775586,0
372232.373993642,3928.96423245218,0
372244.13249253,3965.62474355581,0
372256.000058035,4002.24941073882,0
372267.976580558,4038.83790402492,0
372280.061949508,4075.38989379355,0
372292.256053293,4111.90505078189,0
372304.558779329,4148.38304608916,0
372316.970014039,4184.82355117885,0
372329.489642855,4221.22623788229,0
372342.117550216,4257.59077840192,0
372354.853619574,4293.91684531375,0
372367.697733392,4330.20411157147,0
372380.649773147,4366.45225050846,0
372393.709619332,4402.66093584189,0
372406.877151453,4438.82984167516,0
372420.152248037,4474.95864250109,0
372433.534786628,4511.04701320557,0
372447.02464379,4547.09462906953,0
372460.621695112,4583.10116577336,0
372474.325815201,4619.06629939876,0
372488.136877693,4654.98970643258,0
372502.054755248,4690.87106376975,0
372516.079319555,4726.71004871575,0
372530.210441328,4762.50633899074,0
372544.447990317,4798.25961273135,0
372558.791835299,4833.96954849473,0
372573.241844088,4869.63582526112,0
372587.797883529,4905.25812243658,0
372602.459819507,4940.8361198569,0
372617.227516943,4976.3694977894,0
372632.100839797,5011.85793693707,0
372647.079651072,5047.30111844084,0
372662.16381281,5082.69872388258,0
372677.3531861,5118.05043528878,0
372692.647631075,5153.35593513233,0
372708.047006915,5188.61490633678,0
372723.551171851,5223.8270322783,0
372739.159983161,5258.99199678898,0
372754.873297176,5294.1094841602,0
372770.690969282,5329.17917914449,0
372786.612853918,5364.20076695977,0
372802.638804581,5399.17393329125,0
372818.768673826,5434.09836429464,0
372835.002313267,5468.97374659964,0
372851.339573582,5503.79976731154,0
372867.78030451,5538.57611401564,0
372884.324354856,5573.30247477901,0
372900.971572491,5607.97853815362,0
372917.721804356,5642.6039931799,0
372934.57489646,5677.17852938828,0
372951.530693885,5711.7018368034,0
372968.589040786,5746.17360594622,0
372985.749780393,5780.59352783662,0
373003.012755013,5814.96129399735,0
373020.377806033,5849.27659645531,0
373037.844773919,5883.53912774571,0
373055.413498219,5917.74858091434,0
373073.083817565,5951.90464951984,0
373090.855569677,5986.00702763783,0
373108.728591358,6020.05540986222,0
373126.702718505,6054.04949130891,0
373144.777786104,6087.98896761864,0
373162.953628233,6121.8735349587,0
373181.230078067,6155.70289002718,0
373199.606967875,6189.47673005454,0
373218.084129027,6223.19475280665,0
373236.661391991,6256.85665658825,0
373255.338586338,6290.46214024425,0
373274.115540744,6324.01090316384,0
373292.992082988,6357.50264528262,0
373311.968039961,6390.93706708474,0
373331.043237659,6424.31386960697,0
373350.217501193,6457.63275443991,0
373369.490654786,6490.89342373152,0
373388.862521775,6524.09558018999,0
373408.332924617,6557.23892708524,0
373427.901684886,6590.32316825304,0
373447.568623277,6623.34800809675,0
373467.33355961,6656.31315158978,0
373487.196312828,6689.21830427937,0
373507.156701001,6722.0631722877,0
373527.21454133,6754.84746231557,0
373547.369650143,6787.57088164499,0
373567.621842906,6820.23313814071,0
373587.970934214,6852.8339402543,0
373608.416737804,6885.37299702577,0
373628.959066548,6917.85001808597,0
373649.597732461,6950.2647136603,0
373670.3325467,6982.61679456987,0
373691.163319567,7014.90597223487,0
373712.089860511,7047.13195867738,0
373733.111978129,7079.29446652263,0
373754.22948017,7111.39320900301,0
373775.442173536,7143.42789995986,0
373796.749864283,7175.39825384546,0
373818.152357626,7207.30398572693,0
373839.649457937,7239.14481128733,0
373861.24096875,7270.92044682865,0
373882.926692765,7302.63060927497,0
373904.706431842,7334.27501617343,0
373926.579987014,7365.85338569803,0
373948.54715848,7397.36543665184,0
373970.607745612,7428.81088846835,0
373992.761546957,7460.18946121551,0
374015.008360236,7491.5008755972,0
374037.34798235,7522.74485295528,0
374059.780209378,7553.92111527338,0
374082.304836584,7585.02938517781,0
374104.921658415,7616.0693859406,0
374127.630468505,7647.04084148244,0
374150.431059676,7677.94347637366,0
374173.323223944,7708.77701583781,0
374196.306752515,7739.54118575394,0
374219.381435791,7770.23571265768,0
374242.547063374,7800.86032374531,0
374265.803424063,7831.41474687514,0
374289.150305861,7861.89871056932,0
374312.587495972,7892.31194401768,0
374336.114780812,7922.65417707861,0
374359.731945999,7952.92514028167,0
374383.438776368,7983.12456483082,0
374407.235055963,8013.25218260522,0
374431.120568045,8043.30772616236,0
374455.095095091,8073.29092874077,0
374479.158418801,8103.20152426076,0
374503.310320094,8133.0392473281,0
374527.550579114,8162.80383323602,0
374551.878975233,8192.49501796623,0
374576.29528705,8222.11253819281,0
374600.799292396,8251.65613128361,0
374625.390768337,8281.12553530175,0
374650.069491171,8310.52048900937,0
374674.835236438,8339.84073186871,0
374699.687778915,8369.08600404401,0
374724.626892623,8398.25604640503,0
374749.652350829,8427.35060052789,0
374774.763926046,8456.36940869742,0
374799.961390036,8485.31221391033,0
374825.244513813,8514.17875987589,0
374850.613067647,8542.96879101874,0
374876.066821063,8571.68205248163,0
374901.605542844,8600.31829012604,0
374927.229001036,8628.87725053538,0
374952.936962948,8657.35868101725,0
374978.729195154,8685.76232960422,0
375004.605463498,8714.08794505712,0
375030.565533093,8742.3352768671,0
375056.609168325,8770.50407525632,0
375082.736132856,8798.59409118156,0
375108.946189626,8826.60507633586,0
375135.239100855,8854.53678314936,0
375161.614628044,8882.38896479298,0
375188.072531982,8910.1613751798,0
375214.612572742,8937.85376896605,0
375241.234509688,8965.46590155477,0
375267.938101476,8992.99752909701,0
375294.723106057,9020.44840849295,0
375321.589280679,9047.81829739549,0
375348.536381888,9075.10695421133,0
375375.564165533,9102.31413810219,0
375402.672386767,9129.43960898836,0
375429.860800048,9156.48312754965,0
375457.129159145,9183.44445522667,0
375484.477217139,9210.3233542244,0
375511.904726422,9237.11958751291,0
375539.411438704,9263.8329188289,0
375566.997105014,9290.46311267902,0
375594.661475703,9317.00993434061,0
375622.404300444,9343.4731498633,0
375650.225328237,9369.85252607223,0
375678.124307411,9396.14783056877,0
375706.100985624,9422.3588317321,0
375734.155109871,9448.48529872241,0
375762.28642648,9474.5270014816,0
375790.49468112,9500.48371073481,0
375818.779618798,9526.3551979936,0
375847.140983868,9552.14123555666,0
375875.578520027,9577.84159651125,0
375904.091970323,9603.45605473638,0
375932.681077152,9628.9843849036,0
375961.345582267,9654.42636247815,0
375990.085226773,9679.78176372242,0
376018.899751138,9705.0503656965,0
376047.788895186,9730.23194625941,0
376076.752398109,9755.32628407245,0
376105.789998463,9780.33315859984,0
376134.901434172,9805.25235010983,0
376164.086442533,9830.08363967799,0
376193.344760214,9854.82680918802,0
376222.676123261,9879.48164133259,0
376252.080267098,9904.0479196167,0
376281.55692653,9928.52542835856,0
376311.105835748,9952.9139526903,0
376340.726728325,9977.21327856122,0
376370.419337227,10001.4231927389,0
376400.183394809,10025.5434828097,0
376430.018632821,10049.5739371819,0
376459.924782408,10073.5143450869,0
376489.901574116,10097.36449658,0
376519.948737891,10121.1241825428,0
376550.066003084,10144.7931946851,0
376580.253098453,10168.3713255451,0
376610.509752164,10191.8583684921,0
376640.835691797,10215.2541177283,0
376671.230644345,10238.5583682891,0
376701.694336217,10261.7709160453,0
376732.226493244,10284.8915577054,0
376762.826840678,10307.9200908159,0
376793.495103194,10330.8563137628,0
376824.231004898,10353.7000257747,0
376855.034269324,10376.4510269225,0
376885.904619437,10399.1091181212,0
376916.84177764,10421.6741011327,0
376947.845465773,10444.1457785659,0
376978.915405114,10466.523953878,0
377010.051316387,10488.8084313773,0
377041.25291976,10510.9990162239,0
377072.519934848,10533.0955144302,0
377103.85208072,10555.0977328641,0
377135.249075895,10577.0054792495,0
377166.71063835,10598.8185621672,0
377198.23648552,10620.5367910571,0
377229.826334301,10642.1599762198,0
377261.479901053,10663.687928817,0
377293.196901601,10685.1204608731,0
377324.977051242,10706.4573852778,0
377356.820064743,10727.6985157861,0
377388.725656345,10748.8436670195,0
377420.693539766,10769.8926544687,0
377452.723428205,10790.8452944943,0
377484.81503434,10811.7014043268,0
377516.968070338,10832.4608020702,0
377549.18224785,10853.1233067022,0
377581.45727802,10873.6887380746,0
377613.792871481,10894.1569169161,0
377646.188738365,10914.5276648334,0
377678.6445883,10934.8008043113,0
377711.160130416,10954.9761587148,0
377743.735073344,10975.0535522908,0
377776.369125225,10995.0328101685,0
377809.061993704,11014.9137583607,0
377841.813385941,11034.6962237658,0
377874.623008607,11054.3800341687,0
377907.490567891,11073.9650182408,0
377940.415769502,11093.4510055432,0
377973.39831867,11112.8378265272,0
378006.437920149,11132.1253125343,0
378039.53427822,11151.3132957988,0
378072.687096696,11170.4016094489,0
378105.896078922,11189.3900875071,0
378139.160927774,11208.2785648914,0
378172.481345673,11227.0668774176,0
378205.857034574,11245.7548617996,0
378239.28769598,11264.3423556496,0
378272.773030936,11282.8291974812,0
378306.312740038,11301.2152267097,0
378339.906523434,11319.5002836521,0
378373.554080822,11337.6842095296,0
378407.255111461,11355.7668464689,0
378441.009314167,11373.748037502,0
378474.816387317,11391.6276265676,0
378508.676028854,11409.4054585134,0
378542.58793629,11427.0813790961,0
378576.551806703,11444.655234982,0
378610.567336746,11462.126873749,0
378644.634222648,11479.496143888,0
378678.752160214,11496.7628948024,0
378712.92084483,11513.9269768101,0
378747.139971468,11530.9882411451,0
378781.409234684,11547.9465399573,0
378815.728328621,11564.8017263139,0
378850.096947017,11581.5536542007,0
378884.514783203,11598.2021785234,0
378918.981530104,11614.7471551075,0
378953.496880248,11631.1884406997,0
378988.060525765,11647.52589297,0
379022.672158389,11663.7593705111,0
379057.33146946,11679.8887328394,0
379092.03814993,11695.9138403975,0
379126.791890366,11711.834554554,0
379161.592380947,11727.6507376038,0
379196.439311471,11743.3622527703,0
379231.33237136,11758.9689642061,0
379266.271249658,11774.4707369934,0
379301.255635033,11789.8674371443,0
379336.285215787,11805.1589316036,0
379371.359679851,11820.3450882484,0
379406.47871479,11835.4257758886,0
379441.642007808,11850.4008642683,0
379476.849245748,11865.2702240676,0
379512.100115098,11880.033726902,0
379547.394301987,11894.691245323,0
379582.731492196,11909.2426528209,0
379618.111371155,11923.6878238241,0
379653.533623949,11938.0266337,0
379688.997935317,11952.258958756,0
379724.503989659,11966.384676241,0
379760.051471036,11980.4036643454,0
379795.640063173,11994.3158022013,0
379831.269449463,12008.120969885,0
379866.939312967,12021.8190484169,0
379902.649336422,12035.4099197617,0
379938.399202235,12048.8934668295,0
379974.188592495,12062.2695734775,0
380010.017188972,12075.53812451,0
380045.884673117,12088.6990056783,0
380081.790726067,12101.7521036828,0
380117.73502865,12114.6973061734,0
380153.717261385,12127.53450175,0
380189.737104482,12140.2635799627,0
380225.794237852,12152.8844313134,0
380261.888341105,12165.3969472568,0
380298.019093551,12177.8010201994,0
380334.186174207,12190.0965435016,0
380370.389261798,12202.2834114782,0
380406.628034759,12214.3615193992,0
380442.902171237,12226.3307634892,0
380479.211349097,12238.1910409296,0
380515.555245921,12249.9422498587,0
380551.933539015,12261.5842893726,0
380588.345905406,12273.1170595246,0
380624.792021849,12284.5404613273,0
380661.271564829,12295.8543967531,0
380697.784210565,12307.058768734,0
380734.329635005,12318.1534811622,0
380770.907513841,12329.1384388917,0
380807.517522504,12340.0135477384,0
380844.159336167,12350.7787144804,0
380880.832629748,12361.4338468582,0
380917.537077915,12371.9788535767,0
380954.272355088,12382.4136443048,0
380991.038135441,12392.7381296757,0
381027.834092901,12402.9522212878,0
381064.65990116,12413.0558317056,0
381101.51523367,12423.0488744603,0
381138.399763647,12432.9312640489,0
381175.313164073,12442.7029159364,0
381212.255107705,12452.3637465556,0
381249.225267072,12461.9136733082,0
381286.223314476,12471.3526145639,0
381323.248921998,12480.6804896622,0
381360.301761503,12489.8972189127,0
381397.381504639,12499.0027235956,0
381434.487822839,12507.9969259612,0
381471.620387326,12516.8797492315,0
381508.778869118,12525.6511176004,0
381545.962939025,12534.3109562344,0
381583.172267655,12542.859191272,0
381620.406525415,12551.2957498249,0
381657.665382518,12559.620559979,0
381694.948508985,12567.8335507942,0
381732.255574637,12575.9346523041,0
381769.586249113,12583.9237955174,0
381806.940201865,12591.8009124186,0
381844.317102162,12599.5659359678,0
381881.716619089,12607.2188001006,0
381919.138421556,12614.7594397293,0
381956.582178299,12622.1877907433,0
381994.047557879,12629.5037900094,0
382031.53422869,12636.7073753715,0
382069.041858953,12643.7984856513,0
382106.570116733,12650.7770606495,0
382144.11866993,12657.6430411454,0
382181.687186284,12664.3963688969,0
382219.275333378,12671.0369866413,0
382256.882778645,12677.5648380957,0
382294.509189366,12683.9798679577,0
382332.154232676,12690.2820219047,0
382369.817575559,12696.4712465946,0
382407.498884862,12702.5474896665,0
382445.197827291,12708.510699741,0
382482.914069417,12714.3608264202,0
382520.647277671,12720.0978202875,0
382558.397118356,12725.7216329087,0
382596.163257648,12731.2322168324,0
382633.945361596,12736.6295255895,0
382671.743096123,12741.9135136936,0
382709.556127033,12747.0841366418,0
382747.384120012,12752.1413509145,0
382785.226740633,12757.0851139759,0
382823.083654353,12761.915384274,0
382860.95452652,12766.6321212405,0
382898.839022378,12771.2352852923,0
382936.736807064,12775.7248378303,0
382974.647545613,12780.1007412401,0
383012.570902962,12784.3629588925,0
383050.506543952,12788.5114551434,0
383088.454133334,12792.5461953343,0
383126.41333576,12796.4671457916,0
383164.383815802,12800.274273828,0
383202.365237943,12803.967547742,0
383240.357266586,12807.5469368179,0
383278.35956605,12811.0124113265,0
383316.37180058,12814.3639425246,0
383354.393634348,12817.601502656,0
383392.424731452,12820.7250649508,0
383430.464755919,12823.7346036259,0
383468.513371716,12826.6300938851,0
383506.570242743,12829.4115119195,0
383544.635032837,12832.078834907,0
383582.707405781,12834.6320410128,0
383620.787025302,12837.0711093895,0
383658.873555072,12839.3960201774,0
383696.966658715,12841.6067545038,0
383735.065999808,12843.703294484,0
383773.171241885,12845.6856232209,0
383811.282048435,12847.5537248052,0
383849.398082909,12849.3075843151,0
383887.519008725,12850.9471878172,0
383925.644489263,12852.4725223657,0
383963.774187875,12853.8835760026,0
384001.907767884,12855.1803377584,0
384040.044892589,12856.3627976512,0
384078.185225265,12857.4309466874,0
384116.328429166,12858.3847768614,0
384154.474167532,12859.2242811557,0
384192.622103586,12859.9494535409,0
384230.771900541,12860.5602889757,0
384268.923221599,12861.0567834069,0
384307.075729957,12861.4389337693,0
384345.229088809,12861.7067379861,0
384383.382961347,12861.860194968,0
384421.537010766,12861.8993046142,0
384459.690900264,12861.8240678115,0
384497.844293047,12861.6344864349,0
384535.996852333,12861.3305633472,0
384574.148241349,12860.9123023988,0
384612.298123341,12860.3797084282,0
384650.446161571,12859.7327872614,0
384688.592019323,12858.971545712,0
384726.735359903,12858.0959915811,0
384764.875846646,12857.1061336575,0
384803.013142914,12856.0019817169,0
384841.146912101,12854.7835465227,0
384879.276817637,12853.4508398251,0
384917.402522988,12852.0038743616,0
384955.523691659,12850.4426638565,0
384993.639987199,12848.7672230206,0
385031.751073203,12846.9775675519,0
385069.856613312,12845.0737141345,0
385107.95627122,12843.055680439,0
385146.049710673,12840.9234851222,0
385184.136595473,12838.677147827,0
385222.216589482,12836.3166891821,0
385260.289356624,12833.8421308021,0
385298.354560885,12831.253495287,0
385336.411866322,12828.5508062221,0
385374.460937058,12825.7340881782,0
385412.501437291,12822.8033667107,0
385450.533031292,12819.7586683601,0
385488.555383411,12816.6000206513,0
385526.568158082,12813.3274520935,0
385564.571019816,12809.9409921803,0
385602.563633214,12806.4406713891,0
385640.545662967,12802.8265211808,0
385678.516773854,12799.0985739999,0
385716.476630749,12795.2568632743,0
385754.424898625,12791.3014234146,0
385792.361242555,12787.2322898139,0
385830.28532771,12783.0494988481,0
385868.19681937,12778.7530878754,0
385906.095382922,12774.3430952352,0
385943.980683864,12769.819560249,0
385981.852387805,12765.1825232197,0
386019.710160471,12760.4320254309,0
386057.553667708,12755.5681091469,0
386095.382575482,12750.5908176125,0
386133.196549882,12745.5001950529,0
386170.995257127,12740.2962866727,0
386208.778363563,12734.9791386556,0
386246.545535668,12729.5487981651,0
386284.296440055,12724.0053133434,0
386322.030743476,12718.3487333105,0
386359.748112823,12712.5791081648,0
386397.44821513,12706.6964889825,0
386435.130717576,12700.7009278173,0
386472.79528749,12694.5924776995,0
386510.441592353,12688.3711926357,0
386548.069299798,12682.0371276094,0
386585.678077613,12675.5903385798,0
386623.267593749,12669.0308824811,0
386660.837516318,12662.3588172225,0
386698.387513596,12655.574201688,0
386735.917254023,12648.6770957362,0
386773.426406214,12641.6675601986,0
386810.914638956,12634.5456568803,0
386848.381621211,12627.3114485594,0
386885.827022116,12619.9649989868,0
386923.250510992,12612.5063728849,0
386960.651757345,12604.9356359472,0
386998.030430866,12597.252854839,0
387035.38620143,12589.4580971964,0
387072.718739111,12581.5514316249,0
387110.027714175,12573.5329276997,0
387147.312797083,12565.4026559654,0
387184.573658497,12557.1606879355,0
387221.809969282,12548.8070960912,0
387259.021400509,12540.3419538814,0
387296.207623455,12531.7653357219,0
387333.368309607,12523.077316996,0
387370.503130668,12514.2779740522,0
387407.611758555,12505.3673842047,0
387444.693865405,12496.3456257325,0
387481.749123574,12487.2127778799,0
387518.777205644,12477.9689208543,0
387555.777784425,12468.6141358264,0
387592.750532953,12459.1485049297,0
387629.695124498,12449.5721112607,0
387666.611232564,12439.8850388765,0
387703.498530895,12430.0873727953,0
387740.356693473,12420.1791989961,0
387777.185394522,12410.1606044178,0
387813.984308514,12400.0316769582,0
387850.753110168,12389.7925054734,0
387887.491474455,12379.443179778,0
387924.199076597,12368.9837906441,0
387960.875592075,12358.4144297998,0
387997.520696629,12347.7351899292,0
388034.13406626,12336.9461646728,0
388070.715377231,12326.0474486252,0
388107.264306077,12315.039137335,0
388143.780529601,12303.921327304,0
388180.263724875,12292.6941159875,0
388216.713569249,12281.3576017926,0
388253.129740353,12269.9118840772,0
388289.511916094,12258.3570631501,0
388325.859774664,12246.6932402708,0
388362.172994538,12234.9205176474,0
388398.451254486,12223.0389984362,0
388434.694233562,12211.0487867419,0
388470.901611118,12198.9499876165,0
388507.073066801,12186.7427070577,0
388543.20828056,12174.4270520087,0
388579.306932643,12162.0031303583,0
388615.368703602,12149.4710509393,0
388651.393274299,12136.830923527,0
388687.380325906,12124.0828588396,0
388723.329539906,12111.2269685377,0
388759.240598096,12098.2633652225,0
388795.113182596,12085.1921624348,0
388830.946975841,12072.0134746554,0
388866.741660594,12058.727417304,0
388902.49691994,12045.3341067373,0
388938.212437296,12031.8336602491,0
388973.88789641,12018.2261960696,0
389009.52298136,12004.5118333646,0
389045.117376566,11990.6906922334,0
389080.670766786,11976.7628937092,0
389116.182837116,11962.7285597588,0
389151.653273002,11948.5878132799,0
389187.081760236,11934.3407781011,0
389222.467984958,11919.9875789817,0
389257.811633661,11905.5283416104,0
389293.112393195,11890.9631926035,0
389328.369950769,11876.2922595048,0
389363.583993948,11861.5156707855,0
389398.754210665,11846.6335558417,0
389433.880289216,11831.646044994,0
389468.961918269,11816.5532694872,0
389503.998786857,11801.3553614891,0
389538.990584395,11786.0524540891,0
389573.937000668,11770.6446812969,0
389608.837725844,11755.1321780436,0
389643.692450471,11739.5150801784,0
389678.500865482,11723.7935244684,0
389713.262662199,11707.9676485981,0
389747.977532329,11692.0375911684,0
389782.645167977,11676.0034916946,0
389817.265261641,11659.8654906063,0
389851.837506215,11643.6237292465,0
389886.361594994,11627.2783498703,0
389920.837221679,11610.829495643,0
389955.264080374,11594.2773106406,0
389989.64186559,11577.6219398485,0
390023.970272252,11560.863529159,0
390058.248995699,11544.0022253716,0
390092.477731681,11527.0381761921,0
390126.656176372,11509.9715302309,0
390160.784026366,11492.8024370013,0
390194.860978681,11475.53104692,0
390228.886730759,11458.1575113053,0
390262.860980477,11440.6819823753,0
390296.78342614,11423.1046132473,0
390330.653766488,11405.4255579378,0
390364.471700697,11387.6449713596,0
390398.236928387,11369.7630093211,0
390431.949149617,11351.7798285263,0
390465.60806489,11333.6955865727,0
390499.213375161,11315.5104419498,0
390532.764781832,11297.2245540388,0
390566.261986759,11278.8380831115,0
390599.704692251,11260.351190328,0
390633.092601081,11241.7640377364,0
390666.425416476,11223.0767882719,0
390699.70284213,11204.289605755,0
390732.924582203,11185.4026548899,0
390766.090341322,11166.4161012645,0
390799.199824586,11147.3301113484,0
