378038.343991419,-11150.6255072109,0
378005.24966775,-11131.4339454512,0
377972.212111308,-11112.1428869622,0
377939.231617795,-11092.7524995415,0
377906.308482439,-11073.2629518794,0
377873.442999994,-11053.6744135572,0
377840.635464734,-11033.9870550456,0
377807.886170451,-11014.2010477044,0
377775.195410458,-10994.3165637814,0
377742.563477578,-10974.33377641,0
377709.990664146,-10954.2528596084,0
377677.477262005,-10934.0739882799,0
377645.023562507,-10913.7973382093,0
377612.629856502,-10893.4230860627,0
377580.296434345,-10872.9514093871,0
377548.023585888,-10852.3824866078,0
377515.811600476,-10831.7164970273,0
377483.660766949,-10810.9536208248,0
377451.571373636,-10790.0940390548,0
377419.543708355,-10769.1379336445,0
377387.578058405,-10748.085487394,0
377355.674710571,-10726.9368839749,0
377323.833951117,-10705.6923079276,0
377292.05606578,-10684.351944661,0
377260.341339776,-10662.9159804519,0
377228.690057791,-10641.3846024421,0
377197.102503977,-10619.7579986372,0
377165.578961958,-10598.0363579069,0
377134.119714816,-10576.219869982,0
377102.725045098,-10554.308725453,0
377071.395234807,-10532.3031157697,0
377040.130565405,-10510.2032332397,0
377008.931317804,-10488.0092710255,0
376977.797772367,-10465.721423145,0
376946.730208908,-10443.3398844694,0
376915.728906682,-10420.8648507208,0
376884.794144391,-10398.2965184719,0
376853.926200176,-10375.635085145,0
376823.125351613,-10352.8807490087,0
376792.391875715,-10330.0337091776,0
376761.72604893,-10307.0941656116,0
376731.128147132,-10284.0623191128,0
376700.598445622,-10260.9383713245,0
376670.13721913,-10237.7225247309,0
376639.744741804,-10214.4149826539,0
376609.421287213,-10191.015949252,0
376579.167128343,-10167.52562952,0
376548.982537594,-10143.9442292863,0
376518.867786778,-10120.2719552107,0
376488.823147116,-10096.5090147849,0
376458.848889236,-10072.6556163295,0
376428.94528317,-10048.711968992,0
376399.112598351,-10024.6782827467,0
376369.351103612,-10000.5547683924,0
376339.661067181,-9976.34163755,0
376310.04275668,-9952.03910266221,0
376280.496439125,-9927.64737699166,0
376251.022380916,-9903.16667461813,0
376221.620847843,-9878.59721043827,0
376192.292105079,-9853.93920016388,0
376163.036417177,-9829.192860319,0
376133.854048068,-9804.35840823943,0
376104.745261062,-9779.43606207133,0
376075.71031884,-9754.42604076805,0
376046.749483454,-9729.32856408959,0
376017.863016326,-9704.14385260136,0
375989.051178243,-9678.87212767089,0
375960.314229355,-9653.51361146716,0
375931.652429173,-9628.06852695953,0
375903.066036568,-9602.5370979143,0
375874.555309764,-9576.91954889399,0
375846.120506341,-9551.21610525634,0
375817.76188323,-9525.42699315083,0
375789.479696707,-9499.55243951782,0
375761.274202398,-9473.59267208763,0
375733.14565527,-9447.54791937705,0
375705.094309632,-9421.41841068838,0
375677.12041913,-9395.2043761085,0
375649.224236748,-9368.90604650541,0
375621.406014801,-9342.52365352716,0
375593.666004937,-9316.05742960096,0
375566.004458133,-9289.50760792967,0
375538.42162469,-9262.87442249068,0
375510.917754234,-9236.15810803505,0
375483.493095711,-9209.35890008391,0
375456.147897387,-9182.47703492739,0
375428.882406844,-9155.51274962363,0
375401.696870978,-9128.46628199522,0
375374.591535994,-9101.33787062813,0
375347.566647409,-9074.12775487066,0
375320.622450047,-9046.83617482978,0
375293.759188031,-9019.46337137019,0
375266.977104792,-8992.00958611311,0
375240.276443056,-8964.47506143263,0
375213.657444846,-8936.86004045483,0
375187.120351483,-8909.16476705639,0
375160.665403576,-8881.38948586097,0
375134.292841025,-8853.53444223846,0
375108.002903018,-8825.5998823033,0
375081.795828027,-8797.58605291097,0
375055.671853805,-8769.49320165732,0
375029.631217388,-8741.32157687661,0
375003.674155088,-8713.07142763816,0
374977.800902491,-8684.74300374569,0
374952.01169446,-8656.33655573511,0
374926.306765123,-8627.85233487133,0
374900.68634788,-8599.29059314766,0
374875.150675397,-8570.65158328323,0
374849.6999796,-8541.93555872006,0
374824.33449168,-8513.14277362247,0
374799.054442085,-8484.27348287419,0
374773.860060519,-8455.32794207564,0
374748.75157594,-8426.30640754337,0
374723.72921656,-8397.20913630677,0
374698.793209838,-8368.03638610574,0
374673.943782482,-8338.78841539,0
374649.181160442,-8309.46548331549,0
374624.505568913,-8280.06784974243,0
374599.91723233,-8250.59577523441,0
374575.416374366,-8221.04952105453,0
374551.003217927,-8191.42934916395,0
374526.677985156,-8161.73552222054,0
374502.440897426,-8131.96830357503,0
374478.292175336,-8102.12795726987,0
374454.232038716,-8072.2147480374,0
374430.260706617,-8042.22894129614,0
374406.378397313,-8012.17080314999,0
374382.585328298,-7982.04060038568,0
374358.881716283,-7951.83860046953,0
374335.267777195,-7921.56507154672,0
374311.743726172,-7891.22028243811,0
374288.309777565,-7860.80450263757,0
374264.966144934,-7830.31800231113,0
374241.713041043,-7799.76105229332,0
374218.550677861,-7769.13392408507,0
374195.47926656,-7738.43688985259,0
374172.49901751,-7707.67022242337,0
374149.610140281,-7676.83419528472,0
374126.812843635,-7645.92908258204,0
374104.10733553,-7614.95515911492,0
374081.493823114,-7583.9127003361,0
374058.972512723,-7552.80198234896,0
374036.543609881,-7521.6232819041,0
374014.207319296,-7490.37687639845,0
373991.963844858,-7459.06304387199,0
373969.813389637,-7427.682063005,0
373947.756155882,-7396.23421311707,0
373925.792345017,-7364.71977416322,0
373903.922157641,-7333.13902673188,0
373882.145793523,-7301.49225204347,0
373860.463451603,-7269.77973194627,0
373838.875329988,-7238.00174891516,0
373817.38162595,-7206.15858604923,0
373795.982535925,-7174.25052706813,0
373774.678255509,-7142.27785631112,0
373753.468979459,-7110.24085873368,0
373732.354901686,-7078.13981990473,0
373711.336215261,-7045.97502600546,0
373690.413112402,-7013.74676382536,0
373669.585784482,-6981.45532076027,0
373648.854422022,-6949.10098481061,0
373628.219214688,-6916.68404457729,0
373607.680351293,-6884.20478926053,0
373587.238019792,-6851.66350865695,0
373566.892407281,-6819.06049315622,0
373546.643699993,-6786.39603373996,0
373526.492083299,-6753.67042197791,0
373506.437741707,-6720.88395002561,0
373486.480858853,-6688.03691062275,0
373466.621617507,-6655.129597089,0
373446.860199568,-6622.16230332265,0
373427.196786061,-6589.13532379781,0
373407.631557134,-6556.04895356085,0
373388.164692061,-6522.90348822925,0
373368.796369236,-6489.69922398782,0
373349.526766171,-6456.43645758617,0
373330.356059497,-6423.11548633708,0
373311.284424958,-6389.73660811223,0
373292.312037413,-6356.30012134083,0
373273.439070833,-6322.80632500664,0
373254.665698295,-6289.25551864447,0
373235.992091988,-6255.64800233896,0
373217.418423204,-6221.98407672054,0
373198.94486234,-6188.26404296316,0
373180.571578894,-6154.48820278231,0
373162.298741466,-6120.65685843082,0
373144.126517753,-6086.7703126975,0
373126.055074549,-6052.82886890382,0
373108.084577741,-6018.83283090068,0
373090.215192312,-5984.78250306697,0
373072.447082333,-5950.67819030532,0
373054.780410967,-5916.5201980402,0
373037.215340462,-5882.30883221532,0
373019.752032152,-5848.04439928972,0
373002.390646457,-5813.72720623653,0
372985.131342877,-5779.35756053886,0
372967.974279993,-5744.93577018745,0
372950.919615465,-5710.46214367844,0
372933.967506029,-5675.93699000927,0
372917.118107497,-5641.36061867714,0
372900.371574754,-5606.73333967545,0
372883.728061756,-5572.05546349077,0
372867.187721531,-5537.32730110105,0
372850.750706173,-5502.54916397126,0
372834.417166844,-5467.72136405176,0
372818.18725377,-5432.84421377497,0
372802.061116242,-5397.918026052,0
372786.03890261,-5362.94311427098,0
372770.120760286,-5327.91979229272,0
372754.306835739,-5292.84837444882,0
372738.597274495,-5257.72917553859,0
372722.992221136,-5222.56251082544,0
372707.491819297,-5187.34869603519,0
372692.096211663,-5152.08804735182,0
372676.805539972,-5116.78088141543,0
372661.619945009,-5081.42751531915,0
372646.539566605,-5046.02826660551,0
372631.56454364,-5010.58345326473,0
372616.695014034,-4975.09339373039,0
372601.931114751,-4939.55840687739,0
372587.272981797,-4903.97881201881,0
372572.720750216,-4868.35492890228,0
372558.274554089,-4832.68707770816,0
372543.934526536,-4796.97557904524,0
372529.700799708,-4761.22075394871,0
372515.573504792,-4725.42292387681,0
372501.552772007,-4689.58241070739,0
372487.6387306,-4653.69953673592,0
372473.831508849,-4617.77462467111,0
372460.131234058,-4581.8079976331,0
372446.538032559,-4545.79997914968,0
372433.052029705,-4509.75089315324,0
372419.673349876,-4473.66106397841,0
372406.402116472,-4437.53081635783,0
372393.238451912,-4401.36047542036,0
372380.182477636,-4365.15036668694,0
372367.234314101,-4328.90081606802,0
372354.394080778,-4292.61214986066,0
372341.661896157,-4256.28469474463,0
372329.037877738,-4219.91877778044,0
372316.522142034,-4183.51472640507,0
372304.11480457,-4147.07286842977,0
372291.815979878,-4110.59353203647,0
372279.6257815,-4074.07704577452,0
372267.544321985,-4037.52373855829,0
372255.571712887,-4000.93393966292,0
372243.708064764,-3964.30797872234,0
372231.953487178,-3927.64618572513,0
372220.308088691,-3890.94889101201,0
372208.771976867,-3854.21642527251,0
372197.345258269,-3817.44911954142,0
372186.028038459,-3780.64730519648,0
372174.820421993,-3743.81131395405,0
372163.722512426,-3706.9414778671,0
372152.734412306,-3670.03812932107,0
372141.856223173,-3633.10160103122,0
372131.088045561,-3596.13222603936,0
372120.429978995,-3559.13033771023,0
372109.882121989,-3522.09626972912,0
372099.444572045,-3485.03035609757,0
372089.117425654,-3447.93293113128,0
372078.900778293,-3410.80432945586,0
372068.794724424,-3373.64488600436,0
372058.799357494,-3336.45493601367,0
372048.914769932,-3299.2348150212,0
372039.141053149,-3261.98485886208,0
372029.478297539,-3224.70540366519,0
372019.926592475,-3187.3967858508,0
372010.486026307,-3150.05934212635,0
372001.156686366,-3112.69340948409,0
371991.938658959,-3075.29932519702,0
371982.832029367,-3037.87742681621,0
371973.836881849,-3000.42805216723,0
371964.953299635,-2962.95153934678,0
371956.18136493,-2925.44822671983,0
371947.52115891,-2887.91845291564,0
371938.972761723,-2850.36255682533,0
371930.536252487,-2812.7808775976,0
371922.211709289,-2775.17375463641,0
371913.999209183,-2737.54152759678,0
371905.898828193,-2699.8845363822,0
371897.910641307,-2662.20312114077,0
371890.034722481,-2624.49762226223,0
371882.271144634,-2586.76838037446,0
371874.61997965,-2549.01573634015,0
371867.081298375,-2511.24003125366,0
371859.65517062,-2473.44160643726,0
371852.341665154,-2435.62080343841,0
371845.140849708,-2397.77796402567,0
371838.052790974,-2359.91343018613,0
371831.077554602,-2322.02754412127,0
371824.215205201,-2284.1206482444,0
371817.465806336,-2246.19308517652,0
371810.829420531,-2208.24519774367,0
371804.306109265,-2170.27732897291,0
371797.895932972,-2132.28982208956,0
371791.598951041,-2094.28302051326,0
371785.415221816,-2056.25726785511,0
371779.344802593,-2018.21290791382,0
371773.387749621,-1980.15028467272,0
371767.544118101,-1942.06974229606,0
371761.813962186,-1903.9716251259,0
371756.197334978,-1865.85627767842,0
371750.69428853,-1827.72404464083,0
371745.304873846,-1789.5752708677,0
371740.029140876,-1751.41030137776,0
371734.867138521,-1713.22948135035,0
371729.818914626,-1675.03315612215,0
371724.884515988,-1636.82167118362,0
371720.063988347,-1598.59537217573,0
371715.35737639,-1560.3546048864,0
371710.76472375,-1522.09971524727,0
371706.286073004,-1483.83104933004,0
371701.921465674,-1445.54895334333,0
371697.670942227,-1407.25377362892,0
371693.534542072,-1368.94585665871,0
371689.512303561,-1330.62554903089,0
371685.604263991,-1292.29319746689,0
371681.810459598,-1253.94914880758,0
371678.130925561,-1215.5937500102,0
371674.565696003,-1177.22734814455,0
371671.114803982,-1138.85029038995,0
371667.778281503,-1100.46292403137,0
371664.556159506,-1062.06559645639,0
371661.448467875,-1023.65865515145,0
371658.45523543,-985.242447698579,0
371655.576489932,-946.817321771905,0
371652.81225808,-908.383625134111,0
371650.162565512,-869.941705633198,0
371647.627436804,-831.491911198745,0
371645.20689547,-793.034589838757,0
371642.90096396,-754.570089635952,0
371640.709663665,-716.098758744465,0
371638.63301491,-677.620945386358,0
371636.671036956,-639.136997848069,0
371634.823748004,-600.647264477125,0
371633.09116519,-562.152093678493,0
371631.473304584,-523.651833911251,0
371629.970181195,-485.146833685098,0
371628.581808966,-446.637441556808,0
371627.308200777,-408.124006126897,0
371626.149368443,-369.606876036063,0
371625.105322713,-331.086399961725,0
371624.176073273,-292.56292661462,0
371623.361628743,-254.036804735276,0
371622.66199668,-215.508383090543,0
371622.077183573,-176.978010470172,0
371621.607194848,-138.446035683313,0
371621.252034865,-99.9128075550392,0
371621.011706918,-61.3786749228945,0
371620.886213238,-22.8439866334238,0
371620.875554989,15.6909084613034,0
371620.979732268,54.2256615071638,0
371621.198744111,92.7599236514416,0
371621.532588485,131.293346046308,0
371621.981262293,169.825579852287,0
371622.544761373,208.35627624172,0
371623.223080497,246.88508640224,0
371624.016213372,285.411661540243,0
371624.924152641,323.935652884361,0
371625.94688988,362.456711688913,0
371627.084415602,400.974489237374,0
371628.336719255,439.488636845877,0
371629.703789221,477.998805866647,0
371631.185612819,516.504647691451,0
371632.782176302,555.005813755117,0
371634.49346486,593.501955538971,0
371636.319462619,631.992724574257,0
371638.260152641,670.477772445701,0
371640.315516924,708.956750794884,0
371642.485536402,747.429311323707,0
371644.770190948,785.895105797959,0
371647.169459369,824.353786050601,0
371649.683319412,862.805003985385,0
371652.31174776,901.248411580235,0
371655.054720035,939.683660890657,0
371657.912210794,978.110404053358,0
371660.884193537,1016.52829328945,0
371663.9706407,1054.93698090819,0
371667.171523658,1093.33611931015,0
371670.486812725,1131.72536099087,0
371673.916477158,1170.10435854424,0
371677.460485149,1208.47276466585,0
371681.118803835,1246.83023215666,0
371684.891399292,1285.17641392612,0
371688.778236536,1323.51096299601,0
371692.779279527,1361.83353250343,0
371696.894491165,1400.14377570467,0
371701.123833295,1438.44134597826,0
371705.467266702,1476.72589682873,0
371709.924751117,1514.99708188979,0
371714.496245214,1553.2545549279,0
371719.181706611,1591.49796984565,0
371723.981091871,1629.72698068517,0
371728.894356502,1667.9412416316,0
371733.92145496,1706.1404070164,0
371739.062340646,1744.32413132097,0
371744.316965906,1782.49206917975,0
371749.685282038,1820.64387538404,0
371755.167239285,1858.77920488493,0
371760.762786839,1896.89771279721,0
371766.471872843,1934.99905440228,0
371772.294444387,1973.08288515201,0
371778.230447515,2011.1488606717,0
371784.27982722,2049.19663676392,0
371790.442527448,2087.22586941141,0
371796.718491096,2125.236214781,0
371803.107660015,2163.22732922648,0
371809.609975011,2201.19886929242,0
371816.225375843,2239.15049171718,0
371822.953801226,2277.08185343663,0
371829.79518883,2314.99261158719,0
371836.749475283,2352.88242350948,0
371843.816596169,2390.75094675148,0
371850.996486033,2428.59783907203,0
371858.289078375,2466.42275844411,0
371865.694305658,2504.22536305817,0
371873.212099304,2542.00531132568,0
371880.842389696,2579.76226188208,0
371888.585106181,2617.49587359067,0
371896.440177067,2655.2058055453,0
371904.407529627,2692.89171707445,0
371912.487090097,2730.55326774374,0
371920.678783681,2768.19011736012,0
371928.982534547,2805.80192597431,0
371937.398265832,2843.38835388501,0
371945.925899641,2880.94906164137,0
371954.565357047,2918.48371004704,0
371963.316558094,2955.9919601629,0
371972.179421796,2993.47347331073,0
371981.153866139,3030.9279110764,0
371990.239808083,3068.35493531298,0
371999.437163561,3105.7542081445,0
372008.74584748,3143.12539196855,0
372018.165773724,3180.46814946037,0
372027.696855153,3217.78214357525,0
372037.339003605,3255.06703755272,0
372047.092129896,3292.3224949189,0
372056.956143824,3329.5481794906,0
372066.930954165,3366.74375537794,0
372077.016468678,3403.90888698791,0
372087.212594107,3441.04323902772,0
372097.519236177,3478.14647650755,0
372107.9362996,3515.21826474459,0
372118.463688073,3552.25826936526,0
372129.101304281,3589.26615630954,0
372139.849049898,3626.24159183315,0
372150.706825586,3663.18424251162,0
372161.674531001,3700.09377524298,0
372172.752064786,3736.96985725103,0
372183.939324582,3773.81215608898,0
372195.236207021,3810.62033964179,0
372206.642607732,3847.39407613047,0
372218.158421339,3884.1330341141,0
372229.783541466,3920.83688249406,0
372241.517860735,3957.50529051645,0
372253.361270768,3994.13792777556,0
372265.313662189,4030.73446421726,0
372277.374924624,4067.29457014146,0
372289.544946705,4103.81791620627,0
372301.823616067,4140.30417343003,0
372314.210819353,4176.75301319548,0
372326.706442214,4213.16410725219,0
372339.310369309,4249.53712771986,0
372352.022484308,4285.87174709188,0
372364.842669895,4322.16763823751,0
372377.770807764,4358.42447440619,0
372390.806778625,4394.64192922946,0
372403.950462203,4430.81967672497,0
372417.201737244,4466.9573912992,0
372430.560481507,4503.05474775026,0
372444.026571774,4539.1114212718,0
372457.59988385,4575.12708745496,0
372471.28029256,4611.1014222926,0
372485.067671754,4647.03410218145,0
372498.961894308,4682.92480392555,0
372512.962832126,4718.77320473961,0
372527.07035614,4754.57898225111,0
372541.284336311,4790.34181450462,0
372555.604641632,4826.06137996359,0
372570.03114013,4861.73735751421,0
372584.563698866,4897.3694264683,0
372599.202183937,4932.95726656564,0
372613.946460477,4968.50055797821,0
372628.796392658,5003.99898131186,0
372643.751843696,5039.45221761028,0
372658.812675846,5074.85994835767,0
372673.978750408,5110.22185548125,0
372689.249927725,5145.53762135532,0
372704.626067191,5180.80692880287,0
372720.107027244,5216.0294610997,0
372735.692665375,5251.20490197683,0
372751.382838124,5286.33293562314,0
372767.177401087,5321.41324668932,0
372783.076208911,5356.44552028945,0
372799.079115303,5391.42944200513,0
372815.185973026,5426.3646978878,0
372831.396633903,5461.25097446135,0
372847.710948818,5496.08795872609,0
372864.128767719,5530.87533816024,0
372880.649939617,5565.61280072399,0
372897.274312591,5600.30003486193,0
372914.001733787,5634.93672950545,0
372930.83204942,5669.52257407676,0
372947.765104778,5704.05725849039,0
372964.800744221,5738.54047315705,0
372981.938811183,5772.9719089863,0
372999.179148177,5807.35125738854,0
373016.521596793,5841.67821027933,0
373033.9659977,5875.95246008076,0
373051.51219065,5910.17369972505,0
373069.160014478,5944.34162265753,0
373086.909307105,5978.4559228384,0
373104.759905539,6012.51629474692,0
373122.711645876,6046.52243338309,0
373140.764363303,6080.4740342707,0
373158.9178921,6114.37079346079,0
373177.172065642,6148.21240753306,0
373195.526716399,6181.99857359995,0
373213.981675939,6215.72898930878,0
373232.53677493,6249.40335284402,0
373251.191843142,6283.02136293132,0
373269.946709448,6316.5827188387,0
373288.801201828,6350.08712038032,0
373307.755147367,6383.53426791912,0
373326.808372261,6416.92386236853,0
373345.960701815,6450.25560519662,0
373365.21196045,6483.5291984277,0
373384.561971699,6516.7443446451,0
373404.010558214,6549.90074699473,0
373423.557541763,6582.99810918627,0
373443.202743237,6616.03613549712,0
373462.94598265,6649.01453077464,0
373482.787079138,6681.93300043801,0
373502.725850965,6714.7912504823,0
373522.762115524,6747.58898747986,0
373542.895689336,6780.32591858324,0
373563.126388059,6813.00175152855,0
373583.454026479,6845.61619463661,0
373603.878418525,6878.16895681683,0
373624.399377259,6910.65974756944,0
373645.016714886,6943.0882769872,0
373665.730242753,6975.45425575947,0
373686.539771351,7007.75739517355,0
373707.445110317,7039.99740711739,0
373728.446068439,7072.17400408308,0
373749.542453653,7104.28689916784,0
373770.734073047,7136.33580607775,0
373792.020732866,7168.32043913013,0
373813.402238509,7200.24051325495,0
373834.878394537,7232.09574399892,0
373856.449004669,7263.88584752695,0
373878.113871787,7295.61054062438,0
373899.87279794,7327.26954070077,0
373921.725584343,7358.86256579083,0
373943.672031379,7390.38933455761,0
373965.711938605,7421.84956629545,0
373987.845104748,7453.242980931,0
374010.071327714,7484.56929902698,0
374032.390404584,7515.82824178429,0
374054.802131619,7547.01953104342,0
374077.306304264,7578.14288928847,0
374099.902717147,7609.19803964843,0
374122.591164082,7640.18470589938,0
374145.37143807,7671.10261246816,0
374168.243331306,7701.95148443326,0
374191.206635174,7732.73104752779,0
374214.261140256,7763.44102814248,0
374237.40663633,7794.08115332655,0
374260.642912372,7824.65115079127,0
374283.969756562,7855.15074891221,0
374307.386956282,7885.57967673034,0
374330.89429812,7915.93766395594,0
374354.491567873,7946.22444097014,0
374378.178550547,7976.43973882649,0
374401.955030362,8006.58328925486,0
374425.820790753,8036.65482466241,0
374449.77561437,8066.6540781359,0
374473.819283084,8096.58078344507,0
374497.951577988,8126.43467504349,0
374522.172279398,8156.21548807135,0
374546.481166855,8185.92295835843,0
374570.878019131,8215.55682242478,0
374595.362614227,8245.11681748407,0
374619.934729376,8274.60268144595,0
374644.594141048,8304.01415291688,0
374669.340624949,8333.35097120376,0
374694.173956027,8362.61287631577,0
374719.09390847,8391.79960896543,0
374744.10025571,8420.91091057237,0
374769.192770428,8449.94652326473,0
374794.371224553,8478.9061898805,0
374819.635389263,8507.78965397134,0
374844.985034994,8536.59665980349,0
374870.419931434,8565.32695235966,0
374895.939847533,8593.98027734247,0
374921.544551498,8622.55638117531,0
374947.233810801,8651.05501100447,0
374973.00739218,8679.47591470237,0
374998.865061639,8707.81884086826,0
375024.806584454,8736.08353883069,0
375050.831725171,8764.26975865043,0
375076.940247613,8792.3772511211,0
375103.131914879,8820.40576777192,0
375129.406489349,8848.35506087035,0
375155.763732684,8876.22488342264,0
375182.203405827,8904.01498917687,0
375208.725269013,8931.72513262524,0
375235.329081761,8959.35506900469,0
375262.014602885,8986.90455430008,0
375288.781590492,9014.37334524621,0
375315.629801984,9041.76119932853,0
375342.558994063,9069.06787478631,0
375369.568922732,9096.29313061461,0
375396.659343299,9123.4367265649,0
375423.830010375,9150.49842314837,0
375451.080677882,9177.47798163768,0
375478.411099052,9204.37516406763,0
375505.82102643,9231.18973323855,0
375533.310211878,9257.92145271784,0
375560.878406575,9284.57008684071,0
375588.525361022,9311.13540071357,0
375616.250825041,9337.6171602155,0
375644.054547782,9364.01513199895,0
375671.936277722,9390.32908349313,0
375699.895762669,9416.55878290547,0
375727.932749762,9442.70399922223,0
375756.046985478,9468.76450221196,0
375784.238215632,9494.74006242682,0
375812.506185377,9520.63045120328,0
375840.850639212,9546.43544066545,0
375869.271320979,9572.15480372646,0
375897.767973869,9597.78831408907,0
375926.340340423,9623.33574624896,0
375954.988162536,9648.79687549619,0
375983.711181457,9674.17147791569,0
376012.509137793,9699.45933039053,0
376041.381771513,9724.66021060337,0
376070.328821947,9749.77389703699,0
376099.350027793,9774.80016897735,0
376128.445127113,9799.73880651524,0
376157.613857344,9824.58959054666,0
376186.855955293,9849.3523027758,0
376216.171157144,9874.02672571679,0
376245.559198458,9898.61264269405,0
376275.019814177,9923.10983784505,0
376304.552738628,9947.51809612228,0
376334.157705521,9971.83720329353,0
376363.834447955,9996.06694594438,0
376393.582698421,10020.2071114805,0
376423.402188803,10044.2574881276,0
376453.29265038,10068.2178649342,0
376483.253813829,10092.0880317734,0
376513.285409231,10115.8677793436,0
376543.387166067,10139.5568991704,0
376573.558813227,10163.1551836089,0
376603.800079008,10186.6624258442,0
376634.110691119,10210.0784198932,0
376664.490376682,10233.4029606069,0
376694.938862237,10256.6358436713,0
376725.455873742,10279.7768656085,0
376756.041136576,10302.8258237793,0
376786.694375544,10325.7825163843,0
376817.415314876,10348.6467424644,0
376848.203678233,10371.4183019038,0
376879.059188707,10394.0969954312,0
376909.981568823,10416.6826246199,0
376940.970540547,10439.174991891,0
376972.025825281,10461.5739005143,0
377003.147143871,10483.879154609,0
377034.334216609,10506.0905591459,0
377065.586763232,10528.2079199494,0
377096.904502929,10550.2310436973,0
377128.287154342,10572.1597379232,0
377159.734435566,10593.9938110186,0
377191.246064158,10615.733072233,0
377222.821757131,10637.3773316754,0
377254.461230964,10658.9264003171,0
377286.164201603,10680.3800899917,0
377317.930384459,10701.7382133963,0
377349.759494416,10723.0005840942,0
377381.651245833,10744.1670165154,0
377413.605352543,10765.2373259574,0
377445.621527859,10786.2113285875,0
377477.699484575,10807.0888414444,0
377509.838934971,10827.869682438,0
377542.039590812,10848.5536703517,0
377574.301163353,10869.1406248443,0
377606.623363342,10889.6303664503,0
377639.00590102,10910.0227165808,0
377671.448486128,10930.3174975264,0
377703.950827905,10950.5145324575,0
377736.512635093,10970.6136454247,0
377769.133615941,10990.6146613618,0
377801.813478203,11010.5174060863,0
377834.551929147,11030.3217062997,0
377867.348675552,11050.02738959,0
377900.203423714,11069.6342844332,0
377933.115879448,11089.1422201927,0
377966.085748088,11108.5510271217,0
377999.112734496,11127.8605363653,0
378032.196543057,11147.0705799599,0
378065.336877686,11166.1809908348,0
378098.533441831,11185.1916028146,0
378131.785938476,11204.1022506195,0
378165.094070137,11222.9127698654,0
378198.457538875,11241.622997067,0
378231.876046293,11260.2327696382,0
378265.349293537,11278.7419258924,0
378298.876981302,11297.1503050445,0
378332.458809834,11315.4577472123,0
378366.094478933,11333.6640934168,0
378399.783687952,11351.7691855831,0
378433.526135806,11369.7728665428,0
378467.321520971,11387.6749800344,0
378501.169541485,11405.4753707033,0
378535.069894953,11423.1738841045,0
378569.022278551,11440.7703667033,0
378603.026389027,11458.2646658757,0
378637.0819227,11475.6566299094,0
378671.188575472,11492.946108006,0
378705.346042821,11510.1329502811,0
378739.55401981,11527.2170077649,0
378773.812201086,11544.1981324044,0
378808.120280885,11561.076177064,0
378842.477953034,11577.8509955257,0
378876.884910952,11594.5224424908,0
378911.340847657,11611.0903735813,0
378945.845455763,11627.5546453402,0
378980.398427488,11643.915115232,0
379014.999454652,11660.171641645,0
379049.648228686,11676.3240838916,0
379084.344440625,11692.3723022086,0
379119.08778112,11708.3161577589,0
379153.877940438,11724.1555126328,0
379188.714608461,11739.890229848,0
379223.597474693,11755.5201733505,0
379258.526228262,11771.0452080164,0
379293.500557919,11786.4651996526,0
379328.520152047,11801.7800149967,0
379363.584698658,11816.9895217186,0
379398.6938854,11832.0935884221,0
379433.847399555,11847.0920846446,0
379469.044928047,11861.9848808579,0
379504.28615744,11876.7718484701,0
379539.570773945,11891.4528598262,0
379574.898463419,11906.0277882079,0
379610.268911369,11920.4965078354,0
379645.681802956,11934.8588938682,0
379681.136822997,11949.1148224059,0
379716.633655965,11963.264170488,0
379752.171985997,11977.3068160961,0
379787.751496892,11991.2426381544,0
379823.371872117,12005.0715165297,0
379859.032794805,12018.7933320325,0
379894.733947764,12032.4079664185,0
379930.475013476,12045.9153023891,0
379966.255674101,12059.3152235909,0
380002.075611475,12072.6076146178,0
380037.934507123,12085.7923610119,0
380073.832042251,12098.8693492635,0
380109.767897755,12111.8384668115,0
380145.74175422,12124.6996020451,0
380181.753291928,12137.4526443045,0
380217.802190854,12150.0974838805,0
380253.888130674,12162.634012016,0
380290.010790765,12175.0621209069,0
380326.169850209,12187.3817037028,0
380362.364987795,12199.5926545064,0
380398.595882021,12211.6948683756,0
380434.862211099,12223.6882413241,0
380471.163652957,12235.5726703215,0
380507.499885238,12247.3480532934,0
380543.870585308,12259.0142891235,0
380580.275430257,12270.5712776535,0
380616.714096901,12282.0189196837,0
380653.186261783,12293.3571169728,0
380689.691601179,12304.5857722404,0
380726.229791102,12315.7047891667,0
380762.800507297,12326.714072392,0
380799.403425252,12337.6135275188,0
380836.038220197,12348.4030611119,0
380872.704567109,12359.0825806994,0
380909.402140709,12369.6519947718,0
380946.130615472,12380.1112127841,0
380982.889665625,12390.4601451562,0
381019.678965153,12400.698703273,0
381056.498187798,12410.8267994844,0
381093.347007062,12420.844347107,0
381130.225096216,12430.7512604243,0
381167.132128295,12440.547454687,0
381204.067776104,12450.2328461132,0
381241.031712221,12459.8073518893,0
381278.023608998,12469.2708901711,0
381315.043138569,12478.6233800836,0
381352.089972842,12487.8647417207,0
381389.163783514,12496.9948961473,0
381426.264242066,12506.0137653992,0
381463.391019769,12514.9212724835,0
381500.543787682,12523.7173413781,0
381537.722216663,12532.4018970337,0
381574.925977364,12540.9748653739,0
381612.15474024,12549.4361732951,0
381649.408175544,12557.7857486668,0
381686.685953335,12566.0235203326,0
381723.987743484,12574.1494181109,0
381761.31321567,12582.1633727949,0
381798.662039383,12590.065316152,0
381836.033883932,12597.855180926,0
381873.428418446,12605.5329008368,0
381910.845311873,12613.0984105806,0
381948.284232985,12620.5516458297,0
381985.744850381,12627.892543234,0
382023.226832493,12635.1210404214,0
382060.729847584,12642.2370759973,0
382098.25356375,12649.240589545,0
382135.797648924,12656.1315216266,0
382173.361770883,12662.9098137834,0
382210.94559725,12669.5754085362,0
382248.548795486,12676.1282493848,0
382286.171032906,12682.5682808089,0
382323.811976675,12688.895448269,0
382361.471293815,12695.1096982062,0
382399.148651202,12701.2109780422,0
382436.843715571,12707.1992361796,0
382474.55615352,12713.074422003,0
382512.285631517,12718.8364858787,0
382550.031815892,12724.4853791551,0
382587.794372847,12730.0210541624,0
382625.572968456,12735.4434642138,0
382663.367268674,12740.7525636056,0
382701.176939332,12745.948307617,0
382739.001646139,12751.0306525102,0
382776.841054693,12755.9995555314,0
382814.694830477,12760.8549749108,0
382852.562638865,12765.5968698623,0
382890.44414512,12770.2252005841,0
382928.339014404,12774.739928259,0
382966.246911775,12779.1410150549,0
383004.167502193,12783.4284241241,0
383042.100450518,12787.6021196041,0
383080.045421518,12791.6620666179,0
383118.002079872,12795.608231274,0
383155.970090168,12799.4405806665,0
383193.949116907,12803.1590828753,0
383231.938824508,12806.7637069663,0
383269.938877312,12810.2544229918,0
383307.94893958,12813.6312019902,0
383345.968675497,12816.8940159864,0
383383.997749178,12820.0428379921,0
383422.035824669,12823.0776420055,0
383460.082565946,12825.9984030119,0
383498.137636923,12828.8050969833,0
383536.200701454,12831.4977008791,0
383574.271423334,12834.076192646,0
383612.349466298,12836.5405512176,0
383650.434494033,12838.8907565152,0
383688.526170174,12841.1267894477,0
383726.624158308,12843.2486319114,0
383764.728121975,12845.2562667903,0
383802.837724677,12847.1496779563,0
383840.952629873,12848.9288502689,0
383879.072500986,12850.5937695755,0
383917.197001406,12852.1444227116,0
383955.325794491,12853.5807975004,0
383993.45854357,12854.9028827532,0
384031.594911946,12856.1106682694,0
384069.7345629,12857.2041448365,0
384107.87715969,12858.1833042298,0
384146.02236556,12859.0481392131,0
384184.169843735,12859.7986435379,0
384222.319257431,12860.4348119441,0
384260.470269852,12860.9566401595,0
384298.622544196,12861.3641249,0
384336.775743656,12861.6572638699,0
384374.929531427,12861.836055761,0
384413.0835707,12861.9005002535,0
384451.237524674,12861.8505980155,0
384489.391056553,12861.6863507029,0
384527.543829551,12861.4077609598,0
384565.695506895,12861.0148324177,0
384603.845751823,12860.5075696962,0
384641.994227597,12859.8859784024,0
384680.140597492,12859.1500651313,0
384718.284524813,12858.2998374652,0
384756.425672886,12857.3353039739,0
384794.563705066,12856.2564742146,0
384832.698284743,12855.0633587318,0
384870.829075335,12853.7559690571,0
384908.955740301,12852.3343177093,0
384947.077943138,12850.7984181939,0
384985.195347385,12849.1482850034,0
385023.307616626,12847.383933617,0
385061.414414492,12845.5053805002,0
385099.515404664,12843.5126431051,0
385137.610250876,12841.4057398701,0
385175.69861692,12839.1846902196,0
385213.780166643,12836.8495145639,0
385251.854563953,12834.4002342991,0
385289.921472826,12831.8368718069,0
385327.9805573,12829.1594504544,0
385366.031481483,12826.367994594,0
385404.073909558,12823.4625295631,0
385442.107505779,12820.4430816837,0
385480.131934479,12817.3096782629,0
385518.14686007,12814.0623475917,0
385556.151947049,12810.7011189456,0
385594.146859996,12807.2260225839,0
385632.13126358,12803.63708975,0
385670.104822562,12799.9343526703,0
385708.067201797,12796.1178445546,0
385746.018066232,12792.187599596,0
385783.957080918,12788.1436529702,0
385821.883911006,12783.986040835,0
385859.798221751,12779.7148003309,0
385897.699678515,12775.3299695804,0
385935.587946771,12770.8315876872,0
385973.462692106,12766.2196947365,0
386011.323580217,12761.4943317949,0
386049.170276923,12756.6555409096,0
386087.002448165,12751.7033651081,0
386124.819760005,12746.6378483981,0
386162.621878631,12741.4590357674,0
386200.40847036,12736.1669731832,0
386238.179201642,12730.7617075915,0
386275.933739062,12725.2432869175,0
386313.671749338,12719.611760065,0
386351.39289933,12713.8671769157,0
386389.096856041,12708.0095883291,0
386426.783286621,12702.0390461419,0
386464.451858363,12695.9556031685,0
386502.102238712,12689.7593131995,0
386539.734095269,12683.4502310016,0
386577.34709579,12677.0284123176,0
386614.940908186,12670.493913866,0
386652.515200533,12663.8467933404,0
386690.069641071,12657.0871094085,0
386727.603898207,12650.2149217125,0
386765.117640514,12643.230290869,0
386802.610536739,12636.1332784676,0
386840.082255806,12628.9239470707,0
386877.532466816,12621.6023602131,0
386914.960839047,12614.1685824023,0
386952.367041962,12606.6226791174,0
386989.750745211,12598.964716808,0
387027.111618632,12591.1947628944,0
387064.449332252,12583.312885768,0
387101.763556293,12575.3191547895,0
387139.053961173,12567.2136402886,0
387176.320217512,12558.9964135636,0
387213.561996128,12550.6675468817,0
387250.778968044,12542.2271134777,0
387287.970804493,12533.6751875533,0
387325.137176918,12525.0118442767,0
387362.27775697,12516.237159783,0
387399.392216519,12507.3512111729,0
387436.480227652,12498.3540765115,0
387473.541462681,12489.2458348288,0
387510.575594134,12480.026566119,0
387547.582294769,12470.69635134,0
387584.561237573,12461.2552724118,0
387621.512095766,12451.703412217,0
387658.434542799,12442.0408546003,0
387695.328252361,12432.2676843674,0
387732.192898381,12422.3839872842,0
387769.028155032,12412.3898500765,0
387805.833696728,12402.2853604302,0
387842.609198134,12392.0706069893,0
387879.354334164,12381.7456793559,0
387916.068779987,12371.3106680894,0
387952.752211024,12360.7656647068,0
387989.404302956,12350.1107616808,0
388026.024731729,12339.3460524394,0
388062.613173548,12328.4716313657,0
388099.169304885,12317.4875937975,0
388135.692802482,12306.3940360256,0
388172.183343355,12295.1910552936,0
388208.640604793,12283.8787497976,0
388245.064264359,12272.4572186857,0
388281.453999901,12260.9265620559,0
388317.809489548,12249.2868809564,0
388354.130411713,12237.5382773856,0
388390.416445096,12225.6808542902,0
388426.667268692,12213.7147155646,0
388462.882561787,12201.6399660503,0
388499.06200396,12189.4567115363,0
388535.205275093,12177.1650587565,0
388571.312055368,12164.7651153899,0
388607.382025272,12152.2569900597,0
388643.414865595,12139.6407923332,0
388679.41025744,12126.91663272,0
388715.367882221,12114.0846226712,0
388751.287421669,12101.1448745797,0
388787.168557826,12088.0975017789,0
388823.010973062,12074.942618541,0
388858.814350065,12061.6803400773,0
388894.578371849,12048.3107825375,0
388930.302721756,12034.834063008,0
388965.987083461,12021.2502995114,0
389001.631140971,12007.5596110057,0
389037.234578627,11993.7621173842,0
389072.797081111,11979.8579394735,0
389108.318333448,11965.8471990326,0
389143.798021005,11951.7300187534,0
389179.235829493,11937.506522259,0
389214.631444979,11923.1768341022,0
389249.984553877,11908.7410797651,0
389285.294842957,11894.1993856594,0
389320.561999347,11879.5518791236,0
389355.785710535,11864.7986884229,0
389390.965664371,11849.9399427485,0
389426.101549071,11834.975772217,0
389461.193053219,11819.9063078682,0
389496.23986577,11804.7316816649,0
389531.241676051,11789.4520264929,0
389566.198173765,11774.0674761586,0
389601.109048997,11758.5781653881,0
389635.973992209,11742.9842298274,0
389670.792694249,11727.2858060409,0
389705.564846352,11711.4830315096,0
389740.290140141,11695.5760446311,0
389774.968267631,11679.5649847186,0
389809.598921232,11663.4499919995,0
389844.181793751,11647.2312076139,0
389878.716578396,11630.9087736148,0
389913.202968775,11614.4828329667,0
389947.640658903,11597.9535295436,0
389982.029343203,11581.3210081289,0
390016.368716505,11564.5854144147,0
390050.658474056,11547.7468949998,0
390084.898311517,11530.8055973886,0
390119.087924966,11513.7616699913,0
390153.227010905,11496.6152621219,0
390187.315266256,11479.3665239965,0
390221.352388371,11462.0156067334,0
390255.338075025,11444.5626623521,0
390289.272024431,11427.0078437708,0
390323.153935231,11409.3513048062,0
390356.983506507,11391.5932001729,0
390390.760437776,11373.7336854815,0
390424.484429003,11355.772917237,0
390458.155180592,11337.711052839,0
390491.772393396,11319.5482505801,0
390525.335768719,11301.2846696438,0
390558.845008315,11282.920470104,0
390592.299814395,11264.4558129249,0
390625.699889625,11245.890859958,0
390659.044937135,11227.2257739414,0
390692.334660513,11208.4607184997,0
390725.568763816,11189.595858142,0
390758.746951568,11170.6313582601,0
390791.868928764,11151.567385128,0
390824.934400868,11132.4041059014,0
390857.943073826,11113.1416886148,0
390890.89465406,11093.7803021809,0
390923.78884847,11074.3201163907,0
390956.625364442,11054.7613019104,0
390989.40390985,11035.1040302802,0
391022.124193053,11015.3484739149,0
391054.785922903,10995.494806101,0
391087.388808746,10975.5432009952,0
391119.932560425,10955.4938336241,0
391152.416888279,10935.3468798832,0
391184.841503152,10915.102516534,0
391217.206116391,10894.7609212035,0
391249.51043985,10874.322272384,0
391281.75418589,10853.78674943,0
391313.937067387,10833.1545325573,0
391346.05879773,10812.4258028428,0
391378.119090825,10791.600742222,0
391410.117661098,10770.6795334872,0
391442.054223497,10749.6623602879,0
391473.928493492,10728.5494071282,0
391505.740187086,10707.340859365,0
391537.489020806,10686.0369032074,0
391569.174711715,10664.637725716,0
391600.796977409,10643.1435147994,0
391632.355536022,10621.5544592143,0
391663.850106227,10599.8707485645,0
391695.280407242,10578.0925732979,0
391726.646158827,10556.2201247057,0
391757.947081292,10534.2535949222,0
391789.182895495,10512.1931769216,0
391820.353322849,10490.0390645168,0
391851.45808532,10467.7914523591,0
391882.496905431,10445.4505359359,0
391913.469506269,10423.0165115686,0
391944.37561148,10400.4895764122,0
391975.214945276,10377.8699284539,0
392005.987232438,10355.15776651,0
392036.692198317,10332.3532902259,0
392067.329568836,10309.4567000748,0
392097.899070492,10286.4681973544,0
392128.400430363,10263.3879841866,0
392158.833376105,10240.2162635167,0
392189.197635957,10216.9532391101,0
392219.492938743,10193.5991155511,0
392249.719013876,10170.1540982432,0
392279.875591358,10146.618393405,0
392309.962401784,10122.9922080695,0
392339.979176345,10099.2757500839,0
392369.925646828,10075.4692281057,0
392399.801545621,10051.5728516024,0
392429.606605716,10027.5868308499,0
392459.340560707,10003.5113769307,0
392489.003144799,9979.3467017314,0
392518.594092804,9955.09301794278,0
392548.113140148,9930.75053905694,0
392577.560022872,9906.31947936525,0
392606.934477634,9881.80005395799,0
392636.236241711,9857.19247872209,0
392665.465053004,9832.49697033856,0
392694.620650037,9807.71374628217,0
392723.702771963,9782.84302481939,0
392752.711158562,9757.88502500564,0
392781.645550249,9732.83996668481,0
392810.505688071,9707.70807048752,0
392839.291313712,9682.48955782805,0
392868.002169498,9657.18465090392,0
392896.637998393,9631.79357269421,0
392925.198544008,9606.31654695639,0
392953.683550598,9580.75379822579,0
392982.092763069,9555.10555181411,0
393010.425926978,9529.37203380608,0
393038.682788535,9503.55347105886,0
393066.863094606,9477.65009120066,0
393094.966592717,9451.66212262733,0
393122.993031052,9425.58979450166,0
393150.942158461,9399.43333675206,0
393178.813724459,9373.19298006914,0
393206.607479229,9346.86895590487,0
393234.323173623,9320.46149647137,0
393261.960559167,9293.97083473739,0
393289.519388063,9267.39720442744,0
393316.999413188,9240.74084002063,0
393344.400388102,9214.001976747,0
393371.722067045,9187.1808505868,0
393398.964204941,9160.27769826908,0
393426.126557403,9133.29275726822,0
393453.208880732,9106.22626580306,0
393480.21093192,9079.07846283548,0
393507.132468653,9051.84958806691,0
393533.973249316,9024.53988193747,0
393560.733032988,8997.14958562449,0
393587.411579452,8969.67894103895,0
393614.008649193,8942.12819082478,0
393640.524003401,8914.49757835709,0
393666.957403975,8886.78734773877,0
393693.308613524,8858.99774379976,0
393719.577395367,8831.12901209515,0
393745.763513541,8803.18139890184,0
393771.866732797,8775.15515121781,0
393797.886818607,8747.05051676007,0
393823.823537164,8718.86774396139,0
393849.676655383,8690.60708196964,0
393875.445940909,8662.26878064546,0
393901.131162111,8633.85309055913,0
393926.732088091,8605.36026299005,0
393952.248488682,8576.79054992395,0
393977.680134454,8548.14420405012,0
394003.026796713,8519.4214787608,0
394028.288247505,8490.62262814816,0
394053.464259616,8461.7479070017,0
394078.554606578,8432.79757080768,0
394103.559062668,8403.77187574572,0
394128.477402912,8374.67107868662,0
394153.309403087,8345.49543719154,0
394178.05483972,8316.24520950845,0
394202.713490096,8286.92065457021,0
394227.285132256,8257.52203199363,0
394251.769544999,8228.04960207563,0
394276.166507889,8198.50362579179,0
394300.47580125,8168.88436479497,0
394324.697206173,8139.19208141154,0
394348.830504518,8109.42703864015,0
394372.875478914,8079.58950015,0
394396.831912763,8049.67973027706,0
394420.69959024,8019.69799402331,0
394444.478296299,7989.64455705423,0
394468.167816671,7959.51968569554,0
394491.767937869,7929.32364693236,0
394515.278447187,7899.05670840636,0
394538.699132706,7868.71913841275,0
394562.029783293,7838.31120589962,0
394585.270188606,7807.83318046432,0
394608.420139092,7777.28533235128,0
394631.479425994,7746.66793245093,0
394654.447841348,7715.98125229582,0
394677.32517799,7685.22556405895,0
394700.111229554,7654.40114055233,0
394722.805790478,7623.50825522295,0
394745.408656001,7592.54718215164,0
394767.919622169,7561.51819605091,0
394790.338485838,7530.42157226128,0
394812.665044671,7499.25758675038,0
394834.899097144,7468.02651611001,0
394857.04044255,7436.72863755309,0
394879.088880993,7405.36422891276,0
394901.044213398,7373.93356863874,0
394922.906241512,7342.43693579503,0
394944.674767899,7310.8746100587,0
394966.349595953,7279.24687171587,0
394987.930529889,7247.55400166013,0
395009.417374753,7215.79628139063,0
395030.809936422,7183.97399300818,0
395052.108021601,7152.08741921424,0
395073.311437834,7120.13684330799,0
395094.419993497,7088.12254918313,0
395115.433497806,7056.04482132688,0
395136.351760816,7023.90394481633,0
395157.174593425,6991.70020531601,0
395177.901807373,6959.43388907659,0
395198.533215248,6927.10528293073,0
395219.068630483,6894.71467429164,0
395239.507867361,6862.26235115074,0
395259.850741019,6829.74860207393,0
395280.097067445,6797.17371620053,0
395300.246663481,6764.53798323996,0
395320.299346829,6731.84169346881,0
395340.254936048,6699.08513772966,0
395360.113250558,6666.26860742705,0
395379.874110643,6633.39239452557,0
395399.537337449,6600.45679154787,0
395419.102752992,6567.46209157066,0
395438.570180152,6534.40858822356,0
395457.939442681,6501.29657568589,0
395477.210365204,6468.12634868353,0
395496.382773218,6434.89820248774,0
395515.456493096,6401.61243291107,0
395534.431352087,6368.26933630541,0
395553.307178322,6334.86920955988,0
395572.083800809,6301.41235009687,0
395590.761049443,6267.89905587076,0
395609.338754998,6234.32962536463,0
395627.816749139,6200.70435758717,0
395646.194864417,6167.02355207135,0
395664.472934271,6133.28750887025,0
395682.650793034,6099.49652855525,0
395700.728275931,6065.65091221357,0
395718.70521908,6031.75096144442,0
395736.581459499,5997.79697835781,0
395754.356835102,5963.78926557079,0
395772.031184703,5929.72812620477,0
395789.604348017,5895.61386388385,0
395807.076165664,5861.44678273058,0
395824.446479168,5827.22718736442,0
395841.715130959,5792.95538289867,0
395858.881964376,5758.6316749371,0
395875.946823668,5724.25636957256,0
395892.909553995,5689.82977338275,0
395909.77000143,5655.3521934283,0
395926.528012962,5620.8239372502,0
395943.183436494,5586.24531286597,0
395959.73612085,5551.61662876827,0
395976.185915771,5516.93819392101,0
395992.532671921,5482.21031775682,0
396008.776240885,5447.43331017502,0
396024.916475173,5412.60748153737,0
396040.953228223,5377.73314266672,0
396056.886354396,5342.81060484328,0
396072.715708987,5307.84017980183,0
396088.441148216,5272.82217972975,0
396104.06252924,5237.7569172628,0
396119.579710147,5202.64470548354,0
396134.99254996,5167.48585791788,0
396150.300908639,5132.28068853194,0
396165.504647082,5097.02951173024,0
396180.603627127,5061.73264235142,0
396195.597711552,5026.39039566659,0
396210.486764078,4991.00308737587,0
396225.27064937,4955.57103360522,0
396239.949233037,4920.09455090457,0
396254.522381637,4884.5739562436,0
396268.989962674,4849.00956700995,0
396283.351844603,4813.40170100577,0
396297.607896829,4777.75067644459,0
396311.757989711,4742.05681194931,0
396325.80199456,4706.32042654798,0
396339.739783643,4670.54183967209,0
396353.571230183,4634.72137115289,0
396367.296208362,4598.85934121843,0
396380.914593319,4562.9560704914,0
396394.426261157,4527.0118799849,0
396407.831088937,4491.02709110081,0
396421.128954686,4455.0020256258,0
396434.319737396,4418.9370057288,0
396447.403317021,4382.83235395828,0
396460.379574486,4346.68839323842,0
396473.248391683,4310.50544686729,0
396486.009651474,4274.2838385127,0
396498.663237691,4238.02389220998,0
396511.209035138,4201.72593235883,0
396523.646929595,4165.39028371979,0
396535.976807814,4129.01727141225,0
396548.198557525,4092.60722091017,0
396560.312067431,4056.16045804023,0
396572.317227219,4019.67730897801,0
396584.213927552,3983.15810024515,0
396596.002060074,3946.60315870673,0
396607.681517411,3910.01281156735,0
396619.252193173,3873.38738636919,0
396630.713981953,3836.72721098783,0
396642.066779329,3800.03261363009,0
396653.310481868,3763.30392283049,0
396664.444987121,3726.54146744812,0
396675.470193631,3689.74557666416,0
396686.386000927,3652.9165799778,0
396697.192309533,3616.05480720433,0
396707.889020963,3579.16058847097,0
396718.476037722,3542.23425421457,0
396728.953263314,3505.2761351781,0
396739.320602233,3468.28656240754,0
396749.577959973,3431.2658672492,0
396759.725243023,3394.21438134583,0
396769.76235887,3357.13243663453,0
396779.689216003,3320.02036534249,0
396789.505723908,3282.87849998495,0
396799.211793074,3245.70717336125,0
396808.807334992,3208.50671855208,0
396818.292262156,3171.27746891646,0
396827.666488064,3134.01975808806,0
396836.929927218,3096.73391997287,0
396846.08249513,3059.42028874512,0
396855.124108313,3022.07919884506,0
396864.054684293,2984.71098497492,0
396872.874141601,2947.31598209655,0
396881.582399781,2909.89452542761,0
396890.179379385,2872.44695043879,0
396898.665001978,2834.97359285059,0
396907.039190135,2797.47478862982,0
396915.301867447,2759.95087398708,0
396923.452958517,2722.4021853727,0
396931.492388964,2684.8290594745,0
396939.420085421,2647.2318332137,0
396947.235975539,2609.61084374252,0
396954.939987984,2571.9664284403,0
396962.532052444,2534.2989249109,0
396970.012099621,2496.60867097897,0
396977.38006124,2458.89600468715,0
396984.635870045,2421.16126429264,0
396991.7794598,2383.40478826398,0
396998.810765292,2345.62691527806,0
397005.729722331,2307.82798421648,0
397012.536267749,2270.00833416291,0
397019.230339401,2232.16830439917,0
397025.811876169,2194.30823440273,0
397032.280817959,2156.42846384277,0
397038.637105703,2118.52933257764,0
397044.880681358,2080.6111806509,0
397051.01148791,2042.67434828884,0
397057.029469373,2004.71917589645,0
397062.934570788,1966.74600405497,0
397068.726738226,1928.75517351789,0
397074.405918788,1890.74702520834,0
397079.972060603,1852.72190021531,0
397085.425112834,1814.68013979088,0
397090.765025673,1776.62208534643,0
397095.991750344,1738.54807844997,0
397101.105239105,1700.45846082227,0
397106.105445245,1662.35357433418,0
397110.992323088,1624.23376100281,0
397115.765827992,1586.09936298876,0
397120.425916348,1547.9507225924,0
397124.972545582,1509.78818225104,0
397129.405674159,1471.61208453516,0
397133.725261574,1433.42277214568,0
397137.931268364,1395.22058791008,0
397142.023656099,1357.00587477975,0
397146.002387388,1318.7789758261,0
397149.867425876,1280.5402342378,0
397153.618736249,1242.28999331704,0
397157.256284228,1204.02859647664,0
397160.780036575,1165.7563872364,0
397164.189961091,1127.47370922014,0
397167.486026615,1089.18090615209,0
397170.668203027,1050.87832185385,0
397173.736461248,1012.56630024097,0
397176.690773238,974.245185319594,0
397179.531111998,935.915321183374,0
397182.257451571,897.577052009862,0
397184.869767041,859.230722057532,0
397187.368034533,820.876675662192,0
397189.752231216,782.515257233875,0
397192.022335299,744.146811253444,0
397194.178326035,705.77168226927,0
397196.220183718,667.390214894017,0
397198.147889686,629.002753801189,0
397199.961426321,590.609643721979,0
397201.660777047,552.211229441812,0
397203.245926331,513.807855797135,0
397204.716859686,475.399867672062,0
397206.073563666,436.987609995042,0
397207.316025871,398.571427735594,0
397208.444234945,360.151665900959,0
397209.458180574,321.72866953277,0
397210.357853492,283.302783703782,0
397211.143245474,244.874353514514,0
397211.814349342,206.443724089952,0
397212.371158961,168.0112405762,0
397212.813669242,129.577248137236,0
397213.141876139,91.1420919515069,0
397213.355776654,52.7061172086485,0
397213.45536883,14.2696691061927,0
397213.440651758,-24.1669071537995,0
397213.311625571,-62.6032663680361,0
397213.06829145,-101.039063335291,0
397212.710651618,-139.473952859766,0
397212.238709345,-177.907589754384,0
397211.652468944,-216.339628844085,0
397210.951935774,-254.769724969216,0
397210.137116239,-293.197532988758,0
397209.208017786,-331.622707783726,0
397208.164648907,-370.044904260437,0
397207.00701914,-408.463777353813,0
397205.735139066,-446.878982030771,0
397204.34902031,-485.290173293483,0
397202.848675542,-523.697006182651,0
397201.234118475,-562.09913578096,0
397199.505363866,-600.496217216245,0
397197.662427516,-638.887905664855,0
397195.70532627,-677.273856355052,0
397193.634078015,-715.653724570162,0
397191.448701682,-754.027165652004,0
397189.149217244,-792.393835004223,0
397186.735645718,-830.753388095422,0
397184.208009161,-869.105480462747,0
397181.566330675,-907.449767714919,0
397178.810634402,-945.785905535702,0
397175.940945527,-984.11354968723,0
397172.957290274,-1022.43235601311,0
397169.859695911,-1060.74198044205,0
397166.648190745,-1099.0420789908,0
397163.322804123,-1137.33230776775,0
397159.883566434,-1175.61232297605,0
397156.330509105,-1213.88178091698,0
397152.663664604,-1252.14033799324,0
397148.883066436,-1290.38765071219,0
397144.988749147,-1328.62337568929,0
397140.980748319,-1366.84716965112,0
397136.859100574,-1405.05868943906,0
397132.62384357,-1443.25759201211,0
397128.275016004,-1481.44353445066,0
397123.812657607,-1519.61617395932,0
397119.236809148,-1557.77516787062,0
397114.547512432,-1595.92017364789,0
397109.744810298,-1634.05084888891,0
397104.82874662,-1672.16685132888,0
397099.799366308,-1710.26783884393,0
397094.656715305,-1748.35346945419,0
397089.400840586,-1786.42340132727,0
397084.03179016,-1824.47729278129,0
397078.549613069,-1862.51480228839,0
397072.954359385,-1900.53558847778,0
397067.246080213,-1938.53931013915,0
397061.424827687,-1976.52562622584,0
397055.490654972,-2014.49419585817,0
397049.443616263,-2052.44467832658,0
397043.283766782,-2090.37673309506,0
397037.011162781,-2128.29001980414,0
397030.625861539,-2166.18419827446,0
397024.127921363,-2204.05892850965,0
397017.517401584,-2241.91387069996,0
397010.79436256,-2279.74868522505,0
397003.958865676,-2317.56303265777,0
396997.010973338,-2355.35657376673,0
396989.950748977,-2393.12896952027,0
396982.778257048,-2430.87988108894,0
396975.493563027,-2468.60896984941,0
396968.096733412,-2506.31589738706,0
396960.587835722,-2544.0003254998,0
396952.966938496,-2581.66191620066,0
396945.234111292,-2619.30033172168,0
396937.389424687,-2656.91523451638,0
396929.432950275,-2694.50628726368,0
396921.364760667,-2732.07315287053,0
396913.184929492,-2769.61549447542,0
396904.893531392,-2807.13297545154,0
396896.490642025,-2844.62525940977,0
396887.976338063,-2882.09201020223,0
396879.350697189,-2919.53289192497,0
396870.6137981,-2956.94756892176,0
396861.765720503,-2994.33570578653,0
396852.806545116,-3031.69696736739,0
396843.736353666,-3069.03101876887,0
396834.555228889,-3106.33752535602,0
396825.263254528,-3143.61615275674,0
396815.860515333,-3180.86656686552,0
396806.34709706,-3218.08843384634,0
396796.723086469,-3255.28142013571,0
396786.988571324,-3292.44519244628,0
396777.143640394,-3329.5794177692,0
396767.188383447,-3366.68376337823,0
396757.122891253,-3403.75789683186,0
396746.947255584,-3440.80148597735,0
396736.661569207,-3477.8141989531,0
396726.265925891,-3514.79570419234,0
396715.7604204,-3551.74567042593,0
396705.145148493,-3588.6637666854,0
396694.420206925,-3625.54966230657,0
396683.585693446,-3662.40302693176,0
396672.641706796,-3699.22353051399,0
396661.588346709,-3736.01084331895,0
396650.425713909,-3772.76463592904,0
396639.153910109,-3809.48457924584,0
396627.77303801,-3846.17034449334,0
396616.283201302,-3882.82160322136,0
396604.68450466,-3919.43802730782,0
396592.977053743,-3956.0192889629,0
396581.160955196,-3992.56506073094,0
396569.236316645,-4029.0750154945,0
396557.203246699,-4065.54882647672,0
396545.061854946,-4101.98616724459,0
396532.812251955,-4138.38671171233,0
396520.45454927,-4174.75013414356,0
396507.988859415,-4211.0761091555,0
396495.415295887,-4247.36431172079,0
396482.73397316,-4283.61441717149,0
396469.945006678,-4319.82610120158,0
396457.04851286,-4355.99903986987,0
396444.044609093,-4392.13290960368,0
396430.933413736,-4428.22738720076,0
396417.715046112,-4464.28214983347,0
396404.389626516,-4500.29687505082,0
396390.957276204,-4536.27124078187,0
396377.418117399,-4572.20492533899,0
396363.772273285,-4608.09760741988,0
396350.019868009,-4643.94896611185,0
396336.161026678,-4679.7586808935,0
396322.195875357,-4715.5264316386,0
396308.124541069,-4751.25189861872,0
396293.947151794,-4786.93476250578,0
396279.663836465,-4822.57470437593,0
396265.27472497,-4858.17140571131,0
396250.779948149,-4893.72454840405,0
396236.179637791,-4929.23381475854,0
396221.473926636,-4964.69888749432,0
396206.662948371,-5000.11944974971,0
396191.74683763,-5035.49518508353,0
396176.72572999,-5070.82577747924,0
396161.599761975,-5106.11091134697,0
396146.369071048,-5141.35027152654,0
396131.033795613,-5176.54354329103,0
396115.594075014,-5211.69041234835,0
396100.050049533,-5246.79056484554,0
396084.401860387,-5281.84368737062,0
396068.649649729,-5316.84946695567,0
396052.793560642,-5351.80759108029,0
396036.833737145,-5386.71774767322,0
396020.770324184,-5421.57962511652,0
396004.603467635,-5456.39291224754,0
395988.333314299,-5491.15729836173,0
395971.960011906,-5525.87247321633,0
395955.483709107,-5560.53812703179,0
395938.904555476,-5595.15395049592,0
395922.222701508,-5629.71963476598,0
395905.438298617,-5664.23487147122,0
395888.551499135,-5698.69935271676,0
395871.562456309,-5733.1127710849,0
395854.471324301,-5767.4748196391,0
395837.278258186,-5801.78519192635,0
395819.98341395,-5836.04358197933,0
395802.586948488,-5870.24968432043,0
395785.089019603,-5904.40319396318,0
395767.489786005,-5938.50380641576,0
395749.789407306,-5972.55121768387,0
395731.988044023,-6006.54512427243,0
395714.085857575,-6040.48522318971,0
395696.083010277,-6074.37121194899,0
395677.979665346,-6108.20278857143,0
395659.775986891,-6141.97965158955,0
395641.472139919,-6175.70150004855,0
395623.068290327,-6209.36803351032,0
395604.564604903,-6242.97895205551,0
395585.961251326,-6276.53395628576,0
395567.258398162,-6310.0327473276,0
395548.45621486,-6343.47502683375,0
395529.554871756,-6376.86049698655,0
395510.554540067,-6410.18886050081,0
395491.45539189,-6443.45982062531,0
395472.257600202,-6476.6730811469,0
395452.961338854,-6509.82834639217,0
395433.566782575,-6542.92532122994,0
395414.074106965,-6575.96371107495,0
395394.483488497,-6608.94322188907,0
395374.795104512,-6641.86356018482,0
395355.00913322,-6674.72443302803,0
395335.125753697,-6707.52554803933,0
395315.145145881,-6740.2666133982,0
395295.067490573,-6772.94733784456,0
395274.892969437,-6805.56743068125,0
395254.621764991,-6838.1266017776,0
395234.254060614,-6870.62456157062,0
395213.790040536,-6903.06102106845,0
395193.229889842,-6935.43569185296,0
395172.573794467,-6967.74828608121,0
395151.821941195,-6999.99851648937,0
395130.974517658,-7032.18609639439,0
395110.031712332,-7064.3107396962,0
395088.993714536,-7096.37216088143,0
395067.860714433,-7128.37007502452,0
395046.632903022,-7160.30419779087,0
395025.310472141,-7192.17424543974,0
395003.893614464,-7223.97993482545,0
394982.382523497,-7255.72098340107,0
394960.777393579,-7287.39710922057,0
394939.078419879,-7319.00803094028,0
394917.285798391,-7350.55346782298,0
394895.399725936,-7382.03313973909,0
394873.420400161,-7413.44676716912,0
394851.348019531,-7444.79407120715,0
394829.182783332,-7476.07477356184,0
394806.924891668,-7507.28859655958,0
394784.574545459,-7538.43526314728,0
394762.131946438,-7569.51449689342,0
394739.597297148,-7600.52602199175,0
394716.970800944,-7631.4695632633,0
394694.252661987,-7662.3448461578,0
394671.443085244,-7693.15159675757,0
394648.542276484,-7723.88954177888,0
394625.550442281,-7754.55840857392,0
394602.467790003,-7785.15792513458,0
394579.294527818,-7815.68782009326,0
394556.030864691,-7846.14782272567,0
394532.677010375,-7876.53766295396,0
394509.233175418,-7906.85707134749,0
394485.699571156,-7937.10577912619,0
394462.076409709,-7967.28351816303,0
394438.363903985,-7997.39002098493,0
394414.562267673,-8027.42502077651,0
394390.671715241,-8057.38825138193,0
394366.692461938,-8087.27944730607,0
394342.624723787,-8117.09834371848,0
394318.468717585,-8146.84467645463,0
394294.224660902,-8176.5181820176,0
394269.892772075,-8206.11859758187,0
394245.473270212,-8235.64566099415,0
394220.966375184,-8265.09911077573,0
394196.372307625,-8294.47868612576,0
394171.69128893,-8323.78412692203,0
394146.923541255,-8353.01517372371,0
394122.069287509,-8382.17156777423,0
394097.128751358,-8411.25305100201,0
394072.10215722,-8440.25936602359,0
394046.98973026,-8469.19025614606,0
394021.791696395,-8498.04546536785,0
393996.508282285,-8526.82473838211,0
393971.139715333,-8555.52782057877,0
393945.686223686,-8584.15445804539,0
393920.148036226,-8612.7043975708,0
393894.525382575,-8641.17738664669,0
393868.818493087,-8669.57317346875,0
393843.027598849,-8697.8915069402,0
393817.152931678,-8726.13213667334,0
393791.194724119,-8754.29481299059,0
393765.153209442,-8782.37928692827,0
393739.02862164,-8810.38531023772,0
393712.821195427,-8838.31263538665,0
393686.531166235,-8866.16101556281,0
393660.158770214,-8893.93020467492,0
393633.704244227,-8921.61995735424,0
393607.167825848,-8949.23002895811,0
393580.549753361,-8976.76017557074,0
393553.850265758,-9004.21015400497,0
393527.069602734,-9031.57972180566,0
393500.208004689,-9058.86863725043,0
393473.265712721,-9086.07665935149,0
393446.242968627,-9113.20354785897,0
393419.140014899,-9140.24906326154,0
393391.957094724,-9167.21296678838,0
393364.694451977,-9194.09502041243,0
393337.352331224,-9220.89498685082,0
393309.930977716,-9247.61262956713,0
393282.430637389,-9274.24771277431,0
393254.85155686,-9300.80000143528,0
393227.193983425,-9327.26926126509,0
393199.458165056,-9353.65525873384,0
393171.644350402,-9379.95776106722,0
393143.752788783,-9406.17653624868,0
393115.783730187,-9432.31135302232,0
393087.737425271,-9458.36198089341,0
393059.614125359,-9484.32819013051,0
393031.414082434,-9510.20975176836,0
393003.13754914,-9536.00643760838,0
392974.784778782,-9561.71802022071,0
392946.356025317,-9587.34427294715,0
392917.851543357,-9612.88496990166,0
392889.271588164,-9638.33988597221,0
392860.616415647,-9663.70879682388,0
392831.886282363,-9688.99147889926,0
392803.081445513,-9714.18770942024,0
392774.202162937,-9739.29726639112,0
392745.248693114,-9764.31992859908,0
392716.22129516,-9789.25547561576,0
392687.120228825,-9814.10368780042,0
392657.945754489,-9838.86434630054,0
392628.698133162,-9863.53723305311,0
392599.377626481,-9888.12213078791,0
392569.984496706,-9912.61882302818,0
392540.519006719,-9937.02709409168,0
392510.981420021,-9961.34672909402,0
392481.37200073,-9985.57751394944,0
392451.691013579,-10009.7192353717,0
392421.938723911,-10033.7716808773,0
392392.115397679,-10057.7346387865,0
392362.221301445,-10081.6078982241,0
392332.256702373,-10105.3912491223,0
392302.221868228,-10129.0844822223,0
392272.117067379,-10152.6873890746,0
392241.942568788,-10176.1997620418,0
392211.698642012,-10199.6213943006,0
392181.385557202,-10222.9520798417,0
392151.003585097,-10246.1916134727,0
392120.552997023,-10269.33979082,0
392090.034064891,-10292.3964083291,0
392059.447061196,-10315.3612632666,0
392028.792259008,-10338.2341537229,0
391998.069931979,-10361.0148786121,0
391967.280354333,-10383.7032376741,0
391936.423800866,-10406.2990314772,0
391905.500546944,-10428.802061418,0
391874.510868502,-10451.2121297236,0
391843.455042036,-10473.5290394536,0
391812.333344606,-10495.7525945011,0
391781.146053833,-10517.8825995938,0
391749.893447892,-10539.9188602962,0
391718.575805514,-10561.8611830114,0
391687.193405983,-10583.709374981,0
391655.74652913,-10605.4632442879,0
391624.235455335,-10627.122599858,0
391592.660465521,-10648.6872514602,0
391561.021841154,-10670.1570097089,0
391529.319864238,-10691.531686066,0
391497.554817315,-10712.8110928405,0
391465.72698346,-10733.9950431913,0
391433.836646281,-10755.0833511286,0
391401.884089914,-10776.075831515,0
391369.869599023,-10796.9723000659,0
391337.793458793,-10817.7725733529,0
391305.655954933,-10838.4764688041,0
391273.457373671,-10859.0838047046,0
391241.198001751,-10879.5944001994,0
391208.878126429,-10900.0080752945,0
391176.498035474,-10920.3246508569,0
391144.058017163,-10940.5439486172,0
391111.55836028,-10960.6657911713,0
391078.99935411,-10980.6900019802,0
391046.381288443,-11000.6164053722,0
391013.704453564,-11020.4448265446,0
390980.969140253,-11040.1750915647,0
390948.175639788,-11059.80702737,0
390915.324243932,-11079.3404617712,0
390882.415244939,-11098.775223453,0
390849.448935549,-11118.111141974,0
390816.425608983,-11137.3480477696,0
390783.345558942,-11156.4857721532,0
390750.209079608,-11175.5241473163,0
390717.016465634,-11194.46300633,0
390683.768012147,-11213.3021831476,0
390650.464014744,-11232.0415126044,0
390617.104769491,-11250.6808304187,0
390583.690572916,-11269.2199731945,0
390550.221722009,-11287.6587784216,0
390516.698514222,-11305.9970844768,0
390483.121247461,-11324.2347306251,0
390449.490220089,-11342.3715570219,0
390415.805730919,-11360.4074047129,0
390382.068079212,-11378.3421156351,0
390348.277564678,-11396.1755326196,0
390314.434487469,-11413.9074993914,0
390280.539148178,-11431.5378605703,0
390246.591847839,-11449.0664616729,0
390212.592887918,-11466.4931491141,0
390178.542570318,-11483.8177702066,0
390144.441197371,-11501.0401731628,0
390110.289071836,-11518.1602070971,0
390076.086496899,-11535.1777220252,0
390041.83377617,-11552.0925688655,0
390007.531213677,-11568.9045994415,0
389973.179113866,-11585.6136664816,0
389938.777781598,-11602.2196236203,0
389904.327522147,-11618.7223253994,0
389869.828641195,-11635.1216272698,0
389835.281444833,-11651.4173855915,0
389800.686239557,-11667.6094576343,0
389766.043332261,-11683.6977015805,0
389731.353030242,-11699.681976525,0
389696.615641191,-11715.5621424753,0
389661.831473195,-11731.3380603541,0
389627.000834729,-11747.0095919999,0
389592.12403466,-11762.5766001674,0
389557.201382239,-11778.0389485286,0
389522.233187102,-11793.3965016743,0
389487.219759261,-11808.6491251153,0
389452.161409112,-11823.7966852819,0
389417.058447423,-11838.8390495259,0
389381.911185334,-11853.7760861223,0
389346.719934357,-11868.6076642688,0
389311.485006371,-11883.3336540869,0
389276.206713618,-11897.9539266238,0
389240.885368705,-11912.4683538531,0
389205.521284594,-11926.8768086745,0
389170.114774609,-11941.1791649158,0
389134.666152425,-11955.3752973339,0
389099.175732066,-11969.4650816156,0
389063.643827911,-11983.4483943772,0
389028.070754681,-11997.3251131671,0
388992.456827439,-12011.0951164664,0
388956.802361592,-12024.7582836885,0
388921.107672884,-12038.314495181,0
388885.373077395,-12051.7636322266,0
388849.598891535,-12065.1055770439,0
388813.785432048,-12078.3402127873,0
388777.933016003,-12091.4674235488,0
388742.041960794,-12104.487094359,0
388706.112584137,-12117.3991111872,0
388670.145204069,-12130.203360942,0
388634.140138942,-12142.899731473,0
388598.097707422,-12155.4881115716,0
388562.018228487,-12167.9683909707,0
388525.902021424,-12180.3404603459,0
388489.749405826,-12192.6042113171,0
388453.560701588,-12204.7595364488,0
388417.336228907,-12216.80632925,0
388381.076308279,-12228.7444841759,0
388344.781260493,-12240.5738966286,0
388308.451406631,-12252.2944629579,0
388272.087068067,-12263.9060804608,0
388235.688566462,-12275.4086473839,0
388199.256223757,-12286.8020629235,0
388162.79036218,-12298.0862272261,0
388126.291304238,-12309.2610413885,0
388089.759372713,-12320.32640746,0
388053.19489066,-12331.2822284423,0
388016.598181407,-12342.1284082899,0
387979.969568549,-12352.8648519106,0
387943.30937595,-12363.4914651673,0
387906.617927731,-12374.0081548781,0
387869.89554828,-12384.414828816,0
387833.14256224,-12394.7113957107,0
387796.359294508,-12404.8977652492,0
387759.546070234,-12414.9738480762,0
387722.703214819,-12424.9395557941,0
387685.831053911,-12434.7948009642,0
387648.9299134,-12444.5394971079,0
387612.000119417,-12454.1735587065,0
387575.041998337,-12463.6969012017,0
387538.055876769,-12473.1094409963,0
387501.042081552,-12482.4110954558,0
387464.000939758,-12491.6017829077,0
387426.93277869,-12500.6814226422,0
387389.837925874,-12509.6499349134,0
387352.716709058,-12518.5072409396,0
387315.569456209,-12527.2532629041,0
387278.396495516,-12535.8879239547,0
387241.198155381,-12544.4111482052,0
387203.974764414,-12552.8228607363,0
387166.726651438,-12561.1229875952,0
387129.454145482,-12569.3114557962,0
387092.15757578,-12577.3881933215,0
387054.837271764,-12585.3531291221,0
387017.493563066,-12593.206193118,0
386980.126779516,-12600.9473161978,0
386942.737251135,-12608.5764302203,0
386905.325308133,-12616.093468015,0
386867.891280909,-12623.4983633821,0
386830.435500049,-12630.7910510928,0
386792.95829632,-12637.9714668899,0
386755.460000666,-12645.0395474888,0
386717.94094421,-12651.9952305779,0
386680.401458249,-12658.8384548179,0
386642.841874254,-12665.5691598432,0
386605.262523862,-12672.1872862622,0
386567.663738873,-12678.6927756582,0
386530.045851255,-12685.0855705887,0
386492.409193137,-12691.3656145864,0
386454.754096805,-12697.5328521595,0
386417.080894697,-12703.5872287928,0
386379.389919405,-12709.5286909472,0
386341.681503676,-12715.3571860599,0
386303.955980398,-12721.0726625456,0
386266.213682606,-12726.6750697967,0
386228.454943474,-12732.1643581834,0
386190.680096319,-12737.5404790537,0
386152.889474593,-12742.8033847345,0
386115.08341188,-12747.9530285318,0
386077.262241895,-12752.9893647307,0
386039.426298483,-12757.9123485956,0
386001.575915614,-12762.7219363711,0
385963.71142738,-12767.4180852822,0
385925.833167992,-12772.0007535342,0
385887.941471781,-12776.4699003133,0
385850.036673191,-12780.8254857867,0
385812.119106778,-12785.0674711034,0
385774.189107206,-12789.195818394,0
385736.247009248,-12793.2104907708,0
385698.293147781,-12797.1114523287,0
385660.327857779,-12800.8986681453,0
385622.351474318,-12804.5721042806,0
385584.364332569,-12808.1317277779,0
385546.366767795,-12811.5775066639,0
385508.35911535,-12814.9094099486,0
385470.341710674,-12818.1274076261,0
385432.314889295,-12821.2314706743,0
385394.278986821,-12824.2215710554,0
385356.234338938,-12827.0976817162,0
385318.18128141,-12829.8597765881,0
385280.120150077,-12832.5078305871,0
385242.051280846,-12835.0418196148,0
385203.975009696,-12837.4617205578,0
385165.89167267,-12839.767511288,0
385127.801605876,-12841.9591706632,0
385089.705145478,-12844.036678527,0
385051.602627704,-12846.0000157087,0
385013.494388831,-12847.8491640241,0
384975.380765192,-12849.584106275,0
384937.262093168,-12851.2048262498,0
384899.138709187,-12852.7113087234,0
384861.010949721,-12854.1035394575,0
384822.879151283,-12855.3815052006,0
384784.743650425,-12856.5451936881,0
384746.604783737,-12857.5945936425,0
384708.462887837,-12858.5296947737,0
384670.318299379,-12859.3504877786,0
384632.171355041,-12860.0569643417,0
384594.022391528,-12860.6491171348,0
384555.871745568,-12861.1269398175,0
384517.719753905,-12861.4904270368,0
384479.566753304,-12861.7395744276,0
384441.413080541,-12861.8743786126,0
384403.259072406,-12861.8948372022,0
384365.105065697,-12861.8009487948,0
384326.951397216,-12861.5927129767,0
384288.798403771,-12861.2701303222,0
384250.64642217,-12860.8332023938,0
384212.495789217,-12860.2819317416,0
384174.346841713,-12859.6163219044,0
384136.199916452,-12858.8363774084,0
384098.055350215,-12857.9421037685,0
384059.913479772,-12856.9335074874,0
384021.774641877,-12855.8105960559,0
383983.639173265,-12854.573377953,0
383945.507410651,-12853.2218626456,0
383907.379690725,-12851.7560605889,0
383869.25635015,-12850.1759832259,0
383831.13772556,-12848.4816429877,0
383793.024153559,-12846.6730532933,0
383754.915970713,-12844.7502285498,0
383716.813513552,-12842.7131841517,0
383678.717118566,-12840.5619364817,0
383640.627122202,-12838.2965029102,0
383602.543860861,-12835.916901795,0
383564.467670894,-12833.4231524816,0
383526.398888605,-12830.815275303,0
383488.33785024,-12828.0932915798,0
383450.28489199,-12825.2572236193,0
383412.240349989,-12822.3070947168,0
383374.204560304,-12819.242929154,0
383336.177858941,-12816.0647521999,0
383298.160581839,-12812.7725901103,0
383260.153064864,-12809.3664701278,0
383222.155643811,-12805.8464204813,0
383184.168654398,-12802.2124703863,0
383146.192432267,-12798.4646500447,0
383108.227312977,-12794.6029906446,0
383070.273632003,-12790.6275243595,0
383032.331724735,-12786.5382843495,0
382994.401926473,-12782.3353047598,0
382956.484572424,-12778.0186207213,0
382918.579997701,-12773.5882683498,0
382880.688537321,-12769.0442847467,0
382842.810526201,-12764.3867079981,0
382804.94629915,-12759.6155771744,0
382767.096190878,-12754.7309323308,0
382729.260535984,-12749.7328145069,0
382691.439668955,-12744.621265726,0
382653.633924165,-12739.3963289952,0
382615.843635871,-12734.0580483051,0
382578.069138214,-12728.6064686301,0
382540.310765209,-12723.0416359271,0
382502.568850746,-12717.3635971357,0
382464.843728592,-12711.5724001785,0
382427.135732381,-12705.6680939603,0
382389.445195615,-12699.6507283676,0
382351.772451657,-12693.5203542685,0
382314.117833738,-12687.277023513,0
382276.481674943,-12680.920788932,0
382238.864308216,-12674.4517043372,0
382201.266066351,-12667.8698245203,0
382163.687281998,-12661.175205254,0
382126.128287652,-12654.3679032907,0
382088.589415653,-12647.447976362,0
382051.070998184,-12640.4154831786,0
382013.573367268,-12633.2704834303,0
381976.096854767,-12626.013037786,0
381938.641792377,-12618.6432078918,0
381901.208511621,-12611.1610563718,0
381863.797343856,-12603.5666468278,0
381826.408620266,-12595.8600438388,0
381789.042671855,-12588.0413129602,0
381751.69982945,-12580.1105207233,0
381714.380423694,-12572.0677346358,0
381677.084785049,-12563.9130231812,0
381639.813243787,-12555.6464558176,0
381602.566129989,-12547.2681029774,0
381565.343773546,-12538.7780360677,0
381528.146504153,-12530.1763274698,0
381490.974651305,-12521.463050538,0
381453.828544297,-12512.6382795991,0
381416.708512219,-12503.7020899528,0
381379.61488396,-12494.6545578713,0
381342.547988193,-12485.4957605979,0
381305.508153381,-12476.2257763466,0
381268.495707775,-12466.8446843025,0
381231.510979407,-12457.3525646214,0
381194.55429609,-12447.749498428,0
381157.625985411,-12438.035567816,0
381120.726374735,-12428.2108558483,0
381083.855791199,-12418.2754465561,0
381047.014561706,-12408.2294249379,0
381010.203012927,-12398.072876959,0
380973.421471297,-12387.8058895518,0
380936.670263013,-12377.4285506151,0
380899.949714027,-12366.9409490124,0
380863.260150049,-12356.3431745723,0
380826.601896541,-12345.6353180883,0
380789.975278717,-12334.8174713177,0
380753.380621533,-12323.8897269806,0
380716.818249695,-12312.8521787598,0
380680.288487648,-12301.7049213009,0
380643.791659578,-12290.4480502107,0
380607.328089405,-12279.0816620566,0
380570.898100785,-12267.6058543662,0
380534.502017104,-12256.0207256279,0
380498.140161476,-12244.3263752882,0
380461.812856741,-12232.5229037521,0
380425.520425461,-12220.6104123826,0
380389.26318992,-12208.5890035006,0
380353.041472117,-12196.4587803825,0
380316.855593767,-12184.2198472607,0
380280.705876297,-12171.8723093235,0
380244.592640844,-12159.4162727137,0
380208.516208249,-12146.8518445272,0
380172.476899058,-12134.1791328135,0
380136.47503352,-12121.3982465752,0
380100.510931579,-12108.5092957662,0
380064.584912877,-12095.5123912912,0
380028.697296748,-12082.4076450057,0
379992.848402217,-12069.1951697153,0
379957.038547996,-12055.8750791739,0
379921.268052481,-12042.4474880835,0
379885.537233751,-12028.9125120943,0
379849.846409565,-12015.2702678032,0
379814.195897357,-12001.5208727523,0
379778.586014235,-11987.6644454293,0
379743.01707698,-11973.7011052669,0
379707.489402041,-11959.6309726412,0
379672.003305531,-11945.4541688705,0
379636.559103227,-11931.1708162159,0
379601.157110569,-11916.7810378803,0
379565.79764265,-11902.2849580061,0
379530.481014221,-11887.6827016754,0
379495.207539685,-11872.9743949102,0
379459.977533094,-11858.1601646699,0
379424.791308147,-11843.2401388508,0
379389.649178186,-11828.214446286,0
379354.551456197,-11813.0832167445,0
379319.498454802,-11797.8465809292,0
379284.490486261,-11782.5046704769,0
379249.527862466,-11767.0576179579,0
379214.610894941,-11751.5055568744,0
379179.739894836,-11735.848621659,0
379144.915172928,-11720.0869476754,0
379110.137039615,-11704.2206712169,0
379075.405804916,-11688.2499295043,0
379040.721778467,-11672.1748606863,0
379006.085269517,-11655.9956038387,0
378971.496586929,-11639.7122989628,0
378936.956039173,-11623.3250869841,0
378902.463934326,-11606.8341097523,0
378868.020580069,-11590.2395100404,0
378833.626283684,-11573.5414315426,0
378799.28135205,-11556.7400188738,0
378764.986091643,-11539.83541757,0
378730.740808531,-11522.8277740852,0
378696.545808373,-11505.7172357914,0
378662.401396413,-11488.5039509778,0
378628.307877485,-11471.18806885,0
378594.265555999,-11453.7697395276,0
378560.274735948,-11436.2491140443,0
378526.335720901,-11418.6263443475,0
378492.448814001,-11400.9015832959,0
378458.614317961,-11383.0749846583,0
378424.832535066,-11365.1467031145,0
378391.103767165,-11347.1168942524,0
378357.428315668,-11328.9857145671,0
378323.80648155,-11310.7533214607,0
378290.238565341,-11292.4198732411,0
378256.724867128,-11273.9855291196,0
378223.265686548,-11255.4504492112,0
378189.861322791,-11236.8147945334,0
378156.512074593,-11218.0787270044,0
378123.218240234,-11199.2424094418,0
378089.980117536,-11180.3060055628,0
378056.798003863,-11161.2696799818,0
