374627.849648933,8284.06233251623,0
374652.537066205,8313.44984219844,0
374677.311483467,8342.76261507057,0
374702.172675422,8372.00039136723,0
374727.120416016,8401.16291202868,0
374752.154478439,8430.24991870151,0
374777.27463513,8459.26115374156,0
374802.480657776,8488.19636021665,0
374827.772317317,8517.05528190718,0
374853.149383948,8545.83766330945,0
374878.61162712,8574.54324963789,0
374904.158815543,8603.17178682579,0
374929.790717189,8631.72302152884,0
374955.507099293,8660.19670112694,0
374981.307728356,8688.59257372508,0
375007.19237015,8716.91038815702,0
375033.160789714,8745.14989398675,0
375059.212751362,8773.31084150956,0
375085.348018685,8801.39298175574,0
375111.566354551,8829.39606649173,0
375137.867521106,8857.31984822145,0
375164.251279782,8885.16408018992,0
375190.717391294,8912.92851638422,0
375217.265615647,8940.61291153496,0
375243.895712133,8968.2170211199,0
375270.607439338,8995.74060136463,0
375297.400555142,9023.18340924434,0
375324.274816723,9050.54520248721,0
375351.229980557,9077.82573957507,0
375378.265802424,9105.02477974526,0
375405.382037407,9132.14208299391,0
375432.578439897,9159.17741007651,0
375459.854763592,9186.13052250991,0
375487.210761504,9213.00118257545,0
375514.646185959,9239.7891533195,0
375542.160788597,9266.49419855552,0
375569.754320381,9293.11608286711,0
375597.426531592,9319.65457160847,0
375625.177171837,9346.10943090654,0
375653.005990049,9372.48042766397,0
375680.912734489,9398.76732955953,0
375708.89715275,9424.96990505027,0
375736.95899176,9451.08792337444,0
375765.097997781,9477.12115455188,0
375793.313916415,9503.06936938614,0
375821.606492606,9528.93233946738,0
375849.975470639,9554.70983717276,0
375878.420594149,9580.4016356685,0
375906.941606117,9606.00750891274,0
375935.538248876,9631.52723165599,0
375964.210264112,9656.96057944304,0
375992.95739287,9682.30732861588,0
376021.77937555,9707.56725631412,0
376050.675951916,9732.74014047681,0
376079.646861094,9757.82575984538,0
376108.691841578,9782.82389396412,0
376137.810631228,9807.73432318175,0
376167.00296728,9832.55682865453,0
376196.268586338,9857.29119234673,0
376225.607224387,9881.93719703197,0
376255.018616789,9906.49462629644,0
376284.502498289,9930.96326453945,0
376314.058603012,9955.34289697454,0
376343.686664474,9979.63330963271,0
376373.38641558,10003.8342893631,0
376403.157588622,10027.945623834,0
376432.99991529,10051.9671015359,0
376462.913126672,10075.8985117823,0
376492.89695325,10099.7396447107,0
376522.951124914,10123.4902912855,0
376553.075370954,10147.150243299,0
376583.269420069,10170.7192933723,0
376613.533000366,10194.1972349577,0
376643.865839367,10217.5838623406,0
376674.267664006,10240.8789706396,0
376704.738200635,10264.082355809,0
376735.277175026,10287.193814641,0
376765.884312374,10310.2131447656,0
376796.559337298,10333.140144653,0
376827.301973845,10355.9746136157,0
376858.111945493,10378.7163518088,0
376888.988975151,10401.3651602318,0
376919.932785166,10423.9208407309,0
376950.94309732,10446.3831959998,0
376982.019632837,10468.7520295804,0
377013.162112386,10491.027145866,0
377044.370256078,10513.2083501017,0
377075.643783475,10535.2954483853,0
377106.98241359,10557.2882476698,0
377138.385864889,10579.1865557649,0
377169.853855293,10600.9901813368,0
377201.386102183,10622.6989339113,0
377232.982322404,10644.3126238749,0
377264.64223226,10665.8310624753,0
377296.365547525,10687.2540618232,0
377328.151983441,10708.5814348947,0
377360.001254724,10729.812995531,0
377391.913075562,10750.9485584404,0
377423.887159622,10771.9879392005,0
377455.923220049,10792.9309542584,0
377488.020969472,10813.7774209318,0
377520.180120004,10834.5271574118,0
377552.400383248,10855.1799827634,0
377584.681470294,10875.7357169257,0
377617.023091728,10896.194180715,0
377649.42495763,10916.5551958257,0
377681.886777578,10936.8185848302,0
377714.408260651,10956.9841711815,0
377746.989115435,10977.0517792146,0
377779.629050016,10997.0212341468,0
377812.327771994,11016.892362079,0
377845.084988479,11036.6649899983,0
377877.900406095,11056.3389457779,0
377910.773730982,11075.9140581779,0
377943.7046688,11095.3901568482,0
377976.692924733,11114.767072329,0
378009.738203487,11134.0446360506,0
378042.840209296,11153.2226803365,0
378075.998645928,11172.3010384044,0
378109.213216677,11191.2795443658,0
378142.483624378,11210.1580332284,0
378175.809571402,11228.9363408975,0
378209.190759662,11247.6143041766,0
378242.626890612,11266.1917607678,0
378276.117665253,11284.6685492746,0
378309.662784138,11303.0445092023,0
378343.261947368,11321.3194809581,0
378376.914854597,11339.4933058535,0
378410.621205041,11357.5658261055,0
378444.380697471,11375.5368848365,0
378478.193030221,11393.4063260758,0
378512.057901192,11411.1739947619,0
378545.97500785,11428.8397367422,0
378579.944047232,11446.4033987738,0
378613.964715949,11463.8648285258,0
378648.036710186,11481.2238745801,0
378682.159725708,11498.4803864313,0
378716.333457859,11515.6342144886,0
378750.557601568,11532.6852100775,0
378784.831851351,11549.6332254393,0
378819.15590131,11566.4781137327,0
378853.529445142,11583.2197290356,0
378887.952176138,11599.8579263453,0
378922.423787183,11616.3925615789,0
378956.943970766,11632.8234915756,0
378991.512418976,11649.1505740972,0
379026.128823507,11665.3736678286,0
379060.792875662,11681.4926323786,0
379095.504266354,11697.5073282822,0
379130.26268611,11713.4176170003,0
379165.067825072,11729.2233609206,0
379199.919373001,11744.9244233589,0
379234.81701928,11760.5206685608,0
379269.760452915,11776.0119617011,0
379304.749362538,11791.398168885,0
379339.783436414,11806.6791571503,0
379374.862362437,11821.8547944672,0
379409.985828136,11836.9249497386,0
379445.153520679,11851.8894928022,0
379480.365126873,11866.7482944312,0
379515.62033317,11881.5012263346,0
379550.918825665,11896.1481611576,0
379586.260290103,11910.6889724839,0
379621.644411881,11925.1235348359,0
379657.070876047,11939.4517236743,0
379692.539367308,11953.6734154007,0
379728.049570028,11967.788487358,0
379763.601168237,11981.7968178303,0
379799.193845625,11995.6982860441,0
379834.827285551,12009.4927721698,0
379870.501171046,12023.1801573219,0
379906.215184811,12036.7603235596,0
379941.969009224,12050.2331538874,0
379977.76232634,12063.5985322569,0
380013.594817899,12076.856343567,0
380049.466165318,12090.0064736636,0
380085.376049705,12103.0488093418,0
380121.324151856,12115.9832383464,0
380157.31015226,12128.809649372,0
380193.333731096,12141.5279320636,0
380229.394568246,12154.1379770183,0
380265.492343289,12166.6396757856,0
380301.626735506,12179.0329208674,0
380337.797423885,12191.3176057189,0
380374.004087121,12203.4936247506,0
380410.246403621,12215.5608733275,0
380446.524051503,12227.5192477698,0
380482.836708604,12239.3686453542,0
380519.18405248,12251.1089643148,0
380555.565760407,12262.7401038429,0
380591.981509384,12274.2619640877,0
380628.43097614,12285.6744461575,0
380664.913837135,12296.9774521204,0
380701.429768558,12308.1708850043,0
380737.978446334,12319.2546487972,0
380774.559546127,12330.2286484492,0
380811.172743342,12341.0927898722,0
380847.817713127,12351.8469799402,0
380884.494130375,12362.4911264899,0
380921.20166973,12373.0251383225,0
380957.940005586,12383.4489252032,0
380994.708812092,12393.7623978613,0
381031.507763153,12403.9654679915,0
381068.336532436,12414.0580482551,0
381105.194793369,12424.0400522793,0
381142.082219144,12433.9113946579,0
381178.998482722,12443.6719909523,0
381215.943256837,12453.3217576922,0
381252.916213994,12462.8606123757,0
381289.917026473,12472.2884734692,0
381326.945366335,12481.6052604091,0
381364.000905421,12490.8108936019,0
381401.083315359,12499.9052944244,0
381438.19226756,12508.888385224,0
381475.327433227,12517.7600893195,0
381512.488483357,12526.5203310022,0
381549.675088739,12535.1690355353,0
381586.886919962,12543.7061291543,0
381624.123647412,12552.1315390683,0
381661.384941286,12560.4451934604,0
381698.67047158,12568.6470214875,0
381735.979908101,12576.7369532805,0
381773.312920466,12584.7149199457,0
381810.669178111,12592.5808535647,0
381848.048350285,12600.334687195,0
381885.450106057,12607.9763548696,0
381922.874114318,12615.5057915984,0
381960.320043787,12622.9229333682,0
381997.787563009,12630.2277171434,0
382035.276340358,12637.4200808654,0
382072.786044043,12644.4999634536,0
382110.31634211,12651.4673048064,0
382147.866902443,12658.3220458007,0
382185.437392767,12665.0641282921,0
382223.027480649,12671.6934951155,0
382260.636833507,12678.2100900862,0
382298.265118609,12684.6138579994,0
382335.912003072,12690.9047446302,0
382373.577153869,12697.0826967345,0
382411.26023783,12703.1476620494,0
382448.96092165,12709.0995892935,0
382486.678871883,12714.9384281666,0
382524.41375495,12720.6641293501,0
382562.16523714,12726.2766445082,0
382599.932984616,12731.7759262871,0
382637.716663415,12737.1619283161,0
382675.515939447,12742.4346052068,0
382713.330478504,12747.5939125543,0
382751.159946262,12752.6398069374,0
382789.004008282,12757.5722459184,0
382826.862330009,12762.3911880432,0
382864.734576781,12767.0965928422,0
382902.620413831,12771.6884208302,0
382940.519506286,12776.1666335065,0
382978.431519171,12780.531193355,0
383016.356117413,12784.7820638447,0
383054.292965846,12788.91920943,0
383092.241729207,12792.9425955505,0
383130.202072144,12796.8521886311,0
383168.173659216,12800.647956083,0
383206.156154902,12804.3298663028,0
383244.149223593,12807.8978886736,0
383282.152529603,12811.3519935642,0
383320.165737168,12814.6921523302,0
383358.188510453,12817.9183373137,0
383396.220513549,12821.0305218432,0
383434.261410477,12824.0286802341,0
383472.310865197,12826.9127877889,0
383510.368541602,12829.6828207969,0
383548.434103524,12832.3387565347,0
383586.507214741,12834.8805732661,0
383624.587538973,12837.3082502421,0
383662.674739888,12839.6217677015,0
383700.768481105,12841.8211068703,0
383738.868426197,12843.9062499624,0
383776.974238693,12845.877180179,0
383815.085582077,12847.7338817096,0
383853.202119798,12849.476339731,0
383891.32351527,12851.1045404082,0
383929.44943187,12852.6184708941,0
383967.579532946,12854.0181193294,0
384005.713481821,12855.303474843,0
384043.850941788,12856.4745275518,0
384081.991576121,12857.5312685607,0
384120.135048075,12858.4736899626,0
384158.281020885,12859.3017848388,0
384196.429157774,12860.0155472583,0
384234.579121954,12860.6149722787,0
384272.730576626,12861.1000559451,0
384310.883184987,12861.4707952912,0
384349.036610231,12861.7271883385,0
384387.190515549,12861.8692340966,0
384425.344564137,12861.896932563,0
384463.498419194,12861.8102847233,0
384501.651743926,12861.609292551,0
384539.804201552,12861.2939590074,0
384577.955455302,12860.8642880417,0
384616.105168422,12860.3202845908,0
384654.253004177,12859.6619545792,0
384692.398625852,12858.8893049192,0
384730.541696758,12858.0023435105,0
384768.68188023,12857.0010792402,0
384806.818839634,12855.8855219828,0
384844.952238369,12854.6556826,0
384883.081739866,12853.3115729407,0
384921.207007596,12851.8532058407,0
384959.327705068,12850.2805951227,0
384997.443495836,12848.5937555964,0
385035.554043499,12846.7927030578,0
385073.659011703,12844.8774542897,0
385111.758064147,12842.848027061,0
385149.850864583,12840.7044401269,0
385187.937076819,12838.4467132289,0
385226.016364723,12836.0748670939,0
385264.088392224,12833.5889234348,0
385302.152823317,12830.98890495,0
385340.209322063,12828.2748353233,0
385378.257552594,12825.4467392235,0
385416.297179114,12822.5046423046,0
385454.327865903,12819.4485712052,0
385492.34927732,12816.2785535483,0
385530.361077804,12812.9946179416,0
385568.362931877,12809.5967939768,0
385606.354504147,12806.0851122294,0
385644.335459315,12802.4596042585,0
385682.305462169,12798.7203026068,0
385720.264177593,12794.8672408002,0
385758.21127057,12790.9004533474,0
385796.146406182,12786.8199757395,0
385834.069249612,12782.6258444507,0
385871.979466148,12778.3180969368,0
385909.876721191,12773.8967716354,0
385947.760680248,12769.361907966,0
385985.63100894,12764.7135463292,0
386023.487373004,12759.9517281067,0
386061.329438301,12755.0764956605,0
386099.156870806,12750.0878923333,0
386136.969336621,12744.9859624481,0
386174.766501979,12739.7707513071,0
386212.548033238,12734.442305192,0
386250.31359689,12729.0006713638,0
386288.062859562,12723.4458980623,0
386325.795488019,12717.7780345052,0
386363.511149168,12711.9971308886,0
386401.209510056,12706.1032383861,0
386438.890237878,12700.096409149,0
386476.552999977,12693.9766963049,0
386514.197463851,12687.7441539581,0
386551.823297146,12681.3988371893,0
386589.430167668,12674.9408020552,0
386627.017743383,12668.3701055872,0
386664.585692419,12661.6868057916,0
386702.133683068,12654.8909616502,0
386739.661383789,12647.9826331182,0
386777.168463213,12640.9618811246,0
386814.654590145,12633.8287675714,0
386852.119433562,12626.5833553341,0
386889.562662622,12619.2257082602,0
386926.983946663,12611.7558911693,0
386964.38295521,12604.1739698517,0
387001.759357971,12596.4800110698,0
387039.112824843,12588.6740825564,0
387076.443025916,12580.7562530137,0
387113.749631478,12572.7265921137,0
387151.032312009,12564.5851704977,0
387188.290738191,12556.3320597759,0
387225.524580909,12547.9673325261,0
387262.733511256,12539.4910622934,0
387299.917200528,12530.9033235907,0
387337.075320234,12522.2041918972,0
387374.207542098,12513.3937436581,0
387411.313538061,12504.4720562835,0
387448.392980279,12495.4392081492,0
387485.445541131,12486.2952785955,0
387522.470893223,12477.0403479259,0
387559.468709385,12467.674497407,0
387596.438662679,12458.1978092689,0
387633.380426396,12448.6103667036,0
387670.293674066,12438.9122538644,0
387707.178079455,12429.1035558651,0
387744.03331657,12419.1843587808,0
387780.859059658,12409.1547496462,0
387817.654983217,12399.0148164544,0
387854.420761991,12388.7646481573,0
387891.156070975,12378.4043346653,0
387927.860585418,12367.9339668456,0
387964.533980826,12357.3536365221,0
388001.175932965,12346.6634364741,0
388037.786117861,12335.8634604374,0
388074.364211806,12324.953803102,0
388110.90989136,12313.9345601114,0
388147.422833353,12302.8058280626,0
388183.902714885,12291.5677045062,0
388220.349213335,12280.2202879439,0
388256.762006358,12268.7636778287,0
388293.140771892,12257.1979745643,0
388329.485188154,12245.5232795049,0
388365.794933652,12233.7396949531,0
388402.069687181,12221.84732416,0
388438.309127826,12209.8462713249,0
388474.512934969,12197.7366415942,0
388510.680788286,12185.51854106,0
388546.812367755,12173.1920767597,0
388582.907353656,12160.7573566767,0
388618.96542657,12148.2144897375,0
388654.986267393,12135.5635858118,0
388690.969557324,12122.8047557118,0
388726.914977879,12109.9381111921,0
388762.822210888,12096.9637649475,0
388798.6909385,12083.8818306127,0
388834.520843186,12070.6924227624,0
388870.311607737,12057.3956569096,0
388906.062915274,12043.9916495048,0
388941.774449246,12030.480517935,0
388977.445893433,12016.8623805242,0
389013.076931948,12003.1373565311,0
389048.667249245,11989.3055661482,0
389084.216530114,11975.3671305021,0
389119.724459688,11961.3221716524,0
389155.190723445,11947.1708125898,0
389190.615007213,11932.9131772358,0
389225.996997167,11918.5493904425,0
389261.336379836,11904.0795779913,0
389296.632842105,11889.5038665909,0
389331.886071218,11874.8223838777,0
389367.095754778,11860.0352584154,0
389402.261580752,11845.1426196924,0
389437.383237475,11830.1445981214,0
389472.46041365,11815.0413250395,0
389507.492798349,11799.8329327066,0
389542.480081023,11784.5195543037,0
389577.421951496,11769.1013239327,0
389612.318099973,11753.5783766163,0
389647.168217041,11737.9508482954,0
389681.971993671,11722.2188758285,0
389716.729121223,11706.3825969918,0
389751.439291445,11690.4421504776,0
389786.10219648,11674.3976758922,0
389820.717528865,11658.2493137565,0
389855.284981534,11641.9972055047,0
389889.804247825,11625.6414934826,0
389924.275021476,11609.1823209465,0
389958.696996632,11592.6198320633,0
389993.069867847,11575.9541719088,0
390027.393330085,11559.1854864659,0
390061.667078727,11542.3139226246,0
390095.890809565,11525.3396281812,0
390130.064218815,11508.262751836,0
390164.187003114,11491.0834431926,0
390198.25885952,11473.8018527577,0
390232.27948552,11456.4181319396,0
390266.248579033,11438.9324330459,0
390300.165838407,11421.344909284,0
390334.030962426,11403.6557147597,0
390367.843650311,11385.8650044752,0
390401.603601723,11367.9729343283,0
390435.310516768,11349.9796611124,0
390468.964095993,11331.8853425141,0
390502.564040397,11313.6901371117,0
390536.110051427,11295.3942043754,0
390569.601830984,11276.9977046659,0
390603.039081426,11258.5007992317,0
390636.421505568,11239.9036502095,0
390669.748806684,11221.2064206232,0
390703.020688515,11202.4092743813,0
390736.236855268,11183.5123762761,0
390769.397011616,11164.5158919838,0
390802.500862705,11145.419988062,0
390835.548114156,11126.2248319481,0
390868.538472066,11106.9305919595,0
390901.471643008,11087.5374372917,0
390934.347334042,11068.0455380162,0
390967.165252709,11048.4550650804,0
390999.925107037,11028.7661903064,0
391032.626605545,11008.9790863886,0
391065.269457244,10989.0939268931,0
391097.853371637,10969.1108862569,0
391130.378058727,10949.030139786,0
391162.843229016,10928.8518636536,0
391195.248593509,10908.5762348999,0
391227.593863715,10888.2034314307,0
391259.878751651,10867.7336320145,0
391292.102969844,10847.167016283,0
391324.266231333,10826.5037647295,0
391356.368249675,10805.7440587064,0
391388.408738941,10784.8880804244,0
391420.387413724,10763.9360129523,0
391452.303989141,10742.8880402139,0
391484.158180834,10721.744346987,0
391515.949704971,10700.5051189033,0
391547.678278253,10679.1705424457,0
391579.343617913,10657.7408049466,0
391610.945441721,10636.216094588,0
391642.483467983,10614.5966003992,0
391673.957415547,10592.8825122547,0
391705.367003805,10571.0740208738,0
391736.711952693,10549.1713178193,0
391767.991982698,10527.174595495,0
391799.206814855,10505.0840471446,0
391830.356170753,10482.8998668514,0
391861.43977254,10460.6222495349,0
391892.457342919,10438.2513909505,0
391923.408605154,10415.7874876884,0
391954.293283075,10393.2307371709,0
391985.111101077,10370.5813376511,0
392015.861784122,10347.8394882129,0
392046.545057745,10325.0053887677,0
392077.160648054,10302.079240053,0
392107.708281733,10279.0612436323,0
392138.187686043,10255.9516018926,0
392168.598588829,10232.7505180418,0
392198.940718517,10209.4581961093,0
392229.213804121,10186.0748409433,0
392259.417575242,10162.6006582084,0
392289.551762072,10139.0358543855,0
392319.616095398,10115.3806367699,0
392349.610306603,10091.6352134687,0
392379.534127665,10067.7997933999,0
392409.387291168,10043.8745862916,0
392439.169530294,10019.8598026786,0
392468.880578837,9995.7556539017,0
392498.520171194,9971.56235210693,0
392528.088042374,9947.28011024221,0
392557.583928003,9922.90914205634,0
392587.007564317,9898.44966209845,0
392616.358688174,9873.9018857146,0
392645.637037052,9849.26602904663,0
392674.842349051,9824.54230903161,0
392703.974362896,9799.73094339867,0
392733.032817943,9774.83215066742,0
392762.017454175,9749.84615014762,0
392790.928012209,9724.77316193603,0
392819.764233298,9699.61340691466,0
392848.525859332,9674.36710675042,0
392877.212632839,9649.0344838921,0
392905.824296995,9623.61576156845,0
392934.360595614,9598.11116378779,0
392962.821273162,9572.52091533517,0
392991.206074754,9546.84524177017,0
393019.514746155,9521.08436942661,0
393047.747033786,9495.23852540971,0
393075.902684726,9469.30793759383,0
393103.981446711,9443.29283462209,0
393131.983068139,9417.19344590366,0
393159.907298075,9391.01000161134,0
393187.753886246,9364.74273268118,0
393215.52258305,9338.39187080983,0
393243.213139557,9311.95764845199,0
393270.82530751,9285.44029882005,0
393298.358839326,9258.84005588141,0
393325.813488102,9232.15715435594,0
393353.189007616,9205.39182971556,0
393380.485152328,9178.5443181815,0
393407.701677383,9151.61485672183,0
393434.838338615,9124.60368305093,0
393461.894892546,9097.51103562679,0
393488.871096393,9070.33715364842,0
393515.766708064,9043.08227705545,0
393542.581486166,9015.74664652522,0
393569.315190007,8988.33050347034,0
393595.967579594,8960.83409003817,0
393622.538415637,8933.25764910785,0
393649.027459556,8905.60142428792,0
393675.434473476,8877.86565991581,0
393701.759220235,8850.05060105467,0
393728.001463382,8822.15649349111,0
393754.160967182,8794.18358373471,0
393780.23749662,8766.13211901459,0
393806.230817398,8738.00234727743,0
393832.14069594,8709.79451718677,0
393857.966899398,8681.50887811951,0
393883.709195646,8653.14568016409,0
393909.367353291,8624.70517411966,0
393934.941141668,8596.18761149244,0
393960.430330848,8567.59324449415,0
393985.834691636,8538.92232604096,0
394011.153995576,8510.17510974978,0
394036.388014951,8481.35184993685,0
394061.536522788,8452.45280161657,0
394086.599292858,8423.47822049765,0
394111.576099677,8394.42836298199,0
394136.466718513,8365.30348616312,0
394161.270925383,8336.10384782247,0
394185.988497058,8306.82970642847,0
394210.619211066,8277.48132113454,0
394235.162845692,8248.05895177552,0
394259.619179979,8218.56285886703,0
394283.987993735,8188.99330360285,0
394308.269067531,8159.35054785179,0
394332.462182705,8129.63485415703,0
394356.567121363,8099.84648573303,0
394380.583666384,8069.98570646288,0
394404.511601416,8040.05278089749,0
394428.350710886,8010.04797425213,0
394452.100779996,7979.97155240421,0
394475.761594729,7949.82378189233,0
394499.332941847,7919.60492991248,0
394522.8146089,7889.3152643163,0
394546.206384218,7858.95505360976,0
394569.508056924,7828.52456694928,0
394592.719416928,7798.02407414039,0
394615.840254934,7767.45384563594,0
394638.870362438,7736.81415253225,0
394661.809531735,7706.10526656825,0
394684.657555915,7675.32746012287,0
394707.414228872,7644.4810062117,0
394730.079345299,7613.56617848625,0
394752.652700696,7582.58325123059,0
394775.134091368,7551.53249935875,0
394797.523314431,7520.41419841373,0
394819.820167809,7489.22862456367,0
394842.024450239,7457.97605459994,0
394864.135961275,7426.65676593573,0
394886.154501286,7395.27103660197,0
394908.07987146,7363.81914524614,0
394929.911873805,7332.30137113,0
394951.650311154,7300.71799412589,0
394973.294987162,7269.06929471584,0
394994.845706313,7237.35555398845,0
395016.302273919,7205.57705363587,0
395037.664496122,7173.73407595286,0
395058.932179898,7141.82690383296,0
395080.105133057,7109.85582076636,0
395101.183164246,7077.82111083843,0
395122.166082949,7045.72305872565,0
395143.053699492,7013.56194969424,0
395163.845825044,6981.33806959781,0
395184.542271617,6949.05170487365,0
395205.142852069,6916.70314254173,0
395225.647380108,6884.29267020137,0
395246.055670291,6851.82057602836,0
395266.367538027,6819.28714877383,0
395286.582799578,6786.69267776017,0
395306.701272064,6754.03745287921,0
395326.722773462,6721.32176459028,0
395346.647122606,6688.54590391618,0
395366.474139194,6655.71016244203,0
395386.203643787,6622.81483231222,0
395405.835457811,6589.86020622714,0
395425.369403558,6556.84657744211,0
395444.80530419,6523.77423976336,0
395464.142983738,6490.64348754594,0
395483.382267106,6457.45461569186,0
395502.522980074,6424.20791964598,0
395521.564949296,6390.90369539478,0
395540.508002304,6357.54223946324,0
395559.351967511,6324.12384891159,0
395578.09667421,6290.64882133407,0
395596.741952577,6257.11745485493,0
395615.287633673,6223.53004812629,0
395633.733549448,6189.88690032616,0
395652.079532737,6156.18831115431,0
395670.325417268,6122.43458083107,0
395688.471037658,6088.62601009389,0
395706.516229421,6054.7629001944,0
395724.460828963,6020.84555289685,0
395742.304673589,5986.87427047403,0
395760.047601503,5952.84935570542,0
395777.689451808,5918.77111187465,0
395795.230064511,5884.63984276569,0
395812.66928052,5850.45585266159,0
395830.006941651,5816.21944634061,0
395847.242890627,5781.93092907376,0
395864.376971078,5747.59060662279,0
395881.409027546,5713.19878523608,0
395898.338905484,5678.75577164718,0
395915.166451259,5644.26187307144,0
395931.891512154,5609.71739720287,0
395948.513936369,5575.12265221255,0
395965.033573019,5540.47794674442,0
395981.450272145,5505.78358991347,0
395997.763884705,5471.03989130285,0
396013.974262581,5436.24716096027,0
396030.081258583,5401.40570939654,0
396046.084726442,5366.51584758142,0
396061.984520822,5331.57788694154,0
396077.780497314,5296.59213935774,0
396093.472512439,5261.55891716128,0
396109.060423652,5226.47853313233,0
396124.544089343,5191.35130049594,0
396139.923368836,5156.17753291974,0
396155.198122391,5120.95754451142,0
396170.368211208,5085.69164981478,0
396185.433497428,5050.38016380825,0
396200.393844131,5015.02340190084,0
396215.249115341,4979.62167992978,0
396229.999176027,4944.17531415795,0
396244.643892102,4908.68462126997,0
396259.183130428,4873.14991837063,0
396273.616758816,4837.57152298081,0
396287.944646024,4801.94975303516,0
396302.166661765,4766.2849268794,0
396316.282676702,4730.57736326645,0
396330.292562455,4694.82738135482,0
396344.196191597,4659.03530070446,0
396357.993437659,4623.2014412745,0
396371.68417513,4587.32612342039,0
396385.26827946,4551.40966789014,0
396398.745627059,4515.45239582261,0
396412.116095299,4479.45462874326,0
396425.379562515,4443.41668856213,0
396438.535908009,4407.3388975705,0
396451.585012048,4371.22157843759,0
396464.526755867,4335.06505420851,0
396477.361021669,4298.86964830002,0
396490.087692627,4262.63568449871,0
396502.706652887,4226.36348695719,0
396515.217787566,4190.05338019132,0
396527.620982755,4153.70568907763,0
396539.916125521,4117.32073884933,0
396552.103103906,4080.89885509451,0
396564.181806931,4044.44036375196,0
396576.152124595,4007.94559110894,0
396588.013947875,3971.41486379789,0
396599.767168733,3934.84850879302,0
396611.411680109,3898.24685340817,0
396622.94737593,3861.61022529256,0
396634.374151105,3824.9389524289,0
396645.691901529,3788.23336312945,0
396656.900524086,3751.49378603338,0
396667.999916646,3714.7205501038,0
396678.989978067,3677.91398462409,0
396689.8706082,3641.07441919577,0
396700.641707885,3604.2021837343,0
396711.303178955,3567.29760846706,0
396721.854924237,3530.36102392943,0
396732.296847552,3493.3927609621,0
396742.628853715,3456.39315070806,0
396752.85084854,3419.36252460894,0
396762.962738836,3382.30121440278,0
396772.964432413,3345.20955211985,0
396782.85583808,3308.08787008062,0
396792.636865645,3270.93650089167,0
396802.307425918,3233.75577744327,0
396811.867430714,3196.54603290587,0
396821.316792848,3159.30760072697,0
396830.655426141,3122.04081462834,0
396839.88324542,3084.7460086022,0
396849.000166518,3047.42351690894,0
396858.006106274,3010.07367407302,0
396866.900982536,2972.69681488074,0
396875.684714161,2935.29327437627,0
396884.357221017,2897.86338785908,0
396892.918423981,2860.40749088042,0
396901.368244943,2822.92591924024,0
396909.706606804,2785.41900898421,0
396917.93343348,2747.88709640005,0
396926.048649901,2710.33051801507,0
396934.05218201,2672.74961059212,0
396941.94395677,2635.14471112732,0
396949.723902156,2597.51615684593,0
396957.391947163,2559.86428520004,0
396964.948021804,2522.1894338646,0
396972.39205711,2484.49194073484,0
396979.723985134,2446.77214392258,0
396986.943738948,2409.03038175332,0
396994.051252643,2371.26699276295,0
397001.046461337,2333.4823156944,0
397007.929301166,2295.6766894947,0
397014.699709292,2257.85045331136,0
397021.3576239,2220.00394648964,0
397027.902984201,2182.13750856875,0
397034.335730429,2144.25147927923,0
397040.655803847,2106.34619853907,0
397046.863146742,2068.42200645116,0
397052.957702432,2030.47924329931,0
397058.939415258,1992.51824954576,0
397064.808230594,1954.5393658272,0
397070.564094842,1916.54293295223,0
397076.206955431,1878.52929189743,0
397081.736760825,1840.49878380475,0
397087.153460516,1802.4517499776,0
397092.457005028,1764.38853187828,0
397097.647345918,1726.30947112403,0
397102.724435774,1688.2149094844,0
397107.688228218,1650.10518887741,0
397112.538677906,1611.98065136682,0
397117.275740529,1573.84163915833,0
397121.899372809,1535.68849459685,0
397126.409532507,1497.52156016266,0
397130.806178418,1459.34117846869,0
397135.089270373,1421.14769225671,0
397139.25876924,1382.94144439458,0
397143.314636923,1344.72277787241,0
397147.256836364,1306.49203579984,0
397151.085331543,1268.2495614022,0
397154.800087477,1229.99569801776,0
397158.401070224,1191.73078909393,0
397161.888246877,1153.45517818441,0
397165.261585572,1115.16920894556,0
397168.521055483,1076.87322513333,0
397171.666626823,1038.56757059983,0
397174.698270848,1000.25258929008,0
397177.615959853,961.928625238752,0
397180.419667172,923.596022566736,0
397183.109367184,885.255125478054,0
397185.685035308,846.906278256288,0
397188.146648002,808.549825261539,0
397190.494182772,770.18611092692,0
397192.72761816,731.815479755352,0
397194.846933755,693.438276316267,0
397196.852110186,655.054845242172,0
397198.743129128,616.665531225535,0
397200.519973295,578.270679015297,0
397202.182626448,539.870633413656,0
397203.73107339,501.465739272753,0
397205.165299967,463.056341491266,0
397206.485293072,424.642785011255,0
397207.691040638,386.225414814703,0
397208.782531644,347.804575920246,0
397209.759756114,309.380613379903,0
397210.622705116,270.953872275712,0
397211.371370762,232.524697716398,0
397212.005746208,194.09343483411,0
397212.525825656,155.660428781061,0
397212.931604351,117.226024726229,0
397213.223078586,78.790567852024,0
397213.400245695,40.3544033509861,0
397213.46310406,1.91787642244987,0
397213.411653105,-36.5186677307496,0
397213.245893301,-74.9548839056274,0
397212.965826163,-113.390426902346,0
397212.571454252,-151.824951527549,0
397212.062781171,-190.258112597647,0
397211.43981157,-228.689564942182,0
397210.702551145,-267.118963407112,0
397209.851006633,-305.54596285816,0
397208.885185819,-343.970218184088,0
397207.805097531,-382.39138430005,0
397206.61075164,-420.809116150891,0
397205.302159064,-459.223068714507,0
397203.879331764,-497.63289700507,0
397202.342282745,-536.038256076418,0
397200.691026055,-574.438801025396,0
397198.925576788,-612.834186995052,0
397197.045951079,-651.224069178057,0
397195.052166108,-689.608102820018,0
397192.944240098,-727.985943222692,0
397190.722192314,-766.357245747405,0
397188.386043066,-804.721665818317,0
397185.935813704,-843.078858925686,0
397183.371526622,-881.428480629326,0
397180.693205256,-919.770186561672,0
397177.900874081,-958.103632431352,0
397174.994558619,-996.428474026295,0
397171.974285428,-1034.74436721711,0
397168.84008211,-1073.05096796044,0
397165.591977306,-1111.34793230209,0
397162.230000699,-1149.6349163806,0
397158.754183011,-1187.91157643024,0
397155.164556003,-1226.17756878457,0
397151.461152476,-1264.43254987952,0
397147.644006271,-1302.67617625686,0
397143.713152266,-1340.90810456739,0
397139.668626378,-1379.12799157422,0
397135.510465561,-1417.33549415618,0
397131.238707808,-1455.53026931089,0
397126.853392147,-1493.71197415837,0
397122.354558644,-1531.88026594388,0
397117.7422484,-1570.03480204172,0
397113.016503552,-1608.17523995799,0
397108.177367273,-1646.30123733437,0
397103.22488377,-1684.41245195087,0
397098.159098284,-1722.50854172966,0
397092.980057089,-1760.58916473779,0
397087.687807494,-1798.653979191,0
397082.282397839,-1836.70264345643,0
397076.763877498,-1874.73481605646,0
397071.132296874,-1912.75015567139,0
397065.387707403,-1950.74832114328,0
397059.530161551,-1988.72897147863,0
397053.559712814,-2026.69176585223,0
397047.476415716,-2064.63636360977,0
397041.280325811,-2102.56242427179,0
397034.971499681,-2140.46960753618,0
397028.549994935,-2178.35757328218,0
397022.015870209,-2216.22598157289,0
397015.369185166,-2254.07449265924,0
397008.610000492,-2291.90276698245,0
397001.7383779,-2329.71046517808,0
396994.754380126,-2367.49724807845,0
396987.658070932,-2405.26277671663,0
396980.449515099,-2443.00671232896,0
396973.128778432,-2480.72871635891,0
396965.695927758,-2518.42845045976,0
396958.151030922,-2556.10557649822,0
396950.494156792,-2593.75975655736,0
396942.725375253,-2631.39065293997,0
396934.84475721,-2668.9979281718,0
396926.852374582,-2706.58124500453,0
396918.748300309,-2744.14026641934,0
396910.532608345,-2781.6746556296,0
396902.205373659,-2819.18407608475,0
396893.766672233,-2856.66819147264,0
396885.216581066,-2894.12666572362,0
396876.555178167,-2931.55916301282,0
396867.782542556,-2968.9653477642,0
396858.898754267,-3006.34488465295,0
396849.903894341,-3043.69743860924,0
396840.79804483,-3081.02267482104,0
396831.581288793,-3118.32025873739,0
396822.253710297,-3155.58985607171,0
396812.815394416,-3192.83113280452,0
396803.266427227,-3230.04375518728,0
396793.606895815,-3267.22738974466,0
396783.836888267,-3304.38170327865,0
396773.956493671,-3341.50636287077,0
396763.965802118,-3378.60103588596,0
396753.864904701,-3415.66538997523,0
396743.653893511,-3452.69909307891,0
396733.332861638,-3489.70181343004,0
396722.90190317,-3526.67321955686,0
396712.36111319,-3563.61298028682,0
396701.71058778,-3600.52076474864,0
396690.950424012,-3637.39624237646,0
396680.080719956,-3674.23908291204,0
396669.101574671,-3711.04895640851,0
396658.013088209,-3747.82553323315,0
396646.815361611,-3784.56848407035,0
396635.50849691,-3821.27747992525,0
396624.092597124,-3857.95219212593,0
396612.567766258,-3894.59229232752,0
396600.934109305,-3931.19745251429,0
396589.191732242,-3967.76734500343,0
396577.340742027,-4004.30164244782,0
396565.381246604,-4040.80001783883,0
396553.313354895,-4077.26214451013,0
396541.137176804,-4113.68769613963,0
396528.852823214,-4150.07634675372,0
396516.460405984,-4186.42777072924,0
396503.96003795,-4222.74164279722,0
396491.351832924,-4259.01763804573,0
396478.635905691,-4295.25543192244,0
396465.81237201,-4331.4547002386,0
396452.881348609,-4367.61511917084,0
396439.842953189,-4403.73636526531,0
396426.697304419,-4439.8181154399,0
396413.444521934,-4475.86004698744,0
396400.084726337,-4511.8618375791,0
396386.618039197,-4547.82316526642,0
396373.044583044,-4583.74370848553,0
396359.364481373,-4619.62314605893,0
396345.577858639,-4655.46115719924,0
396331.684840258,-4691.25742151203,0
396317.685552601,-4727.0116189982,0
396303.580123,-4762.72343005798,0
396289.368679741,-4798.39253549266,0
396275.051352065,-4834.01861650858,0
396260.628270165,-4869.6013547195,0
396246.099565186,-4905.14043214935,0
396231.465369224,-4940.63553123601,0
396216.725815323,-4976.08633483299,0
396201.881037473,-5011.49252621351,0
396186.931170613,-5046.85378907268,0
396171.876350625,-5082.16980753043,0
396156.716714332,-5117.44026613506,0
396141.452399502,-5152.66484986498,0
396126.083544841,-5187.8432441328,0
396110.610289994,-5222.9751347874,0
396095.032775543,-5258.06020811685,0
396079.351143008,-5293.09815085201,0
396063.565534838,-5328.08865016808,0
396047.67609442,-5363.03139368882,0
396031.68296607,-5397.92606948852,0
396015.586295032,-5432.77236609486,0
395999.386227481,-5467.56997249251,0
395983.082910516,-5502.31857812469,0
395966.676492163,-5537.01787289728,0
395950.167121369,-5571.66754718083,0
395933.554948006,-5606.26729181328,0
395916.840122863,-5640.81679810369,0
395900.022797649,-5675.31575783368,0
395883.103124992,-5709.76386326137,0
395866.081258432,-5744.16080712372,0
395848.957352425,-5778.50628263879,0
395831.731562338,-5812.79998350975,0
395814.40404445,-5847.04160392619,0
395796.974955948,-5881.23083856789,0
395779.444454926,-5915.36738260744,0
395761.812700385,-5949.45093171214,0
395744.079852228,-5983.48118204809,0
395726.246071261,-6017.45783028172,0
395708.311519192,-6051.38057358296,0
395690.276358626,-6085.24910962848,0
395672.140753067,-6119.06313660307,0
395653.904866912,-6152.82235320381,0
395635.568865454,-6186.52645864192,0
395617.132914878,-6220.17515264523,0
395598.597182257,-6253.76813546194,0
395579.961835556,-6287.3051078619,0
395561.227043625,-6320.78577114029,0
395542.392976198,-6354.20982712019,0
395523.459803894,-6387.57697815425,0
395504.427698214,-6420.88692712884,0
395485.296831537,-6454.13937746552,0
395466.067377121,-6487.33403312386,0
395446.739509101,-6520.47059860488,0
395427.313402484,-6553.54877895229,0
395407.789233151,-6586.56827975629,0
395388.167177855,-6619.52880715585,0
395368.447414217,-6652.43006784047,0
395348.630120724,-6685.27176905429,0
395328.715476729,-6718.05361859736,0
395308.70366245,-6750.77532482857,0
395288.594858963,-6783.43659666894,0
395268.389248208,-6816.03714360277,0
395248.08701298,-6848.57667568147,0
395227.68833693,-6881.05490352576,0
395207.193404565,-6913.47153832733,0
395186.602401241,-6945.82629185288,0
395165.915513169,-6978.11887644548,0
395145.132927404,-7010.34900502718,0
395124.254831849,-7042.51639110247,0
395103.281415252,-7074.62074875936,0
395082.212867204,-7106.66179267289,0
395061.049378135,-7138.63923810767,0
395039.791139315,-7170.55280091916,0
395018.438342851,-7202.4021975577,0
394996.991181685,-7234.18714507012,0
394975.44984959,-7265.90736110174,0
394953.814541172,-7297.56256390021,0
394932.085451864,-7329.15247231656,0
394910.26277793,-7360.67680580812,0
394888.346716453,-7392.13528444165,0
394866.337465344,-7423.52762889426,0
394844.235223333,-7454.85356045713,0
394822.040189968,-7486.1128010377,0
394799.752565616,-7517.30507316095,0
394777.372551458,-7548.43009997343,0
394754.900349487,-7579.48760524468,0
394732.336162509,-7610.47731336915,0
394709.680194137,-7641.39894937004,0
394686.932648792,-7672.25223890021,0
394664.093731698,-7703.03690824495,0
394641.163648884,-7733.75268432517,0
394618.142607178,-7764.39929469819,0
394595.030814206,-7794.97646756118,0
394571.828478393,-7825.48393175359,0
394548.535808956,-7855.9214167582,0
394525.153015905,-7886.28865270482,0
394501.680310041,-7916.58537037218,0
394478.117902952,-7946.81130118919,0
394454.466007012,-7976.96617723894,0
394430.724835379,-8007.04973125982,0
394406.894601994,-8037.06169664752,0
394382.975521576,-8067.00180745865,0
394358.967809622,-8096.86979841163,0
394334.871682405,-8126.66540488919,0
394310.68735697,-8156.3883629416,0
394286.415051133,-8186.03840928741,0
394262.054983481,-8215.61528131645,0
394237.607373366,-8245.11871709255,0
394213.072440905,-8274.54845535431,0
394188.450406976,-8303.9042355185,0
394163.74149322,-8333.18579768222,0
394138.945922034,-8362.39288262382,0
394114.063916571,-8391.52523180656,0
394089.095700739,-8420.58258738034,0
394064.041499196,-8449.56469218276,0
394038.90153735,-8478.47128974296,0
394013.676041356,-8507.30212428288,0
393988.365238113,-8536.0569407187,0
393962.969355264,-8564.73548466454,0
393937.48862119,-8593.33750243348,0
393911.923265015,-8621.86274103933,0
393886.273516593,-8650.31094820011,0
393860.539606516,-8678.68187233896,0
393834.721766105,-8706.97526258609,0
393808.820227412,-8735.19086878219,0
393782.835223214,-8763.32844147905,0
393756.766987014,-8791.38773194194,0
393730.615753037,-8819.36849215267,0
393704.381756228,-8847.27047481018,0
393678.065232251,-8875.09343333316,0
393651.666417483,-8902.83712186281,0
393625.185549017,-8930.50129526348,0
393598.622864656,-8958.08570912538,0
393571.978602912,-8985.59011976723,0
393545.253003002,-9013.01428423676,0
393518.446304848,-9040.35796031366,0
393491.558749075,-9067.62090651198,0
393464.590577006,-9094.80288208068,0
393437.542030661,-9121.9036470066,0
393410.413352756,-9148.92296201679,0
393383.204786699,-9175.86058857897,0
393355.916576588,-9202.71628890468,0
393328.548967208,-9229.48982595133,0
393301.102204032,-9256.18096342281,0
393273.576533215,-9282.78946577256,0
393245.972201591,-9309.31509820562,0
393218.289456674,-9335.75762667915,0
393190.528546656,-9362.11681790554,0
393162.689720398,-9388.39243935444,0
393134.773227438,-9414.58425925321,0
393106.779317979,-9440.69204659004,0
393078.708242891,-9466.71557111591,0
393050.56025371,-9492.65460334509,0
393022.335602634,-9518.50891455818,0
392994.034542518,-9544.27827680405,0
392965.657326877,-9569.96246290035,0
392937.204209878,-9595.56124643646,0
392908.675446343,-9621.0744017755,0
392880.071291742,-9646.50170405474,0
392851.392002194,-9671.84292918851,0
392822.637834461,-9697.09785387026,0
392793.80904595,-9722.26625557297,0
392764.905894708,-9747.34791255186,0
392735.928639417,-9772.34260384658,0
392706.877539398,-9797.25010928164,0
392677.752854604,-9822.07020946887,0
392648.554845617,-9846.80268580983,0
392619.28377365,-9871.44732049613,0
392589.939900539,-9896.00389651175,0
392560.523488745,-9920.47219763556,0
392531.034801349,-9944.85200844171,0
392501.474102051,-9969.1431143016,0
392471.841655166,-9993.34530138663,0
392442.137725623,-10017.4583566687,0
392412.362578963,-10041.4820679216,0
392382.516481335,-10065.4162237244,0
392352.599699491,-10089.2606134616,0
392322.612500793,-10113.0150273244,0
392292.555153199,-10136.6792563142,0
392262.427925267,-10160.2530922427,0
392232.231086152,-10183.7363277334,0
392201.964905603,-10207.1287562244,0
392171.629653958,-10230.4301719694,0
392141.225602147,-10253.6403700384,0
392110.753021683,-10276.7591463206,0
392080.212184665,-10299.7862975259,0
392049.603363773,-10322.7216211851,0
392018.926832266,-10345.5649156529,0
391988.182863978,-10368.3159801091,0
391957.371733317,-10390.9746145595,0
391926.493715265,-10413.5406198378,0
391895.549085368,-10436.0137976082,0
391864.538119743,-10458.393950365,0
391833.461095068,-10480.6808814348,0
391802.318288584,-10502.8743949794,0
391771.109978088,-10524.9742959954,0
391739.836441936,-10546.9803903159,0
391708.497959036,-10568.8924846136,0
391677.094808847,-10590.7103864008,0
391645.627271379,-10612.4339040305,0
391614.095627187,-10634.0628466994,0
391582.500157366,-10655.5970244486,0
391550.841143557,-10677.036248164,0
391519.118867938,-10698.3803295795,0
391487.33361322,-10719.6290812778,0
391455.485662652,-10740.7823166907,0
391423.575300011,-10761.8398501019,0
391391.602809603,-10782.8014966483,0
391359.568476258,-10803.6670723207,0
391327.472585334,-10824.4363939648,0
391295.315422703,-10845.1092792846,0
391263.09727476,-10865.6855468416,0
391230.818428415,-10886.1650160567,0
391198.479171088,-10906.5475072125,0
391166.079790712,-10926.8328414542,0
391133.620575727,-10947.0208407895,0
391101.101815079,-10967.111328092,0
391068.523798215,-10987.1041271021,0
391035.886815084,-11006.9990624269,0
391003.191156131,-11026.7959595427,0
390970.437112296,-11046.4946447967,0
390937.624975012,-11066.0949454071,0
390904.755036203,-11085.5966894647,0
390871.827588277,-11104.999705935,0
390838.842924129,-11124.303824659,0
390805.801337135,-11143.5088763534,0
390772.703121152,-11162.6146926134,0
390739.548570511,-11181.6211059138,0
390706.33798002,-11200.5279496089,0
390673.071644958,-11219.3350579346,0
390639.74986107,-11238.0422660105,0
390606.372924572,-11256.6494098395,0
390572.941132141,-11275.1563263095,0
390539.454780916,-11293.5628531954,0
390505.914168495,-11311.8688291599,0
390472.319592932,-11330.0740937535,0
390438.671352733,-11348.1784874173,0
390404.969746856,-11366.1818514839,0
390371.215074707,-11384.0840281774,0
390337.407636138,-11401.8848606155,0
390303.547731444,-11419.584192811,0
390269.635661358,-11437.1818696722,0
390235.671727054,-11454.6777370036,0
390201.65623014,-11472.0716415083,0
390167.589472655,-11489.3634307889,0
390133.47175707,-11506.5529533471,0
390099.303386283,-11523.6400585863,0
390065.084663613,-11540.6245968128,0
390030.815892806,-11557.506419236,0
389996.497378025,-11574.2853779692,0
389962.12942385,-11590.9613260322,0
389927.712335273,-11607.5341173516,0
389893.246417702,-11624.0036067605,0
389858.731976951,-11640.3696500017,0
389824.169319239,-11656.632103728,0
389789.55875119,-11672.7908255024,0
389754.900579831,-11688.8456737997,0
389720.195112584,-11704.7965080082,0
389685.442657266,-11720.64318843,0
389650.643522091,-11736.3855762814,0
389615.79801566,-11752.023533695,0
389580.906446964,-11767.5569237207,0
389545.969125376,-11782.9856103258,0
389510.986360655,-11798.3094583959,0
389475.958462937,-11813.5283337374,0
389440.885742736,-11828.6421030772,0
389405.768510942,-11843.6506340633,0
389370.607078814,-11858.5537952667,0
389335.401757981,-11873.3514561824,0
389300.15286044,-11888.0434872295,0
389264.860698551,-11902.6297597522,0
389229.525585035,-11917.1101460215,0
389194.14783297,-11931.4845192361,0
389158.727755793,-11945.7527535218,0
389123.265667293,-11959.9147239338,0
389087.761881608,-11973.9703064579,0
389052.216713225,-11987.9193780103,0
389016.630476977,-12001.7618164384,0
388981.003488039,-12015.4975005226,0
388945.336061924,-12029.1263099772,0
388909.628514486,-12042.64812545,0
388873.881161911,-12056.0628285237,0
388838.094320717,-12069.370301718,0
388802.26830775,-12082.570428489,0
388766.403440187,-12095.6630932296,0
388730.500035526,-12108.6481812718,0
388694.558411584,-12121.5255788871,0
388658.5788865,-12134.2951732866,0
388622.561778728,-12146.956852622,0
388586.507407035,-12159.5105059871,0
388550.416090498,-12171.9560234181,0
388514.288148502,-12184.293295894,0
388478.123900738,-12196.5222153376,0
388441.9236672,-12208.642674617,0
388405.687768178,-12220.6545675458,0
388369.416524263,-12232.5577888829,0
388333.110256342,-12244.3522343346,0
388296.769285588,-12256.0378005553,0
388260.393933467,-12267.6143851477,0
388223.984521731,-12279.0818866627,0
388187.541372417,-12290.4402046017,0
388151.064807839,-12301.6892394171,0
388114.555150592,-12312.828892512,0
388078.012723548,-12323.8590662409,0
388041.437849851,-12334.7796639117,0
388004.830852912,-12345.5905897856,0
387968.192056415,-12356.2917490773,0
387931.521784307,-12366.8830479561,0
387894.820360795,-12377.3643935469,0
387858.088110348,-12387.7356939307,0
387821.325357691,-12397.9968581444,0
387784.532427804,-12408.1477961824,0
387747.709645918,-12418.1884189972,0
387710.857337511,-12428.1186384998,0
387673.975828311,-12437.9383675597,0
387637.065444286,-12447.6475200063,0
387600.126511648,-12457.2460106297,0
387563.159356841,-12466.7337551808,0
387526.164306553,-12476.1106703714,0
387489.141687698,-12485.3766738757,0
387452.091827423,-12494.5316843308,0
387415.015053099,-12503.575621337,0
387377.911692327,-12512.5084054579,0
387340.782072926,-12521.3299582214,0
387303.626522935,-12530.0402021211,0
387266.445370608,-12538.6390606154,0
387229.238944416,-12547.1264581286,0
387192.00757304,-12555.5023200515,0
387154.751585368,-12563.7665727423,0
387117.471310493,-12571.9191435267,0
387080.167077715,-12579.9599606979,0
387042.839216533,-12587.8889535179,0
387005.488056639,-12595.7060522179,0
386968.113927925,-12603.411187999,0
386930.717160474,-12611.0042930314,0
386893.298084558,-12618.4853004561,0
386855.857030637,-12625.8541443856,0
386818.394329352,-12633.1107599036,0
386780.910311527,-12640.2550830653,0
386743.405308169,-12647.2870508984,0
386705.879650455,-12654.2066014036,0
386668.333669736,-12661.0136735549,0
386630.767697536,-12667.7082072998,0
386593.182065547,-12674.2901435595,0
386555.577105626,-12680.7594242301,0
386517.953149789,-12687.1159921829,0
386480.310530214,-12693.3597912642,0
386442.64957924,-12699.4907662957,0
386404.970629356,-12705.5088630755,0
386367.274013201,-12711.4140283786,0
386329.560063566,-12717.2062099565,0
386291.82911339,-12722.8853565378,0
386254.081495752,-12728.4514178289,0
386216.317543874,-12733.9043445142,0
386178.537591112,-12739.2440882567,0
386140.741970964,-12744.4706016975,0
386102.931017056,-12749.5838384571,0
386065.105063147,-12754.5837531355,0
386027.264443118,-12759.4703013122,0
385989.409490981,-12764.2434395466,0
385951.540540868,-12768.9031253786,0
385913.657927027,-12773.4493173288,0
385875.761983825,-12777.8819748987,0
385837.853045742,-12782.201058571,0
385799.931447373,-12786.4065298098,0
385761.997523414,-12790.4983510613,0
385724.051608671,-12794.4764857538,0
385686.094038054,-12798.3408982978,0
385648.12514657,-12802.0915540863,0
385610.145269326,-12805.7284194956,0
385572.154741522,-12809.2514618849,0
385534.153898451,-12812.6606495968,0
385496.143075495,-12815.9559519576,0
385458.122608124,-12819.1373392774,0
385420.092831888,-12822.2047828506,0
385382.054082424,-12825.1582549556,0
385344.006695442,-12827.9977288556,0
385305.951006732,-12830.7231787985,0
385267.887352153,-12833.3345800169,0
385229.816067639,-12835.8319087289,0
385191.737489188,-12838.2151421378,0
385153.651952863,-12840.4842584323,0
385115.559794792,-12842.6392367869,0
385077.46135116,-12844.6800573619,0
385039.35695821,-12846.6067013038,0
385001.246952238,-12848.419150745,0
384963.131669593,-12850.1173888045,0
384925.01144667,-12851.7013995877,0
384886.886619912,-12853.1711681865,0
384848.757525805,-12854.5266806797,0
384810.624500876,-12855.7679241331,0
384772.487881687,-12856.8948865991,0
384734.348004838,-12857.9075571176,0
384696.20520696,-12858.8059257156,0
384658.059824714,-12859.5899834074,0
384619.912194788,-12860.2597221948,0
384581.762653893,-12860.815135067,0
384543.611538763,-12861.2562160008,0
384505.459186151,-12861.5829599609,0
384467.305932823,-12861.7953628993,0
384429.152115562,-12861.8934217564,0
384390.99807116,-12861.8771344599,0
384352.844136415,-12861.7464999257,0
384314.690648135,-12861.5015180577,0
384276.537943124,-12861.1421897476,0
384238.386358192,-12860.6685168754,0
384200.236230141,-12860.0805023089,0
384162.087895771,-12859.378149904,0
384123.94169187,-12858.561464505,0
384085.797955219,-12857.630451944,0
384047.657022581,-12856.5851190412,0
384009.519230705,-12855.425473605,0
383971.384916319,-12854.1515244319,0
383933.254416131,-12852.7632813064,0
383895.128066822,-12851.2607550012,0
383857.006205047,-12849.6439572767,0
383818.88916743,-12847.9129008816,0
383780.777290563,-12846.0675995523,0
383742.670911001,-12844.1080680132,0
383704.570365261,-12842.0343219767,0
383666.47598982,-12839.8463781425,0
383628.388121109,-12837.5442541985,0
383590.307095516,-12835.1279688199,0
383552.233249376,-12832.5975416696,0
383514.166918973,-12829.9529933978,0
383476.108440538,-12827.1943456424,0
383438.058150243,-12824.3216210282,0
383400.0163842,-12821.3348431672,0
383361.983478458,-12818.2340366588,0
383323.959769002,-12815.0192270889,0
383285.945591745,-12811.6904410303,0
383247.941282534,-12808.2477060428,0
383209.947177138,-12804.6910506724,0
383171.963611251,-12801.0205044515,0
383133.990920487,-12797.2360978988,0
383096.029440382,-12793.3378625193,0
383058.079506381,-12789.3258308036,0
383020.141453845,-12785.200036228,0
382982.215618047,-12780.9605132548,0
382944.302334163,-12776.6072973315,0
382906.401937275,-12772.1404248906,0
382868.514762368,-12767.5599333496,0
382830.641144324,-12762.8658611113,0
382792.781417924,-12758.0582475627,0
382754.935917838,-12753.1371330751,0
382717.104978631,-12748.1025590041,0
382679.288934755,-12742.9545676895,0
382641.488120547,-12737.6932024545,0
382603.702870225,-12732.3185076057,0
382565.93351789,-12726.830528433,0
382528.180397519,-12721.2293112097,0
382490.443842964,-12715.5149031912,0
382452.724187944,-12709.6873526154,0
382415.021766055,-12703.7467087026,0
382377.336910754,-12697.6930216553,0
382339.669955363,-12691.526342657,0
382302.021233063,-12685.2467238726,0
382264.391076896,-12678.8542184482,0
382226.779819759,-12672.3488805109,0
382189.187794401,-12665.7307651678,0
382151.615333418,-12658.9999285058,0
382114.062769258,-12652.1564275922,0
382076.530434212,-12645.2003204736,0
382039.018660412,-12638.1316661754,0
382001.527779828,-12630.9505247018,0
381964.058124267,-12623.6569570354,0
381926.610025374,-12616.2510251374,0
381889.183814618,-12608.7327919461,0
381851.779823299,-12601.1023213768,0
381814.398382542,-12593.3596783223,0
381777.039823299,-12585.5049286521,0
381739.704476336,-12577.5381392115,0
381702.392672237,-12569.4593778214,0
381665.104741403,-12561.2687132781,0
381627.841014047,-12552.9662153535,0
381590.60182019,-12544.5519547936,0
381553.387489657,-12536.0260033179,0
381516.19835208,-12527.3884336204,0
381479.034736892,-12518.6393193683,0
381441.896973322,-12509.7787352014,0
381404.785390394,-12500.8067567314,0
381367.700316926,-12491.7234605424,0
381330.642081529,-12482.5289241904,0
381293.611012596,-12473.2232262015,0
381256.607438307,-12463.8064460724,0
381219.631686624,-12454.27866427,0
381182.684085288,-12444.6399622311,0
381145.764961817,-12434.890422361,0
381108.8746435,-12425.0301280333,0
381072.013457399,-12415.0591635899,0
381035.181730345,-12404.9776143409,0
380998.379788933,-12394.7855665622,0
380961.607959521,-12384.4831074962,0
380924.866568227,-12374.0703253521,0
380888.155940928,-12363.5473093039,0
380851.476403253,-12352.9141494904,0
380814.828280583,-12342.1709370142,0
380778.21189805,-12331.3177639423,0
380741.627580534,-12320.3547233049,0
380705.075652653,-12309.2819090938,0
380668.556438769,-12298.099416263,0
380632.070262985,-12286.8073407287,0
380595.617449137,-12275.4057793671,0
380559.198320792,-12263.8948300143,0
380522.81320125,-12252.2745914663,0
380486.462413538,-12240.5451634782,0
380450.146280407,-12228.7066467632,0
380413.865124328,-12216.7591429916,0
380377.619267494,-12204.7027547912,0
380341.409031816,-12192.5375857466,0
380305.234738915,-12180.2637403971,0
380269.096710124,-12167.8813242372,0
380232.995266485,-12155.3904437165,0
380196.930728747,-12142.7912062379,0
380160.903417359,-12130.0837201568,0
380124.913652471,-12117.2680947811,0
380088.961753934,-12104.3444403711,0
380053.048041289,-12091.3128681371,0
380017.172833771,-12078.1734902395,0
379981.336450304,-12064.9264197886,0
379945.539209501,-12051.5717708438,0
379909.781429655,-12038.1096584118,0
379874.063428741,-12024.5401984462,0
379838.385524416,-12010.8635078484,0
379802.74803401,-11997.0797044648,0
379767.151274526,-11983.1889070864,0
379731.595562636,-11969.1912354488,0
379696.081214683,-11955.0868102315,0
379660.608546674,-11940.8757530562,0
379625.177874275,-11926.5581864859,0
379589.789512816,-11912.1342340256,0
379554.443777282,-11897.6040201204,0
379519.14098231,-11882.9676701544,0
379483.881442192,-11868.2253104502,0
379448.665470866,-11853.377068269,0
379413.493381917,-11838.4230718085,0
379378.365488574,-11823.363450202,0
379343.282103704,-11808.1983335186,0
379308.243539815,-11792.9278527623,0
379273.250109048,-11777.5521398695,0
379238.302123176,-11762.0713277095,0
379203.399893605,-11746.4855500843,0
379168.543731366,-11730.794941726,0
379133.733947112,-11714.9996382965,0
379098.970851121,-11699.0997763872,0
379064.254753289,-11683.0954935179,0
379029.585963128,-11666.986928135,0
378994.964789763,-11650.7742196113,0
378960.391541931,-11634.4575082458,0
378925.866527977,-11618.0369352612,0
378891.39005585,-11601.5126428035,0
378856.962433103,-11584.8847739419,0
378822.583966889,-11568.1534726671,0
378788.254963958,-11551.3188838899,0
378753.975730655,-11534.3811534408,0
378719.746572917,-11517.3404280697,0
378685.56779627,-11500.1968554433,0
378651.439705826,-11482.950584145,0
378617.362606283,-11465.6017636743,0
378583.336801918,-11448.1505444452,0
378549.362596588,-11430.5970777848,0
378515.440293725,-11412.9415159331,0
378481.570196335,-11395.1840120419,0
378447.752606993,-11377.324720173,0
378413.987827843,-11359.3637952974,0
378380.276160594,-11341.3013932951,0
378346.617906519,-11323.1376709532,0
378313.013366446,-11304.8727859642,0
378279.462840766,-11286.5068969266,0
378245.966629421,-11268.040163343,0
378212.525031904,-11249.4727456178,0
378179.13834726,-11230.8048050579,0
378145.806874079,-11212.0365038712,0
378112.530910494,-11193.1680051645,0
378079.310754179,-11174.1994729429,0
378046.146702348,-11155.1310721095,0
378013.03905175,-11135.9629684629,0
377979.988098667,-11116.6953286965,0
377946.99413891,-11097.3283203979,0
377914.05746782,-11077.8621120473,0
377881.178380262,-11058.2968730158,0
377848.357170624,-11038.6327735649,0
377815.594132812,-11018.8699848457,0
377782.889560252,-10999.0086788963,0
377750.243745881,-10979.0490286414,0
377717.656982151,-10958.991207892,0
377685.129561021,-10938.8353913423,0
377652.661773957,-10918.5817545692,0
377620.253911931,-10898.2304740322,0
377587.906265412,-10877.7817270708,0
377555.619124371,-10857.2356919029,0
377523.392778273,-10836.592547625,0
377491.227516077,-10815.8524742103,0
377459.123626234,-10795.0156525065,0
377427.08139668,-10774.0822642356,0
377395.10111484,-10753.0524919928,0
377363.183067617,-10731.926519244,0
377331.327541399,-10710.7045303248,0
377299.534822048,-10689.3867104406,0
377267.805194902,-10667.9732456633,0
377236.138944772,-10646.4643229308,0
377204.536355938,-10624.8601300461,0
377172.997712146,-10603.1608556753,0
377141.523296607,-10581.3666893461,0
377110.113391995,-10559.4778214468,0
377078.768280441,-10537.4944432256,0
377047.488243533,-10515.4167467873,0
377016.273562314,-10493.2449250935,0
376985.124517278,-10470.9791719611,0
376954.041388366,-10448.61968206,0
376923.024454966,-10426.1666509119,0
376892.073995912,-10403.6202748901,0
376861.190289474,-10380.9807512163,0
376830.373613363,-10358.2482779596,0
376799.624244727,-10335.4230540364,0
376768.942460144,-10312.5052792071,0
376738.328535624,-10289.4951540752,0
376707.782746605,-10266.3928800869,0
376677.305367951,-10243.198659528,0
376646.896673946,-10219.9126955228,0
376616.556938297,-10196.5351920337,0
376586.286434127,-10173.0663538586,0
376556.085433974,-10149.5063866289,0
376525.954209789,-10125.8554968094,0
376495.893032933,-10102.1138916962,0
376465.902174173,-10078.2817794141,0
376435.981903681,-10054.3593689164,0
376406.132491034,-10030.3468699831,0
376376.354205204,-10006.2444932184,0
376346.647314562,-9982.05245004977,0
376317.012086875,-9957.77095272718,0
376287.448789299,-9933.40021431952,0
376257.957688381,-9908.94044871437,0
376228.539050055,-9884.39187061677,0
376199.19313964,-9859.75469554601,0
376169.920221833,-9835.02913983493,0
376140.720560714,-9810.21542062904,0
376111.594419739,-9785.31375588312,0
376082.542061736,-9760.32436436045,0
376053.563748908,-9735.24746563196,0
376024.659742823,-9710.08328007293,0
375995.830304418,-9684.8320288619,0
375967.075693995,-9659.49393398006,0
375938.396171215,-9634.06921820786,0
375909.791995099,-9608.55810512378,0
375881.263424025,-9582.96081910379,0
375852.810715724,-9557.27758531798,0
375824.43412728,-9531.50862972919,0
375796.133915125,-9505.65417909249,0
375767.910335036,-9479.71446095185,0
375739.763642137,-9453.68970363861,0
375711.694090891,-9427.58013627105,0
375683.701935102,-9401.38598875098,0
375655.787427909,-9375.10749176221,0
375627.950821785,-9348.74487677006,0
375600.192368537,-9322.29837601796,0
375572.512319297,-9295.76822252585,0
375544.910924527,-9269.15465008973,0
375517.388434012,-9242.45789327811,0
375489.94509686,-9215.67818743059,0
375462.581161495,-9188.81576865715,0
375435.296875662,-9161.87087383474,0
375408.092486417,-9134.84374060577,0
375380.968240131,-9107.73460737738,0
375353.924382481,-9080.54371331797,0
375326.961158453,-9053.27129835575,0
375300.078812338,-9025.91760317791,0
375273.27758773,-8998.48286922712,0
375246.55772752,-8970.96733870011,0
375219.919473898,-8943.37125454678,0
375193.36306835,-8915.69486046664,0
375166.888751652,-8887.93840090744,0
375140.496763873,-8860.10212106422,0
375114.187344367,-8832.18626687562,0
375087.960731776,-8804.1910850227,0
375061.817164022,-8776.11682292781,0
375035.756878312,-8747.9637287508,0
375009.780111125,-8719.73205138809,0
374983.887098223,-8691.42204047123,0
374958.078074635,-8663.03394636317,0
374932.353274664,-8634.56802015748,0
374906.712931883,-8606.02451367657,0
374881.157279129,-8577.40367946812,0
374855.686548504,-8548.70577080439,0
374830.300971372,-8519.93104168011,0
374805.000778356,-8491.07974680906,0
374779.786199335,-8462.15214162352,0
374754.657463444,-8433.14848227171,0
374729.61479907,-8404.06902561468,0
374704.658433849,-8374.91402922581,0
374679.788594667,-8345.68375138772,0
374655.005507653,-8316.37845108972,0
374630.30939818,-8286.99838802702,0
374605.700490862,-8257.54382259748,0
374581.17900955,-8228.01501589925,0
374556.745177334,-8198.41222973003,0
374532.399216535,-8168.73572658332,0
374508.141348707,-8138.98576964666,0
374483.971794634,-8109.16262280047,0
374459.890774325,-8079.26655061422,0
374435.898507014,-8049.29781834504,0
374411.995211161,-8019.25669193613,0
374388.181104442,-7989.14343801297,0
374364.456403753,-7958.95832388229,0
374340.821325205,-7928.70161752985,0
374317.276084125,-7898.373587617,0
374293.820895047,-7867.97450347976,0
374270.455971717,-7837.50463512609,0
374247.181527088,-7806.96425323272,0
374223.997773316,-7776.35362914454,0
374200.904921762,-7745.67303487097,0
374177.903182983,-7714.92274308363,0
374154.992766739,-7684.10302711534,0
374132.173881983,-7653.21416095621,0
374109.446736861,-7622.25641925188,0
374086.811538713,-7591.23007730205,0
374064.268494067,-7560.13541105645,0
374041.817808637,-7528.97269711369,0
374019.459687324,-7497.74221271897,0
373997.19433421,-7466.44423576045,0
373975.02195256,-7435.07904476832,0
373952.942744816,-7403.64691891174,0
373930.956912597,-7372.14813799585,0
373909.064656694,-7340.58298246079,0
373887.266177075,-7308.95173337794,0
373865.561672873,-7277.25467244775,0
373843.951342392,-7245.49208199837,0
373822.435383102,-7213.66424498146,0
373801.013991634,-7181.77144497097,0
373779.687363784,-7149.81396616073,0
373758.455694506,-7117.79209336071,0
373737.319177911,-7085.70611199612,0
373716.278007266,-7053.55630810405,0
373695.332374993,-7021.34296833053,0
373674.482472662,-6989.0663799295,0
373653.728490995,-6956.72683075875,0
373633.070619861,-6924.32460927794,0
373612.509048274,-6891.86000454684,0
373592.04396439,-6859.33330622126,0
373571.675555507,-6826.74480455178,0
373551.404008063,-6794.09479038089,0
373531.229507632,-6761.38355513957,0
373511.152238924,-6728.61139084627,0
373491.172385783,-6695.77859010292,0
373471.290131181,-6662.88544609273,0
373451.505657224,-6629.93225257847,0
373431.81914514,-6596.91930389826,0
373412.230775288,-6563.84689496427,0
373392.740727145,-6530.71532125981,0
373373.349179313,-6497.5248788358,0
373354.056309513,-6464.2758643097,0
373334.862294583,-6430.96857486152,0
373315.767310475,-6397.60330823142,0
373296.771532258,-6364.18036271805,0
373277.875134111,-6330.70003717423,0
373259.078289324,-6297.16263100557,0
373240.381170293,-6263.5684441675,0
373221.783948523,-6229.91777716171,0
373203.286794621,-6196.21093103502,0
373184.889878298,-6162.44820737514,0
373166.593368364,-6128.62990830863,0
373148.39743273,-6094.7563364987,0
373130.302238402,-6060.82779514102,0
373112.307951482,-6026.84458796256,0
373094.414737165,-5992.80701921792,0
373076.622759737,-5958.71539368638,0
373058.932182576,-5924.57001667028,0
373041.343168145,-5890.37119399078,0
373023.855877994,-5856.11923198606,0
373006.470472757,-5821.81443750849,0
372989.187112152,-5787.45711792095,0
372972.005954977,-5753.0475810954,0
372954.927159108,-5718.5861354088,0
372937.950881499,-5684.07308974083,0
372921.07727818,-5649.50875347152,0
372904.306504255,-5614.8934364772,0
372887.638713898,-5580.22744912902,0
372871.074060357,-5545.51110228917,0
372854.612695944,-5510.74470730809,0
372838.254772043,-5475.92857602248,0
372822.000439099,-5441.06302075098,0
372805.849846624,-5406.14835429264,0
372789.80314319,-5371.18488992331,0
372773.860476429,-5336.17294139259,0
372758.021993034,-5301.11282292187,0
372742.287838752,-5266.00484920008,0
372726.658158387,-5230.84933538198,0
372711.133095799,-5195.64659708459,0
372695.712793895,-5160.39695038409,0
372680.397394637,-5125.10071181381,0
372665.187039035,-5089.75819835997,0
372650.081867144,-5054.36972745994,0
372635.082018069,-5018.93561699857,0
372620.187629955,-4983.45618530516,0
372605.398839993,-4947.93175115131,0
372590.715784414,-4912.36263374671,0
372576.138598488,-4876.74915273731,0
372561.667416523,-4841.09162820163,0
372547.302371866,-4805.39038064772,0
372533.043596897,-4769.64573101097,0
372518.89122303,-4733.85800064978,0
372504.845380711,-4698.02751134389,0
372490.906199416,-4662.15458529042,0
372477.073807653,-4626.23954510101,0
372463.348332955,-4590.28271379944,0
372449.729901881,-4554.28441481734,0
372436.218640018,-4518.24497199255,0
372422.814671973,-4482.16470956488,0
372409.518121378,-4446.04395217365,0
372396.329110882,-4409.88302485475,0
372383.247762157,-4373.6822530368,0
372370.27419589,-4337.44196253916,0
372357.408531787,-4301.16247956775,0
372344.650888567,-4264.84413071273,0
372332.001383963,-4228.48724294514,0
372319.460134723,-4192.09214361346,0
372307.027256602,-4155.65916044133,0
372294.702864368,-4119.1886215233,0
372282.487071796,-4082.68085532288,0
372270.379991668,-4046.13619066841,0
372258.381735773,-4009.55495675049,0
372246.492414904,-3972.93748311889,0
372234.712138857,-3936.28409967872,0
372223.04101643,-3899.59513668839,0
372211.479155422,-3862.87092475516,0
372200.026662633,-3826.11179483317,0
372188.683643859,-3789.31807821942,0
372177.450203895,-3752.49010655088,0
372166.32644653,-3715.62821180162,0
372155.31247455,-3678.73272627881,0
372144.408389734,-3641.80398262066,0
372133.614292851,-3604.84231379202,0
372122.930283664,-3567.84805308217,0
372112.356460926,-3530.82153410094,0
372101.892922377,-3493.76309077583,0
372091.539764747,-3456.6730573488,0
372081.29708375,-3419.55176837265,0
372071.16497409,-3382.39955870858,0
372061.14352945,-3345.21676352185,0
372051.232842501,-3308.00371827976,0
372041.433004893,-3270.76075874727,0
372031.744107261,-3233.48822098463,0
372022.166239216,-3196.18644134364,0
372012.699489352,-3158.85575646439,0
372003.343945238,-3121.49650327246,0
371994.099693422,-3084.10901897483,0
371984.966819428,-3046.69364105762,0
371975.945407755,-3009.25070728177,0
371967.035541877,-2971.7805556807,0
371958.237304238,-2934.28352455622,0
371949.550776259,-2896.7599524759,0
371940.976038329,-2859.21017826927,0
371932.513169808,-2821.63454102477,0
371924.162249026,-2784.03338008655,0
371915.923353282,-2746.4070350507,0
371907.79655884,-2708.75584576263,0
371899.781940935,-2671.08015231294,0
371891.879573765,-2633.38029503498,0
371884.089530492,-2595.65661450063,0
371876.411883246,-2557.90945151779,0
371868.846703117,-2520.13914712632,0
371861.394060158,-2482.34604259535,0
371854.054023385,-2444.53047941938,0
371846.826660774,-2406.6927993154,0
371839.712039261,-2368.83334421916,0
371832.710224742,-2330.95245628209,0
371825.82128207,-2293.05047786783,0
371819.045275057,-2255.12775154877,0
371812.382266473,-2217.18462010299,0
371805.832318041,-2179.22142651049,0
371799.395490443,-2141.23851395023,0
371793.071843314,-2103.23622579631,0
371786.861435244,-2065.21490561516,0
371780.764323775,-2027.17489716146,0
371774.780565403,-1989.11654437553,0
371768.910215577,-1951.04019137915,0
371763.153328696,-1912.94618247295,0
371757.50995811,-1874.83486213228,0
371751.980156119,-1836.7065750045,0
371746.563973974,-1798.56166590494,0
371741.261461873,-1760.40047981409,0
371736.072668964,-1722.22336187366,0
371730.997643342,-1684.03065738371,0
371726.036432049,-1645.82271179864,0
371721.189081076,-1607.59987072441,0
371716.455635356,-1569.36247991454,0
371711.836138772,-1531.1108852672,0
371707.330634149,-1492.84543282134,0
371702.939163258,-1454.56646875373,0
371698.661766814,-1416.274339375,0
371694.498484475,-1377.9693911268,0
371690.449354843,-1339.65197057781,0
371686.514415463,-1301.32242442079,0
371682.69370282,-1262.98109946878,0
371678.987252344,-1224.62834265189,0
371675.395098404,-1186.2645010138,0
371671.917274312,-1147.88992170822,0
371668.553812319,-1109.50495199568,0
371665.304743616,-1071.10993923979,0
371662.170098336,-1032.70523090411,0
371659.14990555,-994.291174548381,0
371656.244193268,-955.86811782543,0
371653.452988439,-917.43640847733,0
371650.776316952,-878.996394332319,0
371648.214203632,-840.548423301112,0
371645.766672243,-802.092843373477,0
371643.433745488,-763.630002614936,0
371641.215445004,-725.160249163029,0
371639.111791369,-686.683931224184,0
371637.122804094,-648.201397069989,0
371635.248501631,-609.712995033851,0
371633.488901365,-571.219073507587,0
371631.844019618,-532.719980937775,0
371630.313871649,-494.216065822535,0
371628.898471652,-455.707676707888,0
371627.597832757,-417.195162184308,0
371626.41196703,-378.678870883378,0
371625.340885471,-340.159151474186,0
371624.384598017,-301.636352659899,0
371623.543113539,-263.110823174364,0
371622.816439844,-224.582911778559,0
371622.204583672,-186.052967257117,0
371621.707550701,-147.521338414962,0
371621.32534554,-108.988374073707,0
371621.057971735,-70.4544230682814,0
371620.905431768,-31.9198342434347,0
371620.867727054,6.61504354977884,0
371620.944857941,45.1498614573783,0
371621.136823714,83.6842706260336,0
371621.443622594,122.217922206438,0
371621.865251732,160.750467356821,0
371622.401707219,199.281557246459,0
371623.052984077,237.810843059057,0
371623.819076264,276.337975996263,0
371624.699976673,314.862607281183,0
371625.695677133,353.384388161769,0
371626.806168406,391.902969914306,0
371628.031440191,430.418003846934,0
371629.371481121,468.929141303065,0
371630.826278766,507.436033664834,0
371632.395819629,545.938332356618,0
371634.080089151,584.435688848472,0
371635.879071709,622.927754659606,0
371637.792750614,661.414181361791,0
371639.821108116,699.894620582927,0
371641.9641254,738.368724010413,0
371644.221782587,776.836143394632,0
371646.594058737,815.296530552483,0
371649.080931846,853.749537370668,0
371651.682378846,892.194815809362,0
371654.398375611,930.632017905495,0
371657.228896948,969.060795776311,0
371660.173916606,1007.48080162277,0
371663.233407271,1045.891687733,0
371666.407340568,1084.29310648583,0
371669.695687063,1122.68471035404,0
371673.098416259,1161.06615190813,0
371676.6154966,1199.43708381936,0
371680.246895471,1237.7971588636,0
371683.992579198,1276.14602992445,0
371687.852513048,1314.48334999686,0
371691.826661227,1352.80877219055,0
371695.914986888,1391.12194973331,0
371700.117452121,1429.42253597473,0
371704.434017963,1467.7101843892,0
371708.864644392,1505.98454857981,0
371713.409290332,1544.24528228135,0
371718.067913648,1582.49203936415,0
371722.840471152,1620.72447383704,0
371727.726918602,1658.94223985129,0
371732.727210701,1697.1449917035,0
371737.841301096,1735.33238383951,0
371743.069142385,1773.50407085737,0
371748.410686111,1811.65970751115,0
371753.865882765,1849.79894871399,0
371759.434681787,1887.92144954183,0
371765.117031567,1926.02686523649,0
371770.912879444,1964.11485120943,0
371776.822171707,2002.18506304475,0
371782.844853597,2040.23715650302,0
371788.980869305,2078.27078752419,0
371795.230161978,2116.28561223146,0
371801.592673711,2154.28128693424,0
371808.068345556,2192.25746813195,0
371814.65711752,2230.21381251687,0
371821.358928563,2268.1499769782,0
371828.173716601,2306.06561860468,0
371835.101418507,2343.96039468866,0
371842.141970113,2381.83396272885,0
371849.295306205,2419.68598043427,0
371856.561360532,2457.516105727,0
371863.9400658,2495.32399674617,0
371871.431353676,2533.10931185064,0
371879.035154788,2570.87170962308,0
371886.751398727,2608.61084887255,0
371894.580014045,2646.32638863854,0
371902.520928259,2684.01798819377,0
371910.57406785,2721.68530704786,0
371918.739358264,2759.32800495051,0
371927.016723913,2796.94574189482,0
371935.406088178,2834.53817812072,0
371943.907373405,2872.10497411808,0
371952.520500911,2909.64579063041,0
371961.245390982,2947.1602886575,0
371970.081962874,2984.64812945967,0
371979.030134817,3022.10897455996,0
371988.089824011,3059.54248574856,0
371997.260946631,3096.94832508508,0
372006.543417825,3134.32615490261,0
372015.937151719,3171.67563781054,0
372025.442061414,3208.99643669803,0
372035.058058987,3246.28821473731,0
372044.785055497,3283.55063538668,0
372054.62296098,3320.78336239431,0
372064.571684453,3357.98605980074,0
372074.631133915,3395.15839194304,0
372084.801216348,3432.30002345707,0
372095.081837718,3469.41061928171,0
372105.472902974,3506.48984466125,0
372115.974316052,3543.53736514919,0
372126.585979878,3580.55284661131,0
372137.307796361,3617.5359552286,0
372148.139666403,3654.48635750116,0
372159.081489895,3691.40372025051,0
372170.133165721,3728.28771062375,0
372181.294591755,3765.13799609589,0
372192.565664869,3801.95424447375,0
372203.946280927,3838.73612389873,0
372215.43633479,3875.48330285004,0
372227.035720317,3912.19545014828,0
372238.744330366,3948.8722349578,0
372250.562056794,3985.51332679096,0
372262.488790461,4022.11839551013,0
372274.524421228,4058.68711133192,0
372286.668837959,4095.21914482958,0
372298.921928526,4131.71416693634,0
372311.283579804,4168.17184894902,0
372323.753677678,4204.59186253017,0
372336.332107041,4240.97387971242,0
372349.018751796,4277.31757290051,0
372361.813494857,4313.62261487515,0
372374.716218154,4349.88867879587,0
372387.726802626,4386.11543820385,0
372400.845128233,4422.30256702579,0
372414.071073948,4458.44973957591,0
372427.404517764,4494.55663056021,0
372440.845336693,4530.62291507861,0
372454.39340677,4566.64826862848,0
372468.04860305,4602.63236710787,0
372481.810799614,4638.57488681785,0
372495.679869566,4674.47550446665,0
372509.655685039,4710.33389717153,0
372523.738117193,4746.14974246283,0
372537.927036219,4781.92271828651,0
372552.222311338,4817.65250300693,0
372566.623810803,4853.33877541082,0
372581.131401904,4888.98121470898,0
372595.744950963,4924.57950054058,0
372610.464323341,4960.1333129753,0
372625.289383439,4995.64233251648,0
372640.219994695,5031.10624010476,0
372655.256019591,5066.52471711981,0
372670.397319652,5101.89744538471,0
372685.643755448,5137.22410716793,0
372700.995186593,5172.5043851865,0
372716.451471753,5207.73796260962,0
372732.012468639,5242.92452306033,0
372747.678034018,5278.06375061989,0
372763.448023705,5313.15532982966,0
372779.322292574,5348.19894569436,0
372795.30069455,5383.19428368547,0
372811.38308262,5418.14102974302,0
372827.569308827,5453.03887027987,0
372843.859224278,5487.88749218356,0
372860.252679139,5522.6865828195,0
372876.749522643,5557.43583003439,0
372893.349603088,5592.13492215799,0
372910.052767839,5626.78354800726,0
372926.858863331,5661.38139688827,0
372943.767735069,5695.92815859931,0
372960.779227633,5730.42352343434,0
372977.893184674,5764.86718218462,0
372995.109448922,5799.25882614279,0
373012.427862184,5833.59814710503,0
373029.848265346,5867.88483737368,0
373047.370498375,5902.11858976103,0
373064.994400323,5936.29909759075,0
373082.719809326,5970.42605470189,0
373100.546562606,6004.49915545125,0
373118.474496474,6038.51809471551,0
373136.503446332,6072.48256789543,0
373154.633246672,6106.39227091715,0
373172.863731082,6140.24690023575,0
373191.194732246,6174.04615283824,0
373209.626081943,6207.78972624512,0
373228.157611055,6241.47731851468,0
373246.789149561,6275.10862824459,0
373265.520526546,6308.68335457477,0
373284.3515702,6342.20119719096,0
373303.28210782,6375.66185632602,0
373322.311965808,6409.06503276386,0
373341.440969682,6442.41042784177,0
373360.66894407,6475.69774345231,0
373379.995712713,6508.92668204752,0
373399.42109847,6542.09694664015,0
373418.944923319,6575.2082408069,0
373438.567008357,6608.2602686916,0
373458.287173803,6641.25273500652,0
373478.105239001,6674.18534503639,0
373498.021022419,6707.05780464041,0
373518.034341656,6739.86982025429,0
373538.145013438,6772.6210988943,0
373558.352853625,6805.31134815843,0
373578.65767721,6837.94027622958,0
373599.059298322,6870.50759187875,0
373619.557530227,6903.01300446611,0
373640.152185333,6935.45622394511,0
373660.843075189,6967.83696086441,0
373681.630010486,7000.15492636974,0
373702.512801064,7032.409832208,0
373723.491255908,7064.60139072835,0
373744.565183156,7096.72931488521,0
373765.734390096,7128.79331824154,0
373786.99868317,7160.7931149698,0
373808.357867978,7192.72841985584,0
373829.811749276,7224.59894830107,0
373851.360130982,7256.40441632394,0
373873.002816176,7288.14454056408,0
373894.739607102,7319.81903828358,0
373916.570305171,7351.42762736939,0
373938.494710963,7382.97002633699,0
373960.512624228,7414.44595433124,0
373982.623843888,7445.85513112979,0
374004.828168044,7477.19727714575,0
374027.125393969,7508.47211342879,0
374049.515318119,7539.67936166902,0
374071.99773613,7570.81874419887,0
374094.572442822,7601.88998399458,0
374117.2392322,7632.89280468029,0
374139.997897458,7663.82693052913,0
374162.848230979,7694.69208646556,0
374185.790024339,7725.48799806895,0
374208.823068308,7756.21439157442,0
374231.947152853,7786.87099387591,0
374255.16206714,7817.45753252906,0
374278.467599534,7847.97373575209,0
374301.863537607,7878.41933242938,0
374325.349668132,7908.79405211366,0
374348.925777093,7939.09762502716,0
374372.591649683,7969.32978206538,0
374396.347070306,7999.49025479876,0
374420.191822581,8029.57877547415,0
374444.125689343,8059.5950770187,0
374468.148452648,8089.53889304085,0
374492.25989377,8119.40995783258,0
374516.459793208,8149.2080063728,0
374540.747930686,8178.93277432823,0
374565.124085157,8208.58399805605,0
374589.588034802,8238.16141460685,0
374614.139557037,8267.66476172571,0
