371620.866035041,-1.09755073329472e-08,0
371620.923452849,38.53485297952,0
371621.095705743,77.0693571163087,0
371621.382792124,115.603163549154,0
371621.784709329,154.135923434757,0
371622.301453629,192.667287940228,0
371622.93302023,231.196908246559,0
371623.679403273,269.72443555209,0
371624.540595834,308.249521075976,0
371625.516589925,346.771816061649,0
371626.60737649,385.290971780304,0
371627.81294541,423.806639534367,0
371629.133285503,462.318470660927,0
371630.56838452,500.826116535235,0
371632.118229148,539.329228574194,0
371633.78280501,577.827458239744,0
371635.562096665,616.320457042395,0
371637.456087608,654.807876544702,0
371639.464760271,693.289368364633,0
371641.588096021,731.76458417915,0
371643.826075162,770.233175727601,0
371646.178676936,808.694794815144,0
371648.645879522,847.149093316351,0
371651.227660035,885.595723178463,0
371653.923994529,924.034336425024,0
371656.734857996,962.464585159247,0
371659.660224366,1000.88612156744,0
371662.700066507,1039.29859792259,0
371665.854356227,1077.70166658761,0
371669.123064272,1116.09498001904,0
371672.506160329,1154.47819077022,0
371676.003613023,1192.85095149497,0
371679.615389922,1231.21291495092,0
371683.341457533,1269.56373400291,0
371687.181781304,1307.90306162659,0
371691.136325624,1346.23055091165,0
371695.205053826,1384.54585506549,0
371699.387928184,1422.84862741638,0
371703.684909914,1461.13852141722,0
371708.095959176,1499.4151906486,0
371712.621035076,1537.67828882262,0
371717.260095659,1575.92746978593,0
371722.013097921,1614.16238752351,0
371726.879997797,1652.38269616178,0
371731.860750173,1690.58804997229,0
371736.955308877,1728.77810337489,0
371742.163626688,1766.95251094137,0
371747.485655328,1805.11092739867,0
371752.92134547,1843.25300763248,0
371758.470646734,1881.37840669046,0
371764.13350769,1919.48677978581,0
371769.909875858,1957.57778230053,0
371775.799697707,1995.65106978893,0
371781.802918657,2033.70629798095,0
371787.91948308,2071.7431227856,0
371794.149334302,2109.76120029431,0
371800.492414599,2147.76018678437,0
371806.948665202,2185.7397387222,0
371813.518026297,2223.69951276692,0
371820.200437022,2261.63916577349,0
371826.995835475,2299.55835479634,0
371833.904158707,2337.45673709244,0
371840.925342728,2375.33397012506,0
371848.059322504,2413.18971156662,0
371855.306031962,2451.02361930266,0
371862.665403986,2488.83535143453,0
371870.137370423,2526.62456628343,0
371877.721862079,2564.39092239306,0
371885.418808721,2602.13407853369,0
371893.228139082,2639.85369370473,0
371901.149780855,2677.54942713887,0
371909.183660699,2715.22093830463,0
371917.329704237,2752.8678869104,0
371925.58783606,2790.48993290718,0
371933.957979725,2828.08673649232,0
371942.440057756,2865.65795811259,0
371951.033991646,2903.20325846758,0
371959.739701858,2940.7222985131,0
371968.557107826,2978.21473946419,0
371977.486127954,3015.68024279893,0
371986.52667962,3053.11847026102,0
371995.678679174,3090.52908386395,0
372004.942041942,3127.91174589334,0
372014.316682224,3165.26611891113,0
372023.802513296,3202.59186575807,0
372033.399447413,3239.88864955763,0
372043.107395807,3277.15613371883,0
372052.92626869,3314.39398193965,0
372062.855975254,3351.60185821053,0
372072.896423673,3388.779426817,0
372083.047521103,3425.92635234384,0
372093.309173684,3463.04229967725,0
372103.68128654,3500.12693400922,0
372114.163763781,3537.17992083972,0
372124.756508506,3574.20092598075,0
372135.459422798,3611.18961555907,0
372146.272407733,3648.14565601951,0
372157.195363375,3685.06871412856,0
372168.22818878,3721.95845697678,0
372179.370781996,3758.81455198307,0
372190.623040067,3795.63666689672,0
372201.98485903,3832.42446980168,0
372213.456133917,3869.17762911892,0
372225.03675876,3905.89581361003,0
372236.726626589,3942.57869238047,0
372248.525629432,3979.22593488219,0
372260.433658321,4015.83721091774,0
372272.450603286,4052.41219064226,0
372284.576353366,4088.95054456781,0
372296.810796599,4125.45194356558,0
372309.153820034,4161.91605886953,0
372321.605309725,4198.34256207962,0
372334.165150735,4234.73112516426,0
372346.833227137,4271.0814204645,0
372359.609422015,4307.393120696,0
372372.493617466,4343.66589895313,0
372385.485694602,4379.89942871146,0
372398.585533549,4416.09338383097,0
372411.793013449,4452.24743855961,0
372425.108012465,4488.36126753541,0
372438.530407776,4524.43454579081,0
372452.060075584,4560.46694875459,0
372465.696891114,4596.4581522557,0
372479.440728612,4632.40783252614,0
372493.291461351,4668.31566620354,0
372507.248961631,4704.18133033525,0
372521.313100778,4740.00450238009,0
372535.483749149,4775.78486021257,0
372549.760776131,4811.52208212522,0
372564.144050146,4847.2158468316,0
372578.633438645,4882.86583347005,0
372593.228808119,4918.4717216055,0
372607.930024093,4954.03319123378,0
372622.736951133,4989.54992278363,0
372637.649452841,5025.02159712003,0
372652.667391865,5060.44789554764,0
372667.790629893,5095.82849981269,0
372683.019027658,5131.16309210727,0
372698.35244494,5166.45135507122,0
372713.790740565,5201.69297179557,0
372729.333772411,5236.8876258258,0
372744.981397404,5272.03500116375,0
372760.733471525,5307.13478227192,0
372776.589849807,5342.18665407527,0
372792.550386339,5377.19030196462,0
372808.614934269,5412.14541179993,0
372824.783345802,5447.05166991211,0
372841.055472204,5481.90876310734,0
372857.431163804,5516.7163786688,0
372873.910269995,5551.47420436004,0
372890.492639235,5586.18192842825,0
372907.178119049,5620.83923960597,0
372923.966556032,5655.44582711544,0
372940.857795848,5690.00138067031,0
372957.851683235,5724.50559047883,0
372974.948062006,5758.95814724728,0
372992.146775046,5793.35874218154,0
373009.447664321,5827.70706699131,0
373026.850570876,5862.00281389208,0
373044.355334835,5896.24567560787,0
373061.961795408,5930.43534537496,0
373079.669790886,5964.57151694335,0
373097.479158649,5998.65388458071,0
373115.389735164,6032.68214307476,0
373133.401355989,6066.65598773544,0
373151.513855773,6100.57511439901,0
373169.727068258,6134.43921942942,0
373188.040826283,6168.24799972186,0
373206.454961783,6202.00115270569,0
373224.969305793,6235.69837634607,0
373243.583688447,6269.33936914816,0
373262.297938984,6302.92383015877,0
373281.111885747,6336.45145896923,0
373300.025356186,6369.92195571891,0
373319.038176857,6403.33502109655,0
373338.15017343,6436.69035634415,0
373357.361170684,6469.98766325931,0
373376.670992513,6503.22664419716,0
373396.079461928,6536.40700207445,0
373415.586401058,6569.52844037089,0
373435.19163115,6602.59066313231,0
373454.894972574,6635.59337497389,0
373474.696244824,6668.53628108138,0
373494.595266519,6701.41908721521,0
373514.591855407,6734.24149971243,0
373534.685828363,6767.00322548877,0
373554.877001395,6799.70397204265,0
373575.165189646,6832.34344745638,0
373595.550207393,6864.92136039935,0
373616.031868049,6897.43742013109,0
373636.609984171,6929.89133650254,0
373657.284367452,6962.28281995996,0
373678.054828734,6994.61158154696,0
373698.921178,7026.87733290635,0
373719.883224384,7059.07978628415,0
373740.940776168,7091.21865453081,0
373762.093640785,7123.29365110407,0
373783.341624823,7155.30449007228,0
373804.684534027,7187.25088611543,0
373826.122173297,7219.13255452887,0
373847.654346694,7250.94921122566,0
373869.280857443,7282.7005727379,0
373891.001507931,7314.38635622091,0
373912.816099712,7346.00627945454,0
373934.724433507,7377.56006084551,0
373956.72630921,7409.04741943105,0
373978.821525885,7440.4680748799,0
374001.009881772,7471.82174749547,0
374023.291174289,7503.1081582187,0
374045.665200029,7534.3270286291,0
374068.131754771,7565.47808094854,0
374090.690633473,7596.56103804327,0
374113.341630281,7627.57562342528,0
374136.084538528,7658.52156125639,0
374158.919150736,7689.39857634946,0
374181.845258618,7720.20639417056,0
374204.862653085,7750.9447408426,0
374227.971124239,7781.61334314628,0
374251.170461384,7812.21192852293,0
374274.460453024,7842.74022507757,0
374297.840886865,7873.19796157973,0
374321.311549818,7903.58486746694,0
374344.872228002,7933.90067284704,0
374368.522706745,7964.14510849924,0
374392.262770587,7994.31790587791,0
374416.092203282,8024.41879711426,0
374440.010787799,8054.44751501776,0
374464.018306327,8084.40379308001,0
374488.114540275,8114.28736547588,0
374512.299270275,8144.09796706548,0
374536.572276183,8173.83533339777,0
374560.933337084,8203.49920071138,0
374585.382231292,8233.08930593717,0
374609.918736354,8262.60538670136,0
374634.54262905,8292.04718132624,0
374659.253685397,8321.41442883322,0
374684.05168065,8350.70686894545,0
374708.936389307,8379.92424208858,0
374733.907585107,8409.06628939413,0
374758.965041038,8438.13275270164,0
374784.108529334,8467.12337455952,0
374809.337821478,8496.03789822874,0
374834.652688209,8524.87606768444,0
374860.052899518,8553.63762761703,0
374885.538224656,8582.32232343595,0
374911.108432133,8610.92990127094,0
374936.763289718,8639.46010797337,0
374962.50256445,8667.91269111999,0
374988.32602263,8696.28739901388,0
375014.23342983,8724.58398068611,0
375040.224550893,8752.8021858993,0
375066.299149938,8780.94176514841,0
375092.456990356,8809.00246966268,0
375118.697834821,8836.98405140896,0
375145.021445286,8864.88626309236,0
375171.427582986,8892.7088581585,0
375197.916008444,8920.45159079659,0
375224.486481471,8948.11421593998,0
375251.138761166,8975.69648926862,0
375277.872605925,9003.19816721196,0
375304.687773437,9030.61900694938,0
375331.584020688,9057.95876641293,0
375358.561103966,9085.2172042899,0
375385.618778861,9112.39408002336,0
375412.756800267,9139.48915381487,0
375439.974922388,9166.50218662703,0
375467.272898736,9193.43294018387,0
375494.650482134,9220.28117697378,0
375522.107424724,9247.04666025178,0
375549.643477962,9273.72915404003,0
375577.258392624,9300.32842313069,0
375604.951918808,9326.84423308819,0
375632.723805939,9353.27635024963,0
375660.573802767,9379.62454172775,0
375688.501657371,9405.88857541306,0
375716.507117164,9432.06821997425,0
375744.589928891,9458.16324486115,0
375772.749838636,9484.17342030682,0
375800.986591823,9510.09851732793,0
375829.299933215,9535.93830772767,0
375857.689606922,9561.69256409788,0
375886.155356399,9587.36105981937,0
375914.696924453,9612.94356906476,0
375943.314053242,9638.43986680063,0
375972.006484275,9663.84972878783,0
376000.773958422,9689.17293158423,0
376029.616215912,9714.4092525469,0
376058.532996334,9739.55846983243,0
376087.524038643,9764.62036239951,0
376116.58908116,9789.59471001121,0
376145.727861576,9814.48129323529,0
376174.940116954,9839.2798934466,0
376204.225583732,9863.99029282947,0
376233.583997724,9888.61227437807,0
376263.015094123,9913.1456218985,0
376292.518607508,9937.5901200114,0
376322.094271838,9961.9455541523,0
376351.741820461,9986.21171057344,0
376381.460986117,10010.3883763466,0
376411.251500934,10034.4753393633,0
376441.113096438,10058.4723883366,0
376471.045503553,10082.379312804,0
376501.0484526,10106.1959031277,0
376531.121673304,10129.9219504959,0
376561.264894796,10153.5572469259,0
376591.477845614,10177.1015852649,0
376621.760253707,10200.5547591905,0
376652.111846434,10223.9165632141,0
376682.532350573,10247.1867926817,0
376713.021492318,10270.3652437744,0
376743.578997284,10293.4517135115,0
376774.20459051,10316.4459997515,0
376804.897996458,10339.3479011928,0
376835.658939022,10362.1572173762,0
376866.487141524,10384.8737486864,0
376897.382326721,10407.4972963524,0
376928.344216804,10430.0276624499,0
376959.372533408,10452.4646499033,0
376990.466997602,10474.8080624854,0
377021.627329904,10497.0577048202,0
377052.853250277,10519.2133823843,0
377084.144478134,10541.274901508,0
377115.500732337,10563.2420693759,0
377146.921731204,10585.1146940304,0
377178.407192513,10606.8925843713,0
377209.956833495,10628.5755501574,0
377241.570370849,10650.1634020088,0
377273.247520736,10671.6559514079,0
377304.987998784,10693.0530106998,0
377336.791520093,10714.354393095,0
377368.657799234,10735.5599126706,0
377400.586550255,10756.6693843705,0
377432.577486679,10777.6826240077,0
377464.630321514,10798.5994482661,0
377496.744767245,10819.4196747006,0
377528.920535849,10840.1431217385,0
377561.157338788,10860.7696086825,0
377593.454887015,10881.29895571,0
377625.812890979,10901.730983875,0
377658.231060622,10922.06551511,0
377690.709105389,10942.3023722271,0
377723.246734223,10962.4413789179,0
377755.843655573,10982.4823597568,0
377788.499577396,11002.4251402012,0
377821.214207156,11022.2695465926,0
377853.987251832,11042.0154061577,0
377886.818417915,11061.6625470109,0
377919.707411416,11081.2107981541,0
377952.653937865,11100.6599894779,0
377985.657702316,11120.0099517643,0
378018.718409347,11139.2605166867,0
378051.835763065,11158.4115168103,0
378085.009467108,11177.4627855953,0
378118.239224647,11196.414157397,0
378151.524738389,11215.2654674664,0
378184.865710582,11234.0165519521,0
378218.261843012,11252.6672479019,0
378251.712837012,11271.2173932627,0
378285.218393461,11289.666826882,0
378318.778212787,11308.01538851,0
378352.391994971,11326.2629187998,0
378386.059439548,11344.4092593081,0
378419.780245611,11362.4542524973,0
378453.554111815,11380.3977417366,0
378487.380736375,11398.2395713019,0
378521.259817072,11415.9795863777,0
378555.191051257,11433.6176330586,0
378589.174135851,11451.1535583496,0
378623.208767349,11468.5872101668,0
378657.294641822,11485.9184373398,0
378691.431454919,11503.1470896121,0
378725.618901873,11520.273017641,0
378759.856677499,11537.2960730001,0
378794.144476202,11554.2161081804,0
378828.481991973,11571.03297659,0
378862.868918397,11587.7465325555,0
378897.304948656,11604.3566313243,0
378931.789775529,11620.8631290641,0
378966.323091393,11637.2658828639,0
379000.90458823,11653.5647507359,0
379035.53395763,11669.7595916161,0
379070.210890788,11685.8502653648,0
379104.935078512,11701.8366327675,0
379139.706211224,11717.7185555369,0
379174.523978963,11733.4958963132,0
379209.388071387,11749.1685186638,0
379244.298177775,11764.7362870863,0
379279.253987034,11780.1990670086,0
379314.255187695,11795.5567247889,0
379349.30146792,11810.8091277174,0
379384.392515506,11825.9561440178,0
379419.528017884,11840.9976428471,0
379454.707662122,11855.9334942963,0
379489.93113493,11870.7635693924,0
379525.198122665,11885.4877400989,0
379560.508311326,11900.1058793159,0
379595.861386562,11914.6178608811,0
379631.257033676,11929.0235595716,0
379666.694937624,11943.3228511044,0
379702.174783018,11957.5156121357,0
379737.696254131,11971.6017202635,0
379773.259034902,11985.5810540284,0
379808.86280893,11999.4534929132,0
379844.507259484,12013.2189173437,0
379880.192069507,12026.877208691,0
379915.91692161,12040.4282492712,0
379951.681498086,12053.8719223459,0
379987.485480901,12067.2081121231,0
380023.328551707,12080.436703759,0
380059.21039184,12093.5575833577,0
380095.13068232,12106.5706379713,0
380131.089103861,12119.4757556023,0
380167.085336866,12132.2728252037,0
380203.119061437,12144.961736679,0
380239.189957368,12157.5423808831,0
380275.29770416,12170.0146496242,0
380311.441981015,12182.3784356633,0
380347.62246684,12194.6336327148,0
380383.83884025,12206.7801354477,0
380420.090779575,12218.8178394864,0
380456.377962858,12230.7466414113,0
380492.700067857,12242.5664387585,0
380529.056772051,12254.2771300214,0
380565.447752642,12265.8786146518,0
380601.872686558,12277.3707930596,0
380638.33125045,12288.7535666129,0
380674.823120706,12300.0268376401,0
380711.347973444,12311.1905094303,0
380747.905484518,12322.2444862328,0
380784.495329519,12333.1886732579,0
380821.117183784,12344.0229766787,0
380857.770722392,12354.7473036312,0
380894.455620167,12365.3615622137,0
380931.171551685,12375.8656614884,0
380967.918191272,12386.2595114822,0
381004.695213014,12396.5430231873,0
381041.502290748,12406.7161085603,0
381078.339098076,12416.7786805241,0
381115.205308363,12426.7306529686,0
381152.100594739,12436.5719407507,0
381189.024630101,12446.3024596942,0
381225.97708712,12455.9221265913,0
381262.95763824,12465.4308592031,0
381299.965955684,12474.8285762598,0
381337.001711451,12484.1151974607,0
381374.064577323,12493.2906434753,0
381411.15422487,12502.3548359441,0
381448.270325448,12511.3076974786,0
381485.412550201,12520.1491516611,0
381522.580570068,12528.8791230464,0
381559.774055787,12537.4975371619,0
381596.992677891,12546.0043205078,0
381634.236106715,12554.3994005571,0
381671.504012396,12562.6827057569,0
381708.796064884,12570.8541655288,0
381746.111933933,12578.9137102688,0
381783.451289112,12586.8612713475,0
381820.8137998,12594.6967811111,0
381858.199135202,12602.4201728822,0
381895.606964339,12610.0313809592,0
381933.036956053,12617.530340617,0
381970.488779015,12624.9169881074,0
382007.962101722,12632.19126066,0
382045.456592509,12639.3530964822,0
382082.971919536,12646.4024347589,0
382120.507750803,12653.3392156537,0
382158.063754152,12660.1633803092,0
382195.639597268,12666.8748708473,0
382233.234947677,12673.4736303691,0
382270.849472752,12679.9596029551,0
382308.48283972,12686.3327336666,0
382346.134715661,12692.5929685454,0
382383.80476751,12698.7402546138,0
382421.492662058,12704.7745398748,0
382459.19806596,12710.6957733133,0
382496.920645736,12716.5039048958,0
382534.660067773,12722.1988855708,0
382572.415998322,12727.7806672686,0
382610.18810351,12733.2492029021,0
382647.976049342,12738.6044463674,0
382685.779501698,12743.8463525434,0
382723.598126335,12748.9748772919,0
382761.431588896,12753.9899774584,0
382799.279554913,12758.8916108725,0
382837.141689802,12763.6797363475,0
382875.017658871,12768.3543136807,0
382912.907127324,12772.9153036541,0
382950.809760259,12777.3626680343,0
382988.725222678,12781.6963695729,0
383026.653179479,12785.916372006,0
383064.593295469,12790.0226400555,0
383102.545235363,12794.0151394286,0
383140.508663784,12797.8938368179,0
383178.483245268,12801.6586999019,0
383216.468644269,12805.3096973451,0
383254.464525159,12808.8467987981,0
383292.47055223,12812.2699748978,0
383330.486389698,12815.5791972672,0
383368.511701707,12818.7744385163,0
383406.54615233,12821.8556722417,0
383444.589405572,12824.8228730265,0
383482.641125371,12827.6760164411,0
383520.700975606,12830.4150790429,0
383558.768620095,12833.0400383764,0
383596.843722597,12835.5508729733,0
383634.925946818,12837.9475623529,0
383673.014956416,12840.2300870218,0
383711.110414994,12842.3984284744,0
383749.211986112,12844.4525691923,0
383787.319333289,12846.3924926452,0
383825.432119999,12848.2181832906,0
383863.55000968,12849.9296265734,0
383901.672665735,12851.5268089269,0
383939.799751536,12853.0097177721,0
383977.930930421,12854.378341518,0
384016.065865705,12855.6326695616,0
384054.204220677,12856.7726922881,0
384092.345658605,12857.7984010705,0
384130.489842737,12858.7097882701,0
384168.636436306,12859.5068472362,0
384206.785102531,12860.1895723063,0
384244.935504621,12860.757958806,0
384283.087305777,12861.2120030488,0
384321.240169192,12861.5517023364,0
384359.393758061,12861.7770549587,0
384397.547735575,12861.8880601934,0
384435.701764931,12861.8847183063,0
384473.85550933,12861.7670305512,0
384512.008631982,12861.5349991696,0
384550.160796107,12861.1886273911,0
384588.311664939,12860.727919433,0
384626.460901731,12860.1528805003,0
384664.608169751,12859.4635167856,0
384702.753132291,12858.6598354693,0
384740.89545267,12857.7418447192,0
384779.03479423,12856.7095536903,0
384817.170820345,12855.5629725252,0
384855.303194424,12854.3021123535,0
384893.431579907,12852.9269852922,0
384931.555640275,12851.4376044448,0
384969.675039051,12849.8339839021,0
385007.789439799,12848.1161387415,0
385045.898506132,12846.2840850269,0
385084.001901709,12844.3378398087,0
385122.099290242,12842.2774211237,0
385160.190335501,12840.1028479948,0
385198.274701308,12837.8141404309,0
385236.352051547,12835.4113194268,0
385274.422050165,12832.8944069628,0
385312.484361176,12830.2634260048,0
385350.538648658,12827.518400504,0
385388.584576763,12824.6593553968,0
385426.621809717,12821.6863166043,0
385464.650011819,12818.5993110324,0
385502.66884745,12815.3983665716,0
385540.67798107,12812.0835120965,0
385578.677077228,12808.6547774659,0
385616.665800554,12805.1121935225,0
385654.643815771,12801.4557920924,0
385692.610787697,12797.6856059851,0
385730.566381239,12793.8016689933,0
385768.510261408,12789.8040158926,0
385806.442093312,12785.6926824409,0
385844.361542165,12781.4677053787,0
385882.268273284,12777.1291224286,0
385920.161952096,12772.6769722948,0
385958.042244141,12768.111294663,0
385995.908815073,12763.4321302,0
386033.76133066,12758.639520554,0
386071.599456792,12753.7335083532,0
386109.422859482,12748.7141372062,0
386147.231204867,12743.5814517019,0
386185.02415921,12738.3354974086,0
386222.801388907,12732.9763208739,0
386260.562560489,12727.5039696242,0
386298.307340617,12721.918492165,0
386336.035396095,12716.2199379798,0
386373.746393867,12710.40835753,0
386411.440001022,12704.4838022543,0
386449.115884795,12698.4463245693,0
386486.773712568,12692.295977868,0
386524.41315188,12686.0328165197,0
386562.033870422,12679.6568958697,0
386599.635536042,12673.1682722394,0
386637.217816749,12666.5670029255,0
386674.780380714,12659.8531461988,0
386712.322896279,12653.026761305,0
386749.845031945,12646.0879084639,0
386787.346456391,12639.036648869,0
386824.826838467,12631.8730446866,0
386862.285847203,12624.5971590555,0
386899.723151804,12617.2090560874,0
386937.138421656,12609.7088008657,0
386974.531326334,12602.0964594449,0
387011.901535599,12594.3720988501,0
387049.248719401,12586.5357870773,0
387086.57254788,12578.5875930928,0
387123.872691377,12570.5275868315,0
387161.148820428,12562.3558391974,0
387198.40060577,12554.0724220633,0
387235.627718342,12545.6774082702,0
387272.829829291,12537.170871626,0
387310.006609975,12528.5528869054,0
387347.15773196,12519.8235298499,0
387384.282867025,12510.9828771672,0
387421.38168717,12502.0310065297,0
387458.453864615,12492.9679965743,0
387495.499071799,12483.793926903,0
387532.516981385,12474.5088780814,0
387569.507266269,12465.1129316376,0
387606.469599574,12455.6061700623,0
387643.403654657,12445.9886768085,0
387680.30910511,12436.260536291,0
387717.185624763,12426.4218338845,0
387754.032887691,12416.472655924,0
387790.850568209,12406.4130897045,0
387827.638340878,12396.2432234803,0
387864.395880512,12385.9631464631,0
387901.122862175,12375.5729488225,0
387937.818961185,12365.072721686,0
387974.483853118,12354.4625571371,0
388011.11721381,12343.7425482149,0
388047.718719361,12332.9127889134,0
388084.288046134,12321.973374182,0
388120.824870761,12310.9243999237,0
388157.328870147,12299.7659629939,0
388193.799721467,12288.498161201,0
388230.237102174,12277.1210933056,0
388266.640689999,12265.6348590191,0
388303.010162957,12254.0395590027,0
388339.345199343,12242.3352948679,0
388375.645477743,12230.5221691757,0
388411.910677028,12218.6002854345,0
388448.140476368,12206.5697481001,0
388484.334555221,12194.4306625759,0
388520.492593346,12182.1831352113,0
388556.614270802,12169.8272733003,0
388592.699267952,12157.3631850818,0
388628.747265461,12144.7909797389,0
388664.757944306,12132.1107673976,0
388700.730985773,12119.3226591254,0
388736.666071464,12106.4267669321,0
388772.562883294,12093.4232037682,0
388808.421103498,12080.3120835238,0
388844.240414636,12067.0935210277,0
388880.020499588,12053.7676320477,0
388915.761041562,12040.334533289,0
388951.461724098,12026.794342393,0
388987.122231066,12013.1471779367,0
389022.742246672,11999.393159433,0
389058.321455458,11985.5324073285,0
389093.85954231,11971.5650430025,0
389129.356192454,11957.4911887672,0
389164.811091461,11943.3109678668,0
389200.223925254,11929.0245044754,0
389235.594380104,11914.6319236968,0
389270.922142637,11900.1333515646,0
389306.206899833,11885.5289150398,0
389341.448339034,11870.8187420103,0
389376.646147944,11856.0029612904,0
389411.800014627,11841.0817026202,0
389446.909627517,11826.0550966636,0
389481.97467542,11810.9232750074,0
389516.994847509,11795.6863701621,0
389551.969833335,11780.3445155591,0
389586.899322826,11764.8978455502,0
389621.783006291,11749.3464954068,0
389656.62057442,11733.6906013197,0
389691.41171829,11717.9303003968,0
389726.156129366,11702.0657306623,0
389760.853499503,11686.0970310569,0
389795.503520949,11670.024341436,0
389830.105886352,11653.8478025679,0
389864.660288753,11637.5675561341,0
389899.166421598,11621.1837447283,0
389933.623978736,11604.696511854,0
389968.032654424,11588.1060019244,0
390002.392143325,11571.4123602619,0
390036.702140517,11554.6157330963,0
390070.962341491,11537.7162675632,0
390105.172442156,11520.714111704,0
390139.33213884,11503.6094144651,0
390173.441128295,11486.4023256953,0
390207.499107696,11469.0929961455,0
390241.505774646,11451.6815774686,0
390275.460827179,11434.168222217,0
390309.363963764,11416.5530838414,0
390343.214883301,11398.8363166912,0
390377.01328513,11381.0180760122,0
390410.758869035,11363.0985179454,0
390444.45133524,11345.0777995261,0
390478.090384413,11326.9560786837,0
390511.675717677,11308.7335142389,0
390545.207036601,11290.410265903,0
390578.684043209,11271.9864942782,0
390612.106439983,11253.4623608547,0
390645.473929862,11234.8380280096,0
390678.786216249,11216.1136590068,0
390712.043003008,11197.2894179954,0
390745.243994474,11178.3654700079,0
390778.388895449,11159.3419809591,0
390811.477411206,11140.2191176461,0
390844.509247494,11120.9970477455,0
390877.484110541,11101.6759398126,0
390910.401707053,11082.255963281,0
390943.261744217,11062.7372884606,0
390976.063929708,11043.1200865358,0
391008.807971687,11023.4045295655,0
391041.493578805,11003.5907904816,0
391074.120460207,10983.6790430863,0
391106.688325533,10963.6694620523,0
391139.19688492,10943.5622229216,0
391171.645849006,10923.357502103,0
391204.034928933,10903.0554768711,0
391236.363836347,10882.6563253665,0
391268.632283403,10862.1602265926,0
391300.839982768,10841.5673604143,0
391332.986647621,10820.8779075584,0
391365.071991657,10800.092049611,0
391397.095729091,10779.2099690155,0
391429.057574656,10758.2318490725,0
391460.957243611,10737.1578739384,0
391492.794451741,10715.988228623,0
391524.568915359,10694.7230989884,0
391556.28035131,10673.362671749,0
391587.928476973,10651.9071344681,0
391619.513010261,10630.356675557,0
391651.03366963,10608.711484275,0
391682.490174073,10586.9717507265,0
391713.882243131,10565.1376658594,0
391745.209596888,10543.2094214649,0
391776.47195598,10521.1872101754,0
391807.669041592,10499.0712254624,0
391838.800575467,10476.8616616359,0
391869.866279899,10454.5587138434,0
391900.865877745,10432.1625780665,0
391931.799092424,10409.673451121,0
391962.665647918,10387.0915306557,0
391993.465268774,10364.4170151493,0
392024.197680112,10341.6501039096,0
392054.86260762,10318.7909970733,0
392085.459777563,10295.8398956023,0
392115.988916782,10272.7970012831,0
392146.449752696,10249.6625167261,0
392176.842013307,10226.4366453627,0
392207.165427201,10203.119591444,0
392237.41972355,10179.7115600402,0
392267.604632116,10156.2127570383,0
392297.719883254,10132.6233891397,0
392327.765207909,10108.9436638602,0
392357.740337627,10085.1737895279,0
392387.645004551,10061.3139752802,0
392417.478941426,10037.3644310643,0
392447.2418816,10013.3253676346,0
392476.933559031,9989.19699655024,0
392506.553708281,9964.97953017473,0
392536.102064528,9940.6731816743,0
392565.578363561,9916.27816501486,0
392594.982341787,9891.79469496158,0
392624.31373623,9867.22298707746,0
392653.572284537,9842.56325772014,0
392682.757724979,9817.81572404135,0
392711.86979645,9792.98060398566,0
392740.908238477,9768.05811628725,0
392769.872791216,9743.04848046907,0
392798.763195454,9717.9519168419,0
392827.579192618,9692.76864650095,0
392856.320524771,9667.4988913249,0
392884.986934616,9642.1428739751,0
392913.578165502,9616.70081789212,0
392942.093961422,9591.17294729463,0
392970.534067015,9565.55948717873,0
392998.898227572,9539.86066331442,0
393027.186189039,9514.07670224442,0
393055.397698013,9488.2078312835,0
393083.532501751,9462.25427851499,0
393111.59034817,9436.21627278949,0
393139.570985848,9410.09404372415,0
393167.474164028,9383.88782169931,0
393195.299632622,9357.597837857,0
393223.047142208,9331.22432410033,0
393250.716444038,9304.76751309004,0
393278.30729004,9278.22763824299,0
393305.819432813,9251.60493373154,0
393333.252625641,9224.89963448003,0
393360.606622485,9198.11197616334,0
393387.881177991,9171.24219520613,0
393415.076047491,9144.29052877938,0
393442.190987006,9117.25721479888,0
393469.225753246,9090.14249192447,0
393496.180103614,9062.94659955654,0
393523.053796211,9035.66977783451,0
393549.846589832,9008.31226763607,0
393576.558243973,8980.87431057354,0
393603.188518834,8953.35614899249,0
393629.737175316,8925.75802597086,0
393656.203975032,8898.08018531527,0
393682.588680298,8870.32287155971,0
393708.891054146,8842.48632996456,0
393735.110860319,8814.57080651285,0
393761.247863278,8786.57654790908,0
393787.301828201,8758.50380157804,0
393813.272520987,8730.35281566108,0
393839.159708257,8702.12383901505,0
393864.963157357,8673.81712121092,0
393890.682636363,8645.43291253001,0
393916.317914077,8616.97146396319,0
393941.868760035,8588.4330272091,0
393967.334944505,8559.81785467057,0
393992.716238495,8531.12619945386,0
394018.012413748,8502.35831536659,0
394043.223242749,8473.51445691435,0
394068.348498726,8444.5948793,0
394093.387955652,8415.59983842125,0
394118.341388249,8386.52959086746,0
394143.208571986,8357.3843939191,0
394167.989283085,8328.1645055448,0
394192.683298523,8298.87018439859,0
394217.290396032,8269.50168981922,0
394241.810354103,8240.05928182696,0
394266.242951987,8210.54322112108,0
394290.587969699,8180.95376907922,0
394314.845188017,8151.29118775364,0
394339.014388489,8121.55573986936,0
394363.095353428,8091.7476888231,0
394387.087865923,8061.86729867944,0
394410.991709835,8031.91483416931,0
394434.806669798,8001.8905606886,0
394458.532531227,7971.79474429423,0
394482.169080317,7941.62765170307,0
394505.716104043,7911.38955028995,0
394529.173390167,7881.080708084,0
394552.540727234,7850.70139376782,0
394575.817904579,7820.25187667479,0
394599.00471233,7789.73242678592,0
394622.100941403,7759.14331472902,0
394645.106383513,7728.48481177547,0
394668.020831169,7697.75718983759,0
394690.84407768,7666.96072146771,0
394713.575917156,7636.09567985443,0
394736.216144509,7605.16233882064,0
394758.764555458,7574.16097282221,0
394781.220946528,7543.09185694402,0
394803.585115053,7511.95526689859,0
394825.856859178,7480.7514790241,0
394848.035977862,7449.48077028058,0
394870.12227088,7418.14341824902,0
394892.115538822,7386.73970112847,0
394914.0155831,7355.26989773286,0
394935.822205945,7323.73428749012,0
394957.535210412,7292.13315043864,0
394979.154400383,7260.46676722474,0
395000.679580564,7228.7354191016,0
395022.110556495,7196.93938792514,0
395043.447134542,7165.07895615248,0
395064.689121908,7133.15440683997,0
395085.836326629,7101.16602363927,0
395106.88855758,7069.1140907963,0
395127.845624474,7036.99889314839,0
395148.707337865,7004.82071612094,0
395169.47350915,6972.57984572646,0
395190.143950572,6940.27656856087,0
395210.718475218,6907.91117180113,0
395231.196897027,6875.48394320382,0
395251.579030787,6842.995171101,0
395271.864692138,6810.4451443988,0
395292.053697576,6777.83415257502,0
395312.145864452,6745.16248567535,0
395332.141010975,6712.43043431239,0
395352.038956215,6679.63828966217,0
395371.839520104,6646.78634346134,0
395391.542523437,6613.8748880059,0
395411.147787874,6580.90421614712,0
395430.655135945,6547.8746212897,0
395450.064391045,6514.7863973897,0
395469.375377445,6481.63983895051,0
395488.587920285,6448.43524102176,0
395507.701845582,6415.17289919595,0
395526.716980228,6381.85310960548,0
395545.633151995,6348.47616892129,0
395564.450189533,6315.0423743488,0
395583.167922376,6281.55202362601,0
395601.786180939,6248.00541502128,0
395620.304796526,6214.40284732934,0
395638.723601325,6180.74461987019,0
395657.042428414,6147.03103248541,0
395675.261111762,6113.2623855355,0
395693.37948623,6079.43897989823,0
395711.397387573,6045.56111696446,0
395729.314652442,6011.62909863654,0
395747.131118385,5977.64322732555,0
395764.84662385,5943.60380594763,0
395782.461008186,5909.51113792274,0
395799.974111643,5875.36552717068,0
395817.385775377,5841.1672781088,0
395834.695841448,5806.91669564991,0
395851.904152827,5772.61408519816,0
395869.01055339,5738.2597526477,0
395886.014887927,5703.85400437917,0
395902.917002139,5669.3971472567,0
395919.716742641,5634.8894886263,0
395936.413956964,5600.33133631157,0
395953.008493558,5565.72299861208,0
395969.500201789,5531.0647843003,0
395985.888931945,5496.35700261814,0
396002.174535236,5461.59996327546,0
396018.356863796,5426.7939764459,0
396034.435770684,5391.93935276489,0
396050.411109886,5357.03640332691,0
396066.282736315,5322.08543968177,0
396082.050505815,5287.08677383311,0
396097.714275161,5252.04071823433,0
396113.273902062,5216.94758578635,0
396128.72924516,5181.8076898351,0
396144.080164034,5146.62134416757,0
396159.326519199,5111.3888630103,0
396174.46817211,5076.11056102543,0
396189.504985163,5040.78675330823,0
396204.436821693,5005.41775538469,0
396219.263545982,4970.00388320749,0
396233.985023254,4934.54545315447,0
396248.601119681,4899.04278202466,0
396263.111702381,4863.49618703579,0
396277.516639422,4827.90598582177,0
396291.815799821,4792.27249642873,0
396306.00905355,4756.59603731346,0
396320.096271531,4720.87692733927,0
396334.077325641,4685.11548577369,0
396347.952088715,4649.3120322857,0
396361.720434544,4613.46688694194,0
396375.382237876,4577.58037020497,0
396388.937374423,4541.65280292913,0
396402.385720855,4505.68450635836,0
396415.727154806,4469.67580212313,0
396428.961554873,4433.62701223687,0
396442.08880062,4397.53845909411,0
396455.108772576,4361.4104654662,0
396468.02135224,4325.24335449944,0
396480.826422077,4289.03744971146,0
396493.523865524,4252.79307498816,0
396506.113566991,4216.51055458145,0
396518.59541186,4180.1902131051,0
396530.969286486,4143.83237553291,0
396543.2350782,4107.43736719474,0
396555.39267531,4071.00551377398,0
396567.441967103,4034.53714130464,0
396579.382843842,3998.03257616762,0
396591.215196773,3961.49214508876,0
396602.938918122,3924.91617513457,0
396614.553901098,3888.30499371026,0
396626.060039893,3851.65892855602,0
396637.457229685,3814.97830774405,0
396648.745366637,3778.26345967598,0
396659.9243479,3741.51471307892,0
396670.994071611,3704.73239700347,0
396681.954436901,3667.91684081952,0
396692.805343886,3631.06837421414,0
396703.546693677,3594.1873271879,0
396714.178388376,3557.27403005183,0
396724.70033108,3520.32881342482,0
396735.112425879,3483.35200822962,0
396745.414577861,3446.34394569084,0
396755.606693109,3409.30495733074,0
396765.688678703,3372.23537496702,0
396775.660442725,3335.13553070913,0
396785.521894254,3298.00575695533,0
396795.272943371,3260.84638638976,0
396804.913501159,3223.65775197877,0
396814.443479703,3186.44018696862,0
396823.862792092,3149.19402488134,0
396833.171352419,3111.91959951259,0
396842.369075785,3074.61724492761,0
396851.455878295,3037.28729545879,0
396860.431677064,2999.93008570207,0
396869.296390211,2962.54595051389,0
396878.04993687,2925.13522500825,0
396886.69223718,2887.69824455304,0
396895.223212295,2850.2353447676,0
396903.642784378,2812.74686151866,0
396911.950876607,2775.23313091808,0
396920.147413171,2737.69448931884,0
396928.232319278,2700.13127331255,0
396936.205521145,2662.54381972568,0
396944.06694601,2624.93246561683,0
396951.816522127,2587.29754827326,0
396959.454178765,2549.63940520773,0
396966.979846214,2511.95837415547,0
396974.393455784,2474.25479307061,0
396981.694939801,2436.52900012354,0
396988.884231616,2398.78133369695,0
396995.961265598,2361.01213238347,0
397002.925977141,2323.22173498154,0
397009.778302661,2285.41048049313,0
397016.518179596,2247.5787081196,0
397023.14554641,2209.72675725928,0
397029.660342591,2171.85496750356,0
397036.062508654,2133.96367863425,0
397042.351986138,2096.05323061981,0
397048.528717611,2058.12396361257,0
397054.592646668,2020.17621794511,0
397060.543717931,1982.21033412733,0
397066.381877053,1944.22665284294,0
397072.107070713,1906.22551494642,0
397077.719246623,1868.2072614596,0
397083.218353525,1830.17223356853,0
397088.604341192,1792.12077262015,0
397093.877160427,1754.05322011906,0
397099.036763067,1715.96991772424,0
397104.083101982,1677.87120724581,0
397109.016131074,1639.75743064173,0
397113.835805279,1601.62893001456,0
397118.542080568,1563.48604760816,0
397123.134913947,1525.32912580447,0
397127.614263455,1487.15850712014,0
397131.98008817,1448.97453420338,0
397136.232348204,1410.77754983051,0
397140.371004705,1372.5678969029,0
397144.39601986,1334.34591844344,0
397148.307356893,1296.11195759351,0
397152.104980065,1257.86635760939,0
397155.788854675,1219.60946185935,0
397159.358947062,1181.34161381992,0
397162.815224603,1143.06315707307,0
397166.157655715,1104.77443530243,0
397169.386209855,1066.47579229047,0
397172.500857518,1028.16757191477,0
397175.501570242,989.850118145056,0
397178.388320604,951.523775039721,0
397181.161082222,913.188886742552,0
397183.819829758,874.845797479499,0
397186.364538912,836.494851555214,0
397188.795186427,798.136393349997,0
397191.11175009,759.770767316181,0
397193.314208727,721.398317975113,0
397195.402542209,683.019389913638,0
397197.37673145,644.634327780895,0
397199.236758406,606.243476285015,0
397200.982606076,567.847180189689,0
397202.614258503,529.445784311026,0
397204.131700774,491.039633514123,0
397205.534919019,452.629072709762,0
397206.823900412,414.214446851172,0
397207.998633172,375.796100930592,0
397209.059106561,337.374379976076,0
397210.005310885,298.949629048116,0
397210.837237497,260.522193236305,0
397211.554878791,222.092417656058,0
397212.158228209,183.660647445317,0
397212.647280234,145.227227761164,0
397213.022030398,106.792503776544,0
397213.282475273,68.356820676944,0
397213.428612481,29.9205236570928,0
397213.460440684,-8.51604208239646,0
397213.377959592,-46.9525313383404,0
397213.181169959,-85.3885989082769,0
397212.870073584,-123.823899593783,0
397212.44467331,-162.258088203831,0
397211.904973026,-200.690819558073,0
397211.250977665,-239.121748490185,0
397210.482693205,-277.550529851153,0
397209.600126668,-315.976818512624,0
397208.603286122,-354.400269370195,0
397207.492180679,-392.820537346767,0
397206.266820493,-431.237277395824,0
397204.927216766,-469.650144504758,0
397203.473381741,-508.058793698201,0
397201.905328708,-546.462880041363,0
397200.223071999,-584.862058643245,0
397198.426626988,-623.255984660077,0
397196.516010097,-661.644313298585,0
397194.491238787,-700.026699819244,0
397192.352331565,-738.402799539697,0
397190.099307979,-776.772267837983,0
397187.732188621,-815.134760155858,0
397185.250995126,-853.489932002199,0
397182.655750169,-891.837438956105,0
397179.946477469,-930.176936670469,0
397177.123201785,-968.508080875055,0
397174.185948921,-1006.83052737993,0
397171.134745717,-1045.14393207875,0
397167.969620059,-1083.44795095196,0
397164.690600869,-1121.74224007035,0
397161.297718113,-1160.02645559796,0
397157.791002795,-1198.30025379582,0
397154.170486959,-1236.56329102486,0
397150.436203687,-1274.81522374949,0
397146.588187103,-1313.0557085407,0
397142.626472366,-1351.28440207945,0
397138.551095674,-1389.50096115999,0
397134.362094265,-1427.705042693,0
397130.059506411,-1465.89630370909,0
397125.643371424,-1504.07440136183,0
397121.113729649,-1542.23899293134,0
397116.470622469,-1580.38973582721,0
397111.714092303,-1618.52628759218,0
397106.844182603,-1656.64830590498,0
397101.860937858,-1694.75544858409,0
397096.764403589,-1732.84737359049,0
397091.554626352,-1770.92373903146,0
397086.231653735,-1808.9842031633,0
397080.795534359,-1847.02842439519,0
397075.246317877,-1885.05606129185,0
397069.584054973,-1923.06677257738,0
397063.808797363,-1961.06021713793,0
397057.920597791,-1999.03605402559,0
397051.919510033,-2036.993942461,0
397045.805588894,-2074.93354183721,0
397039.578890206,-2112.85451172235,0
397033.239470829,-2150.75651186347,0
397026.787388653,-2188.63920218916,0
397020.22270259,-2226.50224281341,0
397013.545472583,-2264.34529403824,0
397006.755759596,-2302.16801635759,0
396999.85362562,-2339.97007045983,0
396992.83913367,-2377.75111723171,0
396985.712347784,-2415.51081776092,0
396978.473333021,-2453.24883333994,0
396971.122155464,-2490.96482546868,0
396963.658882216,-2528.65845585818,0
396956.0835814,-2566.32938643347,0
396948.396322161,-2603.97727933701,0
396940.597174659,-2641.6017969318,0
396932.686210075,-2679.20260180452,0
396924.663500607,-2716.77935676897,0
396916.529119468,-2754.33172486886,0
396908.283140888,-2791.85936938158,0
396899.925640113,-2829.36195382066,0
396891.456693399,-2866.83914193979,0
396882.876378021,-2904.29059773514,0
396874.18477226,-2941.71598544939,0
396865.381955414,-2979.11496957408,0
396856.46800779,-3016.48721485354,0
396847.443010702,-3053.83238628747,0
396838.307046476,-3091.15014913444,0
396829.060198446,-3128.440168915,0
396819.702550951,-3165.7021114146,0
396810.234189338,-3202.93564268726,0
396800.655199958,-3240.14042905798,0
396790.965670167,-3277.31613712674,0
396781.165688325,-3314.46243377074,0
396771.255343792,-3351.57898614846,0
396761.234726931,-3388.66546170196,0
396751.103929106,-3425.72152816056,0
396740.863042679,-3462.7468535438,0
396730.512161012,-3499.74110616436,0
396720.051378462,-3536.7039546317,0
396709.480790384,-3573.63506785435,0
396698.800493128,-3610.53411504404,0
396688.010584038,-3647.40076571777,0
396677.111161453,-3684.23468970176,0
396666.1023247,-3721.03555713398,0
396654.984174101,-3757.80303846746,0
396643.756810967,-3794.53680447358,0
396632.420337595,-3831.23652624446,0
396620.974857275,-3867.90187519711,0
396609.420474279,-3904.53252307527,0
396597.757293866,-3941.12814195362,0
396585.985422281,-3977.68840423999,0
396574.104966749,-4014.21298267881,0
396562.116035479,-4050.70155035433,0
396550.018737662,-4087.15378069297,0
396537.813183466,-4123.56934746737,0
396525.499484038,-4159.94792479834,0
396513.077751505,-4196.28918715888,0
396500.548098967,-4232.59280937653,0
396487.910640499,-4268.85846663654,0
396475.165491152,-4305.08583448533,0
396462.312766948,-4341.27458883258,0
396449.352584879,-4377.4244059554,0
396436.285062909,-4413.53496250019,0
396423.110319968,-4449.60593548647,0
396409.828475957,-4485.6370023096,0
396396.439651738,-4521.62784074336,0
396382.943969143,-4557.57812894388,0
396369.341550964,-4593.48754545139,0
396355.632520956,-4629.35576919435,0
396341.817003836,-4665.18247949167,0
396327.895125277,-4700.96735605573,0
396313.867011914,-4736.71007899597,0
396299.732791337,-4772.41032882069,0
396285.492592091,-4808.06778644131,0
396271.146543675,-4843.68213317419,0
396256.694776542,-4879.25305074413,0
396242.137422094,-4914.78022128747,0
396227.474612686,-4950.26332735413,0
396212.706481617,-4985.70205191175,0
396197.833163136,-5021.09607834746,0
396182.854792438,-5056.44509047146,0
396167.771505661,-5091.74877251995,0
396152.583439884,-5127.0068091572,0
396137.290733129,-5162.21888547975,0
396121.893524359,-5197.38468701795,0
396106.391953473,-5232.50389973973,0
396090.786161306,-5267.57621005331,0
396075.076289632,-5302.6013048094,0
396059.262481155,-5337.57887130523,0
396043.344879514,-5372.5085972862,0
396027.323629276,-5407.39017094945,0
396011.198875938,-5442.22328094673,0
395994.970765928,-5477.00761638638,0
395978.639446594,-5511.7428668375,0
395962.205066215,-5546.42872233145,0
395945.667773987,-5581.06487336539,0
395929.027720032,-5615.65101090526,0
395912.285055389,-5650.18682638753,0
395895.439932017,-5684.67201172342,0
395878.492502791,-5719.10625930051,0
395861.442921499,-5753.48926198596,0
395844.291342846,-5787.82071312972,0
395827.037922447,-5822.1003065661,0
395809.682816827,-5856.32773661796,0
395792.226183418,-5890.50269809851,0
395774.668180562,-5924.62488631401,0
395757.008967505,-5958.69399706749,0
395739.248704394,-5992.70972666005,0
395721.387552282,-6026.67177189477,0
395703.425673119,-6060.57983007906,0
395685.363229755,-6094.43359902672,0
395667.200385936,-6128.23277706197,0
395648.937306304,-6161.97706302078,0
395630.574156392,-6195.66615625432,0
395612.111102628,-6229.29975663186,0
395593.548312326,-6262.87756454231,0
395574.885953693,-6296.39928089836,0
395556.124195817,-6329.86460713813,0
395537.263208674,-6363.27324522782,0
395518.303163123,-6396.62489766536,0
395499.244230901,-6429.91926748157,0
395480.086584629,-6463.15605824395,0
395460.830397801,-6496.33497405914,0
395441.47584479,-6529.45571957459,0
395422.02310084,-6562.51799998267,0
395402.47234207,-6595.52152102208,0
395382.823745467,-6628.4659889807,0
395363.077488887,-6661.35111069896,0
395343.233751054,-6694.17659357106,0
395323.292711556,-6726.94214554869,0
395303.254550843,-6759.64747514342,0
395283.119450226,-6792.29229142825,0
395262.887591877,-6824.87630404179,0
395242.559158825,-6857.39922318955,0
395222.134334952,-6889.86075964665,0
395201.613304996,-6922.26062476129,0
395180.996254546,-6954.59853045581,0
395160.283370041,-6986.8741892303,0
395139.474838767,-7019.08731416511,0
395118.570848857,-7051.23761892219,0
395097.571589288,-7083.32481774919,0
395076.477249879,-7115.34862548091,0
395055.288021288,-7147.30875754161,0
395034.004095012,-7179.2049299487,0
395012.625663385,-7211.03685931375,0
394991.152919574,-7242.8042628457,0
394969.58605758,-7274.50685835374,0
394947.925272233,-7306.14436424839,0
394926.170759193,-7337.71649954532,0
394904.322714943,-7369.22298386735,0
394882.381336795,-7400.663537446,0
394860.34682288,-7432.03788112545,0
394838.219372151,-7463.34573636381,0
394815.999184379,-7494.58682523546,0
394793.686460151,-7525.7608704346,0
394771.28140087,-7556.86759527619,0
394748.784208749,-7587.90672369904,0
394726.195086813,-7618.8779802687,0
394703.514238895,-7649.78109017835,0
394680.741869635,-7680.61577925256,0
394657.878184474,-7711.38177394933,0
394634.923389659,-7742.07880136132,0
394611.877692236,-7772.70658921989,0
394588.741300046,-7803.26486589638,0
394565.514421731,-7833.75336040405,0
394542.197266722,-7864.17180240178,0
394518.790045244,-7894.51992219505,0
394495.292968313,-7924.79745073849,0
394471.70624773,-7955.0041196391,0
394448.030096082,-7985.13966115709,0
394424.26472674,-8015.20380820899,0
394400.410353856,-8045.19629437031,0
394376.467192361,-8075.1168538764,0
394352.435457962,-8104.96522162599,0
394328.315367141,-8134.74113318326,0
394304.107137155,-8164.44432477892,0
394279.810986029,-8194.07453331395,0
394255.427132556,-8223.63149636118,0
394230.955796297,-8253.11495216667,0
394206.397197576,-8282.52463965351,0
394181.751557479,-8311.86029842293,0
394157.01909785,-8341.12166875614,0
394132.200041294,-8370.30849161792,0
394107.294611168,-8399.42050865748,0
394082.303031584,-8428.45746221074,0
394057.225527404,-8457.41909530357,0
394032.062324238,-8486.30515165253,0
394006.813648445,-8515.11537566756,0
393981.479727124,-8543.84951245481,0
393956.060788121,-8572.50730781735,0
393930.557060018,-8601.08850825821,0
393904.968772135,-8629.59286098283,0
393879.29615453,-8658.02011389975,0
393853.539437992,-8686.37001562391,0
393827.698854039,-8714.6423154788,0
393801.774634922,-8742.83676349718,0
393775.767013615,-8770.95311042455,0
393749.676223816,-8798.991107721,0
393723.502499947,-8826.95050756202,0
393697.246077149,-8854.83106284208,0
393670.907191278,-8882.63252717622,0
393644.486078906,-8910.35465490093,0
393617.98297732,-8937.99720107787,0
393591.398124515,-8965.55992149513,0
393564.731759194,-8993.04257266832,0
393537.984120766,-9020.44491184421,0
393511.155449345,-9047.7666970019,0
393484.245985744,-9075.00768685393,0
393457.255971477,-9102.16764084997,0
393430.185648753,-9129.24631917778,0
393403.035260475,-9156.24348276451,0
393375.80505024,-9183.15889328023,0
393348.495262331,-9209.99231313887,0
393321.106141722,-9236.74350549957,0
393293.63793407,-9263.41223427012,0
393266.090885714,-9289.9982641079,0
393238.465243674,-9316.50136042121,0
393210.761255648,-9342.92128937267,0
393182.97917001,-9369.25781788015,0
393155.119235805,-9395.51071361806,0
393127.181702751,-9421.67974502075,0
393099.166821232,-9447.7646812834,0
393071.074842301,-9473.76529236326,0
393042.906017673,-9499.68134898307,0
393014.660599724,-9525.51262263196,0
392986.338841489,-9551.25888556652,0
392957.94099666,-9576.91991081435,0
392929.467319582,-9602.49547217485,0
392900.918065253,-9627.98534422032,0
392872.29348932,-9653.3893022994,0
392843.593848075,-9678.70712253796,0
392814.819398458,-9703.93858184007,0
392785.970398049,-9729.08345789143,0
392757.047105066,-9754.14152916033,0
392728.049778367,-9779.11257489847,0
392698.978677444,-9803.9963751444,0
392669.83406242,-9828.79271072453,0
392640.61619405,-9853.5013632539,0
392611.325333716,-9878.12211513941,0
392581.961743423,-9902.65474958115,0
392552.525685801,-9927.09905057287,0
392523.0174241,-9951.45480290525,0
392493.437222186,-9975.72179216727,0
392463.785344541,-9999.89980474668,0
392434.062056263,-10023.988627833,0
392404.267623054,-10047.9880494192,0
392374.40231123,-10071.897858302,0
392344.466387708,-10095.7178440848,0
392314.460120012,-10119.4477971792,0
392284.383776263,-10143.0875088059,0
392254.237625182,-10166.6367709966,0
392224.021936084,-10190.0953765964,0
392193.736978879,-10213.4631192644,0
392163.383024066,-10236.7397934752,0
392132.960342734,-10259.9251945218,0
392102.469206555,-10283.0191185159,0
392071.909887785,-10306.0213623895,0
392041.282659263,-10328.9317238974,0
392010.587794403,-10351.7500016183,0
391979.825567196,-10374.4759949554,0
391948.996252205,-10397.1095041395,0
391918.100124566,-10419.6503302301,0
391887.137459981,-10442.0982751156,0
391856.108534719,-10464.4531415164,0
391825.01362561,-10486.7147329864,0
391793.853010047,-10508.8828539129,0
391762.62696598,-10530.9573095196,0
391731.335771913,-10552.9379058682,0
391699.979706906,-10574.8244498583,0
391668.559050568,-10596.6167492302,0
391637.074083054,-10618.3146125666,0
391605.525085067,-10639.9178492927,0
391573.912337854,-10661.4262696785,0
391542.236123198,-10682.8396848407,0
391510.496723422,-10704.1579067432,0
391478.694421387,-10725.3807481986,0
391446.829500482,-10746.5080228702,0
391414.902244628,-10767.5395452737,0
391382.912938275,-10788.4751307766,0
391350.861866397,-10809.314595602,0
391318.74931449,-10830.0577568292,0
391286.575568569,-10850.7044323939,0
391254.34091517,-10871.2544410909,0
391222.04564134,-10891.7076025755,0
391189.69003464,-10912.0637373639,0
391157.27438314,-10932.3226668348,0
391124.798975418,-10952.4842132317,0
391092.264100556,-10972.5481996633,0
391059.670048137,-10992.5144501043,0
391027.017108246,-11012.3827893982,0
390994.305571462,-11032.1530432581,0
390961.535728859,-11051.8250382665,0
390928.707872005,-11071.3986018787,0
390895.822292953,-11090.8735624234,0
390862.879284245,-11110.249749103,0
390829.879138908,-11129.5269919959,0
390796.822150447,-11148.7051220579,0
390763.708612847,-11167.7839711227,0
390730.538820572,-11186.7633719029,0
390697.313068555,-11205.6431579927,0
390664.031652203,-11224.4231638682,0
390630.69486739,-11243.1032248876,0
390597.303010457,-11261.6831772944,0
390563.856378206,-11280.1628582176,0
390530.3552679,-11298.5421056725,0
390496.799977263,-11316.8207585624,0
390463.190804471,-11334.99865668,0
390429.528048153,-11353.0756407085,0
390395.812007389,-11371.0515522214,0
390362.042981707,-11388.926233686,0
390328.221271077,-11406.6995284631,0
390294.347175916,-11424.3712808079,0
390260.420997077,-11441.9413358717,0
390226.44303585,-11459.4095397036,0
390192.41359396,-11476.7757392505,0
390158.332973567,-11494.0397823583,0
390124.201477254,-11511.2015177741,0
390090.019408035,-11528.2607951465,0
390055.787069348,-11545.217465026,0
390021.504765049,-11562.0713788675,0
389987.172799415,-11578.822389031,0
389952.791477139,-11595.4703487817,0
389918.361103327,-11612.0151122918,0
389883.881983496,-11628.4565346421,0
389849.354423569,-11644.7944718222,0
389814.778729878,-11661.0287807312,0
389780.155209156,-11677.1593191799,0
389745.484168535,-11693.1859458915,0
389710.765915546,-11709.1085205016,0
389676.000758117,-11724.9269035602,0
389641.189004563,-11740.6409565328,0
389606.330963593,-11756.2505418011,0
389571.426944302,-11771.755522663,0
389536.477256168,-11787.1557633354,0
389501.482209052,-11802.4511289545,0
389466.442113194,-11817.6414855757,0
389431.35727921,-11832.7267001756,0
389396.228018089,-11847.7066406533,0
389361.054641191,-11862.5811758307,0
389325.837460248,-11877.3501754528,0
389290.576787353,-11892.0135101899,0
389255.272934965,-11906.5710516383,0
389219.926215901,-11921.0226723205,0
389184.53694334,-11935.368245686,0
389149.105430812,-11949.6076461136,0
389113.631992201,-11963.7407489115,0
389078.116941741,-11977.7674303169,0
389042.560594013,-11991.6875674988,0
389006.963263943,-12005.5010385585,0
388971.325266797,-12019.2077225297,0
388935.646918184,-12032.8074993793,0
388899.928534045,-12046.3002500092,0
388864.170430657,-12059.685856257,0
388828.372924628,-12072.9642008958,0
388792.536332896,-12086.1351676356,0
388756.660972722,-12099.198641125,0
388720.747161691,-12112.1545069509,0
388684.795217711,-12125.0026516391,0
388648.805459004,-12137.7429626561,0
388612.77820411,-12150.3753284098,0
388576.71377188,-12162.8996382496,0
388540.612481476,-12175.315782467,0
388504.474652366,-12187.6236522975,0
388468.300604322,-12199.8231399209,0
388432.090657419,-12211.9141384613,0
388395.845132032,-12223.8965419885,0
388359.56434883,-12235.7702455193,0
388323.248628776,-12247.5351450173,0
388286.898293127,-12259.1911373937,0
388250.513663425,-12270.7381205083,0
388214.095061499,-12282.1759931707,0
388177.64280946,-12293.5046551406,0
388141.157229703,-12304.7240071274,0
388104.638644897,-12315.8339507926,0
388068.087377985,-12326.8343887502,0
388031.503752186,-12337.7252245665,0
387994.888090987,-12348.5063627609,0
387958.240718141,-12359.1777088075,0
387921.561957666,-12369.7391691354,0
387884.852133841,-12380.1906511287,0
387848.111571206,-12390.5320631273,0
387811.340594554,-12400.7633144284,0
387774.539528933,-12410.8843152868,0
387737.708699642,-12420.8949769147,0
387700.848432229,-12430.7952114828,0
387663.959052485,-12440.5849321217,0
387627.040886444,-12450.2640529219,0
387590.094260383,-12459.8324889335,0
387553.119500813,-12469.2901561682,0
387516.116934482,-12478.6369715993,0
387479.086888367,-12487.8728531627,0
387442.029689677,-12496.9977197564,0
387404.945665848,-12506.0114912418,0
387367.835144537,-12514.9140884448,0
387330.698453623,-12523.7054331556,0
387293.535921205,-12532.3854481291,0
387256.347875598,-12540.9540570858,0
387219.134645328,-12549.4111847125,0
387181.896559131,-12557.7567566631,0
387144.633945953,-12565.9906995578,0
387107.347134945,-12574.1129409845,0
387070.036455459,-12582.1234094999,0
387032.702237045,-12590.0220346293,0
386995.344809452,-12597.8087468669,0
386957.964502626,-12605.4834776762,0
386920.561646699,-12613.0461594915,0
386883.136571993,-12620.4967257178,0
386845.689609018,-12627.8351107307,0
386808.221088468,-12635.0612498773,0
386770.731341217,-12642.1750794771,0
386733.220698313,-12649.1765368222,0
386695.689490983,-12656.0655601772,0
386658.138050629,-12662.84208878,0
386620.566708818,-12669.5060628425,0
386582.975797286,-12676.0574235509,0
386545.365647932,-12682.496113066,0
386507.736592821,-12688.8220745232,0
386470.088964175,-12695.0352520336,0
386432.423094369,-12701.1355906843,0
386394.739315934,-12707.1230365387,0
386357.037961554,-12712.9975366362,0
386319.31936406,-12718.7590389937,0
386281.583856427,-12724.4074926054,0
386243.831771773,-12729.9428474432,0
386206.063443356,-12735.3650544571,0
386168.279204576,-12740.6740655751,0
386130.479388962,-12745.8698337046,0
386092.664330175,-12750.952312732,0
386054.834362008,-12755.921457523,0
386016.989818382,-12760.7772239228,0
385979.131033339,-12765.5195687574,0
385941.25834104,-12770.1484498328,0
385903.372075769,-12774.6638259357,0
385865.472571924,-12779.0656568339,0
385827.560164017,-12783.3539032765,0
385789.635186666,-12787.5285269944,0
385751.697974601,-12791.5894907002,0
385713.748862658,-12795.5367580886,0
385675.788185771,-12799.370293837,0
385637.816278973,-12803.0900636055,0
385599.8334774,-12806.6960340368,0
385561.840116276,-12810.1881727572,0
385523.836530918,-12813.5664483763,0
385485.823056732,-12816.8308304875,0
385447.800029211,-12819.981289668,0
385409.76778393,-12823.0177974792,0
385371.726656543,-12825.9403264671,0
385333.676982783,-12828.7488501619,0
385295.61909846,-12831.4433430788,0
385257.553339454,-12834.0237807182,0
385219.480041714,-12836.4901395653,0
385181.399541259,-12838.842397091,0
385143.312174169,-12841.0805317515,0
385105.218276586,-12843.204522989,0
385067.118184713,-12845.2143512315,0
385029.012234807,-12847.1099978931,0
384990.900763178,-12848.8914453739,0
384952.784106188,-12850.5586770608,0
384914.662600247,-12852.1116773268,0
384876.536581809,-12853.5504315319,0
384838.40638737,-12854.8749260228,0
384800.272353468,-12856.0851481328,0
384762.134816676,-12857.1810861828,0
384723.994113601,-12858.1627294803,0
384685.850580885,-12859.0300683205,0
384647.704555194,-12859.7830939856,0
384609.556373224,-12860.4217987455,0
384571.406371692,-12860.9461758575,0
384533.254887338,-12861.3562195666,0
384495.102256917,-12861.6519251054,0
384456.948817202,-12861.8332886944,0
384418.794904978,-12861.9003075417,0
384380.640857039,-12861.8529798435,0
384342.487010186,-12861.6913047839,0
384304.333701225,-12861.4152825348,0
384266.181266964,-12861.0249142562,0
384228.030044209,-12860.5202020963,0
384189.880369763,-12859.9011491911,0
384151.732580423,-12859.1677596649,0
384113.587012976,-12858.32003863,0
384075.444004196,-12857.3579921867,0
384037.303890844,-12856.2816274236,0
383999.167009664,-12855.0909524174,0
383961.033697379,-12853.7859762326,0
383922.904290688,-12852.366708922,0
383884.779126268,-12850.8331615264,0
383846.658540763,-12849.1853460747,0
383808.542870791,-12847.4232755834,0
383770.432452932,-12845.5469640574,0
383732.327623733,-12843.5564264892,0
383694.228719699,-12841.4516788591,0
383656.136077296,-12839.2327381352,0
383618.050032943,-12836.8996222733,0
383579.970923013,-12834.4523502169,0
383541.899083829,-12831.8909418968,0
383503.83485166,-12829.2154182314,0
383465.77856272,-12826.4258011263,0
383427.730553168,-12823.5221134745,0
383389.691159097,-12820.5043791561,0
383351.660716539,-12817.3726230381,0
383313.63956146,-12814.1268709745,0
383275.628029757,-12810.767149806,0
383237.626457253,-12807.2934873601,0
383199.635179698,-12803.7059124504,0
383161.654532767,-12800.0044548774,0
383123.684852051,-12796.1891454274,0
383085.72647306,-12792.2600158728,0
383047.779731219,-12788.2170989719,0
383009.844961865,-12784.0604284689,0
382971.922500244,-12779.7900390934,0
382934.012681507,-12775.40596656,0
382896.11584071,-12770.908247569,0
382858.232312812,-12766.2969198055,0
382820.362432665,-12761.5720219391,0
382782.506535021,-12756.733593624,0
382744.664954523,-12751.7816754991,0
382706.838025706,-12746.7163091872,0
382669.026082988,-12741.5375372946,0
382631.229460676,-12736.2454034116,0
382593.448492958,-12730.8399521121,0
382555.6835139,-12725.3212289529,0
382517.934857443,-12719.6892804735,0
382480.202857406,-12713.9441541963,0
382442.487847476,-12708.0858986262,0
382404.790161209,-12702.1145632499,0
382367.110132026,-12696.030198536,0
382329.448093211,-12689.8328559345,0
382291.80437791,-12683.5225878772,0
382254.179319124,-12677.0994477763,0
382216.573249709,-12670.5634900244,0
382178.986502372,-12663.9147699949,0
382141.419409674,-12657.1533440414,0
382103.872304017,-12650.2792694968,0
382066.345517649,-12643.292604673,0
382028.839382657,-12636.1934088613,0
381991.354230971,-12628.981742332,0
381953.890394354,-12621.6576663333,0
381916.448204398,-12614.221243091,0
381879.027992531,-12606.6725358089,0
381841.630090006,-12599.0116086682,0
381804.254827902,-12591.2385268269,0
381766.902537116,-12583.3533564187,0
381729.573548367,-12575.3561645538,0
381692.268192193,-12567.2470193187,0
381654.986798943,-12559.0259897744,0
381617.729698774,-12550.6931459567,0
381580.497221656,-12542.2485588759,0
381543.289697365,-12533.6923005168,0
381506.107455478,-12525.0244438374,0
381468.950825369,-12516.2450627685,0
381431.820136215,-12507.3542322138,0
381394.715716985,-12498.3520280497,0
381357.637896441,-12489.238527124,0
381320.587003132,-12480.0138072554,0
381283.563365395,-12470.6779472337,0
381246.567311354,-12461.2310268197,0
381209.599168908,-12451.6731267435,0
381172.659265738,-12442.0043287041,0
381135.747929299,-12432.22471537,0
381098.865486823,-12422.3343703783,0
381062.012265307,-12412.3333783336,0
381025.188591517,-12402.2218248074,0
380988.394791985,-12391.9997963386,0
380951.631193005,-12381.6673804326,0
380914.898120629,-12371.22466556,0
380878.195900665,-12360.6717411564,0
380841.524858678,-12350.0086976227,0
380804.885319982,-12339.2356263238,0
380768.277609639,-12328.3526195878,0
380731.702052457,-12317.3597707053,0
380695.158972987,-12306.2571739303,0
380658.648695522,-12295.0449244783,0
380622.17154409,-12283.7231185253,0
380585.727842454,-12272.2918532081,0
380549.317914112,-12260.7512266242,0
380512.942082288,-12249.1013378298,0
380476.600669934,-12237.3422868397,0
380440.293999725,-12225.474174627,0
380404.02239406,-12213.4971031226,0
380367.786175054,-12201.4111752139,0
380331.585664536,-12189.216494744,0
380295.421184053,-12176.9131665122,0
380259.29305486,-12164.5012962728,0
380223.201597917,-12151.9809907334,0
380187.147133892,-12139.3523575555,0
380151.129983155,-12126.6155053536,0
380115.150465775,-12113.7705436945,0
380079.208901517,-12100.8175830957,0
380043.30560984,-12087.7567350254,0
380007.440909897,-12074.5881119029,0
379971.615120525,-12061.3118270959,0
379935.828560251,-12047.9279949201,0
379900.081547283,-12034.43673064,0
379864.374399511,-12020.8381504672,0
379828.707434501,-12007.1323715587,0
379793.080969494,-11993.3195120174,0
379757.495321405,-11979.3996908915,0
379721.950806818,-11965.3730281728,0
379686.447741984,-11951.239644796,0
379650.986442816,-11936.9996626386,0
379615.567224893,-11922.6532045202,0
379580.190403448,-11908.2003942004,0
379544.856293372,-11893.6413563788,0
379509.565209211,-11878.9762166952,0
379474.31746516,-11864.2051017271,0
379439.11337506,-11849.3281389893,0
379403.953252401,-11834.3454569337,0
379368.837410315,-11819.2571849484,0
379333.76616157,-11804.063453356,0
379298.739818575,-11788.7643934131,0
379263.758693372,-11773.3601373101,0
379228.823097636,-11757.8508181699,0
379193.933342669,-11742.2365700462,0
379159.089739398,-11726.5175279237,0
379124.29259838,-11710.6938277174,0
379089.542229786,-11694.7656062705,0
379054.838943407,-11678.7330013538,0
379020.183048653,-11662.596151666,0
378985.574854543,-11646.3551968317,0
378951.014669707,-11630.0102773998,0
378916.502802383,-11613.561534844,0
378882.039560413,-11597.0091115616,0
378847.625251243,-11580.3531508717,0
378813.260181914,-11563.5937970143,0
378778.944659069,-11546.7311951507,0
378744.678988942,-11529.7654913611,0
378710.463477357,-11512.6968326438,0
378676.298429729,-11495.5253669146,0
378642.18415106,-11478.2512430062,0
378608.12094593,-11460.8746106661,0
378574.109118505,-11443.3956205558,0
378540.148972526,-11425.8144242511,0
378506.240811309,-11408.1311742395,0
378472.384937744,-11390.3460239192,0
378438.58165429,-11372.4591275995,0
378404.831262973,-11354.4706404986,0
378371.134065382,-11336.3807187423,0
378337.490362671,-11318.1895193633,0
378303.90045555,-11299.8972003011,0
378270.364644288,-11281.5039203992,0
378236.883228704,-11263.0098394045,0
378203.456508172,-11244.4151179675,0
378170.084781612,-11225.7199176398,0
378136.768347491,-11206.9244008725,0
378103.507503817,-11188.0287310169,0
378070.30254814,-11169.0330723225,0
378037.153777549,-11149.9375899348,0
378004.061488664,-11130.7424498953,0
377971.025977641,-11111.4478191412,0
377938.047540165,-11092.053865502,0
377905.126471445,-11072.5607576993,0
377872.263066219,-11052.9686653469,0
377839.457618743,-11033.2777589478,0
377806.710422794,-11013.4882098934,0
377774.021771665,-10993.600190463,0
377741.391958163,-10973.6138738224,0
377708.821274604,-10953.5294340216,0
377676.310012815,-10933.3470459949,0
377643.858464128,-10913.0668855595,0
377611.466919378,-10892.6891294133,0
377579.1356689,-10872.213955134,0
377546.865002527,-10851.6415411791,0
377514.655209589,-10830.9720668828,0
377482.506578905,-10810.2057124553,0
377450.419398787,-10789.3426589825,0
377418.393957033,-10768.3830884235,0
377386.430540926,-10747.3271836094,0
377354.52943723,-10726.1751282426,0
377322.69093219,-10704.9271068955,0
377290.915311527,-10683.5833050082,0
377259.202860435,-10662.1439088877,0
377227.553863582,-10640.6091057076,0
377195.968605103,-10618.9790835048,0
377164.447368598,-10597.2540311792,0
377132.990437135,-10575.4341384929,0
377101.598093238,-10553.5195960677,0
377070.270618892,-10531.5105953836,0
377039.008295539,-10509.4073287791,0
377007.811404071,-10487.209989448,0
376976.680224832,-10464.9187714381,0
376945.615037614,-10442.5338696514,0
376914.616121656,-10420.0554798412,0
376883.683755637,-10397.4837986103,0
376852.818217677,-10374.819023411,0
376822.019785335,-10352.0613525431,0
376791.288735602,-10329.2109851515,0
376760.625344903,-10306.2681212257,0
376730.029889095,-10283.2329615987,0
376699.502643459,-10260.1057079442,0
376669.0438827,-10236.8865627756,0
376638.653880949,-10213.5757294457,0
376608.332911753,-10190.1734121432,0
376578.081248076,-10166.6798158921,0
376547.899162298,-10143.0951465512,0
376517.786926209,-10119.4196108106,0
376487.74481101,-10095.6534161909,0
376457.773087306,-10071.7967710429,0
376427.872025109,-10047.8498845443,0
376398.04189383,-10023.8129666983,0
376368.282962279,-9999.68622833348,0
376338.595498664,-9975.46988110079,0
376308.979770586,-9951.16413747182,0
376279.436045036,-9926.76921073863,0
376249.964588394,-9902.28531501096,0
376220.565666429,-9877.71266521424,0
376191.239544288,-9853.05147708938,0
376161.986486506,-9828.30196719025,0
376132.806756989,-9803.46435288136,0
376103.700619026,-9778.53885233765,0
376074.668335274,-9753.52568454217,0
376045.710167763,-9728.42506928352,0
376016.826377892,-9703.23722715561,0
375988.017226426,-9677.96237955551,0
375959.282973491,-9652.60074868068,0
375930.623878576,-9627.15255752873,0
375902.040200528,-9601.61802989529,0
375873.532197549,-9575.99739037129,0
375845.100127194,-9550.29086434241,0
375816.744246372,-9524.49867798732,0
375788.464811336,-9498.62105827461,0
375760.262077686,-9472.65823296234,0
375732.136300368,-9446.6104305963,0
375704.087733666,-9420.47788050682,0
375676.116631202,-9394.26081280835,0
375648.223245936,-9367.95945839764,0
375620.407830161,-9341.57404895065,0
375592.670635499,-9315.10481692191,0
375565.011912903,-9288.55199554287,0
375537.431912649,-9261.91581881858,0
375509.93088434,-9235.19652152728,0
375482.509076898,-9208.39433921846,0
375455.166738563,-9181.5095082097,0
375427.904116893,-9154.54226558614,0
375400.721458759,-9127.49284919852,0
375373.619010343,-9100.36149766004,0
375346.597017135,-9073.14845034581,0
375319.655723933,-9045.85394739076,0
375292.795374839,-9018.47822968657,0
375266.016213255,-8991.02153888111,0
375239.318481883,-8963.48411737622,0
375212.702422723,-8935.86620832468,0
375186.168277067,-8908.1680556297,0
375159.7162855,-8880.38990394246,0
375133.346687897,-8852.53199865926,0
375107.059723419,-8824.59458592094,0
375080.855630513,-8796.57791261029,0
375054.734646907,-8768.48222634925,0
375028.69700961,-8740.30777549841,0
375002.742954908,-8712.05480915411,0
374976.872718363,-8683.72357714587,0
374951.086534808,-8655.31433003586,0
374925.384638347,-8626.82731911573,0
374899.767262355,-8598.26279640425,0
374874.234639468,-8569.62101464678,0
374848.787001589,-8540.90222731176,0
374823.424579881,-8512.1066885887,0
374798.147604764,-8483.23465338747,0
374772.956305918,-8454.28637733457,0
374747.850912272,-8425.26211677149,0
374722.831652012,-8396.16212875369,0
374697.898752569,-8366.98667104677,0
374673.052440624,-8337.73600212517,0
374648.292942102,-8308.41038117082,0
374623.620482168,-8279.01006806921,0
374599.035285232,-8249.53532340853,0
374574.537574937,-8219.98640847766,0
374550.127574164,-8190.36358526266,0
374525.805505027,-8160.66711644592,0
374501.571588871,-8130.8972654037,0
374477.426046269,-8101.05429620292,0
374453.369097021,-8071.13847360045,0
374429.400960152,-8041.15006304004,0
374405.521853906,-8011.08933064961,0
374381.73199575,-7980.95654324049,0
374358.031602368,-7950.75196830384,0
374334.420889656,-7920.47587400848,0
374310.900072727,-7890.12852919992,0
374287.469365901,-7859.71020339642,0
374264.128982711,-7829.2211667874,0
374240.879135891,-7798.66169023196,0
374217.720037383,-7768.03204525496,0
374194.651898329,-7737.33250404586,0
374171.674929071,-7706.56333945658,0
374148.789339149,-7675.72482499784,0
374125.995337298,-7644.81723483828,0
374103.293131445,-7613.84084380164,0
374080.68292871,-7582.79592736357,0
374058.1649354,-7551.6827616508,0
374035.739357009,-7520.50162343763,0
374013.406398215,-7489.2527901435,0
373991.16626288,-7457.93653983184,0
373969.019154044,-7426.55315120611,0
373946.965273927,-7395.10290360815,0
373925.004823923,-7363.58607701638,0
373903.1380046,-7332.00295204187,0
373881.365015698,-7300.35380992723,0
373859.686056128,-7268.63893254391,0
373838.101323966,-7236.85860238885,0
373816.611016455,-7205.01310258346,0
373795.21533,-7173.10271687017,0
373773.914460167,-7141.12772960976,0
373752.708601682,-7109.08842578021,0
373731.597948428,-7076.98509097264,0
373710.582693443,-7044.81801138952,0
373689.663028916,-7012.58747384281,0
373668.839146189,-6980.2937657499,0
373648.111235752,-6947.93717513255,0
373627.479487242,-6915.51799061381,0
373606.944089439,-6883.03650141487,0
373586.505230269,-6850.49299735386,0
373566.163096794,-6817.88776884209,0
373545.91787522,-6785.22110688171,0
373525.769750886,-6752.49330306412,0
373505.718908266,-6719.70464956579,0
373485.765530967,-6686.8554391469,0
373465.909801729,-6653.94596514859,0
373446.151902418,-6620.97652148938,0
373426.492014026,-6587.9474026641,0
373406.930316673,-6554.85890374005,0
373387.4669896,-6521.71132035449,0
373368.102211168,-6488.50494871312,0
373348.836158859,-6455.24008558573,0
373329.669009271,-6421.91702830486,0
373310.600938118,-6388.53607476286,0
373291.632120225,-6355.09752340844,0
373272.762729532,-6321.60167324533,0
373253.992939085,-6288.04882382846,0
373235.322921038,-6254.4392752615,0
373216.752846654,-6220.77332819504,0
373198.282886297,-6187.05128382235,0
373179.913209432,-6153.27344387802,0
373161.643984626,-6119.4401106347,0
373143.475379544,-6085.55158689987,0
373125.407560948,-6051.60817601436,0
373107.440694693,-6017.6101818482,0
373089.574945728,-5983.55790879868,0
373071.810478093,-5949.45166178778,0
373054.147454916,-5915.29174625834,0
373036.586038413,-5881.07846817263,0
373019.126389887,-5846.81213400857,0
373001.768669723,-5812.49305075708,0
372984.513037388,-5778.12152592008,0
372967.359651431,-5743.69786750634,0
372950.308669478,-5709.22238402986,0
372933.360248232,-5674.69538450653,0
372916.514543472,-5640.11717845093,0
372899.771710049,-5605.48807587459,0
372883.131901887,-5570.80838728176,0
372866.595271978,-5536.07842366761,0
372850.161972386,-5501.29849651512,0
372833.832154236,-5466.46891779154,0
372817.605967723,-5431.5899999468,0
372801.483562103,-5396.66205590928,0
372785.465085692,-5361.68539908377,0
372769.550685869,-5326.66034334854,0
372753.740509069,-5291.58720305163,0
372738.034700784,-5256.46629300929,0
372722.433405561,-5221.29792850169,0
372706.936767002,-5186.08242527077,0
372691.544927759,-5150.82009951748,0
372676.258029533,-5115.5112678978,0
372661.076213077,-5080.15624752128,0
372645.999618187,-5044.75535594669,0
372631.028383709,-5009.30891117984,0
372616.162647528,-4973.81723167074,0
372601.402546574,-4938.28063630964,0
372586.748216819,-4902.69944442552,0
372572.199793271,-4867.07397578167,0
372557.757409978,-4831.40455057357,0
372543.421200023,-4795.69148942585,0
372529.191295526,-4759.93511338852,0
372515.067827636,-4724.1357439352,0
372501.050926538,-4688.29370295884,0
372487.140721445,-4652.4093127695,0
372473.3373406,-4616.48289609119,0
372459.640911271,-4580.51477605828,0
372446.051559755,-4544.50527621349,0
372432.569411371,-4508.45472050363,0
372419.194590464,-4472.36343327751,0
372405.927220397,-4436.23173928243,0
372392.767423555,-4400.05996366092,0
372379.715321343,-4363.84843194841,0
372366.771034181,-4327.59747006903,0
372353.934681508,-4291.3074043337,0
372341.206381775,-4254.97856143606,0
372328.586252449,-4218.61126844991,0
372316.074410006,-4182.20585282613,0
372303.670969935,-4145.76264238892,0
372291.376046734,-4109.2819653338,0
372279.189753909,-4072.76415022317,0
372267.112203973,-4036.20952598432,0
372255.143508443,-3999.61842190561,0
372243.283777843,-3962.99116763336,0
372231.533121698,-3926.32809316931,0
372219.891648535,-3889.62952886639,0
372208.359465882,-3852.89580542681,0
372196.936680266,-3816.12725389775,0
372185.623397211,-3779.32420566895,0
372174.41972124,-3742.48699246927,0
372163.32575587,-3705.61594636328,0
372152.341603613,-3668.71139974872,0
372141.467365973,-3631.77368535232,0
372130.703143449,-3594.80313622774,0
372120.049035528,-3557.80008575127,0
372109.505140688,-3520.7648676195,0
372099.071556395,-3483.69781584555,0
372088.748379103,-3446.59926475597,0
372078.535704254,-3409.46954898788,0
372068.433626272,-3372.30900348492,0
372058.442238568,-3335.11796349513,0
372048.561633534,-3297.89676456649,0
372038.791902546,-3260.6457425448,0
372029.13313596,-3223.36523356957,0
372019.585423112,-3186.05557407121,0
372010.148852317,-3148.71710076775,0
372000.823510867,-3111.35015066126,0
371991.609485034,-3073.95506103512,0
371982.506860061,-3036.53216945002,0
371973.51572017,-2999.08181374155,0
371964.636148556,-2961.60433201598,0
371955.868227386,-2924.1000626479,0
371947.212037799,-2886.56934427605,0
371938.667659905,-2849.01251580074,0
371930.235172786,-2811.42991638012,0
371921.914654492,-2773.82188542695,0
371913.70618204,-2736.18876260552,0
371905.609831416,-2698.53088782791,0
371897.625677572,-2660.84860125119,0
371889.753794426,-2623.14224327351,0
371881.994254861,-2585.41215453143,0
371874.347130722,-2547.65867589587,0
371866.812492819,-2509.88214846955,0
371859.390410924,-2472.08291358283,0
371852.080953771,-2434.26131279117,0
371844.884189053,-2396.4176878711,0
371837.800183423,-2358.55238081736,0
371830.829002495,-2320.66573383927,0
371823.970710841,-2282.75808935745,0
371817.225371987,-2244.82979000054,0
371810.593048421,-2206.88117860166,0
371804.073801583,-2168.91259819526,0
371797.667691871,-2130.92439201348,0
371791.374778635,-2092.91690348315,0
371785.195120183,-2054.89047622189,0
371779.128773772,-2016.84545403537,0
371773.175795613,-1978.78218091324,0
371767.336240871,-1940.70100102643,0
371761.61016366,-1902.60225872309,0
371755.997617045,-1864.48629852582,0
371750.498653041,-1826.35346512768,0
371745.113322614,-1788.20410338944,0
371739.841675676,-1750.03855833543,0
371734.683761091,-1711.85717515091,0
371729.639626667,-1673.66029917795,0
371724.70931916,-1635.44827591264,0
371719.892884275,-1597.22145100116,0
371715.19036666,-1558.9801702368,0
371710.60180991,-1520.72477955611,0
371706.127256565,-1482.45562503597,0
371701.766748108,-1444.17305288963,0
371697.520324969,-1405.87740946383,0
371693.388026517,-1367.56904123485,0
371689.36989107,-1329.24829480555,0
371685.465955882,-1290.91551690159,0
371681.676257155,-1252.57105436815,0
371678.000830029,-1214.21525416652,0
371674.439708586,-1175.84846337057,0
371670.992925851,-1137.47102916339,0
371667.660513787,-1099.08329883376,0
371664.442503297,-1060.68561977285,0
371661.338924227,-1022.27833947057,0
371658.349805359,-983.861805512394,0
371655.475174416,-945.436365575573,0
371652.715058059,-907.002367426037,0
371650.069481887,-868.560158914698,0
371647.538470439,-830.110087974049,0
371645.122047189,-791.652502614844,0
371642.820234552,-753.187750922381,0
371640.633053878,-714.716181053364,0
371638.560525453,-676.238141232165,0
371636.602668503,-637.753979747521,0
371634.759501189,-599.264044949058,0
371633.031040608,-560.76868524376,0
371631.417302794,-522.268249092593,0
371629.918302716,-483.76308500698,0
371628.53405428,-445.253541545341,0
371627.264570326,-406.739967309707,0
371626.109862631,-368.222710942138,0
371625.069941908,-329.702121121317,0
371624.144817803,-291.178546559119,0
371623.334498898,-252.652335997069,0
371622.638992711,-214.123838202896,0
371622.058305694,-175.593401967135,0
371621.592443234,-137.061376099528,0
371621.241409652,-98.5281094256741,0
371621.005208206,-59.9939507835192,0
371620.883841087,-21.4592490198399,0
