382212.821433229,-12669.9050497693,0
382175.236632379,-12663.2450797839,0
382137.671519344,-12656.4724095518,0
382100.126426515,-12649.5870965037,0
382062.601686122,-12642.5891990495,0
382025.097630238,-12635.478776578,0
381987.614590775,-12628.2558894573,0
381950.152899479,-12620.920599033,0
381912.712887928,-12613.4729676287,0
381875.29488753,-12605.9130585455,0
381837.899229521,-12598.2409360622,0
381800.526244963,-12590.4566654342,0
381763.176264736,-12582.5603128929,0
381725.84961954,-12574.5519456456,0
381688.546639893,-12566.431631876,0
381651.267656127,-12558.1994407428,0
381614.01299838,-12549.8554423789,0
381576.782996603,-12541.3997078918,0
381539.577980551,-12532.8323093633,0
381502.398279781,-12524.1533198489,0
381465.24422365,-12515.3628133762,0
381428.116141311,-12506.460864946,0
381391.014361714,-12497.4475505317,0
381353.9392136,-12488.3229470781,0
381316.891025498,-12479.0871325009,0
381279.870125722,-12469.7401856866,0
381242.876842373,-12460.2821864928,0
381205.911503331,-12450.7132157464,0
381168.974436254,-12441.0333552432,0
381132.065968573,-12431.2426877482,0
381095.186427497,-12421.3412969952,0
381058.336140002,-12411.3292676854,0
381021.51543283,-12401.2066854868,0
380984.724632488,-12390.9736370345,0
380947.964065247,-12380.6302099306,0
380911.234057136,-12370.1764927421,0
380874.534933938,-12359.6125750007,0
380837.867021191,-12348.9385472034,0
380801.230644186,-12338.1545008116,0
380764.62612796,-12327.2605282493,0
380728.053797294,-12316.2567229034,0
380691.513976715,-12305.1431791237,0
380655.006990489,-12293.9199922216,0
380618.533162618,-12282.5872584691,0
380582.092816838,-12271.1450750989,0
380545.68627662,-12259.593540304,0
380509.313865161,-12247.9327532366,0
380472.975905386,-12236.1628140071,0
380436.672719942,-12224.2838236839,0
380400.404631199,-12212.2958842938,0
380364.171961245,-12200.1990988193,0
380327.975031882,-12187.9935711992,0
380291.814164625,-12175.6794063278,0
380255.689680701,-12163.2567100548,0
380219.601901042,-12150.7255891832,0
380183.551146285,-12138.0861514693,0
380147.53773677,-12125.3385056227,0
380111.561992538,-12112.4827613053,0
380075.624233321,-12099.5190291293,0
380039.724778548,-12086.4474206581,0
380003.863947342,-12073.2680484053,0
379968.042058508,-12059.9810258336,0
379932.259430542,-12046.5864673533,0
379896.51638162,-12033.0844883234,0
379860.813229599,-12019.4752050498,0
379825.150292014,-12005.7587347843,0
379789.527886073,-11991.9351957237,0
379753.946328658,-11978.0047070105,0
379718.405936321,-11963.967388731,0
379682.907025277,-11949.8233619137,0
379647.449911408,-11935.5727485301,0
379612.034910258,-11921.2156714938,0
379576.662337026,-11906.7522546582,0
379541.332506568,-11892.1826228169,0
379506.045733395,-11877.5069017029,0
379470.802331668,-11862.7252179877,0
379435.602615194,-11847.8376992797,0
379400.446897424,-11832.8444741238,0
379365.335491456,-11817.7456720017,0
379330.268710023,-11802.5414233293,0
379295.246865496,-11787.2318594563,0
379260.27026988,-11771.8171126662,0
379225.339234814,-11756.2973161749,0
379190.454071563,-11740.6726041291,0
379155.615091018,-11724.9431116062,0
379120.822603694,-11709.1089746139,0
379086.076919728,-11693.1703300883,0
379051.378348872,-11677.1273158925,0
379016.727200496,-11660.9800708177,0
378982.123783581,-11644.7287345808,0
378947.568406719,-11628.3734478233,0
378913.061378107,-11611.9143521107,0
378878.603005548,-11595.3515899325,0
378844.193596448,-11578.6853046999,0
378809.83345781,-11561.9156407446,0
378775.522896233,-11545.0427433198,0
378741.262217912,-11528.0667585975,0
378707.051728631,-11510.9878336674,0
378672.891733763,-11493.8061165368,0
378638.782538267,-11476.5217561299,0
378604.724446684,-11459.1349022855,0
378570.717763136,-11441.6457057562,0
378536.762791322,-11424.0543182089,0
378502.859834517,-11406.3608922222,0
378469.009195567,-11388.5655812851,0
378435.211176887,-11370.6685397975,0
378401.466080461,-11352.6699230685,0
378367.774207835,-11334.5698873144,0
378334.135860116,-11316.3685896583,0
378300.551337974,-11298.0661881301,0
378267.02094163,-11279.6628416635,0
378233.544970861,-11261.1587100956,0
378200.123724994,-11242.5539541667,0
378166.757502906,-11223.8487355184,0
378133.446603016,-11205.0432166919,0
378100.191323288,-11186.1375611276,0
378066.991961226,-11167.1319331649,0
378033.848813871,-11148.0264980388,0
378000.762177798,-11128.8214218801,0
377967.732349116,-11109.516871715,0
377934.759623462,-11090.1130154623,0
377901.844295999,-11070.6100219327,0
377868.986661417,-11051.0080608284,0
377836.187013924,-11031.3073027416,0
377803.445647248,-11011.5079191521,0
377770.762854634,-10991.6100824276,0
377738.138928841,-10971.6139658225,0
377705.574162136,-10951.5197434751,0
377673.068846296,-10931.3275904075,0
377640.623272605,-10911.0376825252,0
377608.237731847,-10890.6501966138,0
377575.912514306,-10870.1653103389,0
377543.647909768,-10849.5832022455,0
377511.444207509,-10828.9040517554,0
377479.301696299,-10808.1280391662,0
377447.220664399,-10787.2553456508,0
377415.201399555,-10766.2861532557,0
377383.244188999,-10745.2206448988,0
377351.349319444,-10724.0590043693,0
377319.517077081,-10702.8014163265,0
377287.747747579,-10681.448066297,0
377256.041616081,-10659.9991406742,0
377224.3989672,-10638.454826718,0
377192.820085019,-10616.8153125517,0
377161.305253085,-10595.0807871609,0
377129.854754411,-10573.2514403938,0
377098.468871469,-10551.3274629579,0
377067.147886188,-10529.3090464189,0
377035.892079955,-10507.1963832006,0
377004.70173361,-10484.9896665823,0
376973.57712744,-10462.6890906971,0
376942.518541183,-10440.2948505318,0
376911.526254021,-10417.8071419247,0
376880.600544578,-10395.2261615634,0
376849.741690918,-10372.5521069849,0
376818.949970543,-10349.7851765733,0
376788.225660389,-10326.925569558,0
376757.569036824,-10303.9734860125,0
376726.980375647,-10280.929126854,0
376696.459952081,-10257.79269384,0
376666.008040776,-10234.5643895677,0
376635.624915802,-10211.2444174734,0
376605.31085065,-10187.8329818293,0
376575.066118226,-10164.3302877427,0
376544.89099085,-10140.7365411553,0
376514.785740255,-10117.0519488404,0
376484.75063758,-10093.2767184015,0
376454.785953374,-10069.4110582717,0
376424.891957586,-10045.4551777114,0
376395.068919569,-10021.4092868063,0
376365.317108074,-9997.27359646683,0
376335.636791247,-9973.0483184262,0
376306.028236628,-9948.73366523785,0
376276.491711147,-9924.32985027539,0
376247.027481126,-9899.83708773023,0
376217.635812268,-9875.25559260918,0
376188.316969662,-9850.58558073425,0
376159.071217778,-9825.82726874044,0
376129.898820464,-9800.98087407317,0
376100.800040941,-9776.04661498797,0
376071.775141808,-9751.02471054853,0
376042.824385031,-9725.91538062385,0
376013.948031945,-9700.71884588794,0
375985.146343251,-9675.43532781797,0
375956.419579013,-9650.06504869134,0
375927.767998655,-9624.60823158518,0
375899.19186096,-9599.06510037478,0
375870.691424066,-9573.4358797304,0
375842.266945464,-9547.72079511682,0
375813.918681996,-9521.92007279176,0
375785.64688985,-9496.03393980267,0
375757.451824563,-9470.06262398616,0
375729.333741014,-9444.00635396653,0
375701.292893419,-9417.86535915246,0
375673.329535337,-9391.63986973638,0
375645.443919661,-9365.33011669305,0
375617.636298615,-9338.9363317762,0
375589.906923757,-9312.45874751782,0
375562.256045971,-9285.89759722679,0
375534.683915467,-9259.25311498544,0
375507.190781779,-9232.52553564886,0
375479.776893762,-9205.71509484346,0
375452.442499587,-9178.82202896348,0
375425.187846745,-9151.8465751704,0
375398.013182037,-9124.78897139131,0
375370.918751576,-9097.64945631551,0
375343.904800784,-9070.42826939386,0
375316.97157439,-9043.12565083708,0
375290.119316425,-9015.74184161237,0
375263.348270221,-8988.27708344278,0
375236.658678413,-8960.73161880536,0
375210.050782926,-8933.10569092782,0
375183.524824985,-8905.39954378797,0
375157.081045103,-8877.61342211162,0
375130.719683084,-8849.74757136939,0
375104.440978018,-8821.80223777617,0
375078.24516828,-8793.77766828875,0
375052.132491526,-8765.6741106028,0
375026.103184694,-8737.49181315235,0
375000.157483998,-8709.23102510715,0
374974.295624925,-8680.89199636984,0
374948.517842238,-8652.47497757543,0
374922.824369969,-8623.98022008835,0
374897.215441415,-8595.40797599989,0
374871.691289144,-8566.75849812763,0
374846.252144982,-8538.03204001218,0
374820.898240018,-8509.22885591493,0
374795.6298046,-8480.34920081736,0
374770.447068332,-8451.39333041753,0
374745.35026007,-8422.36150112813,0
374720.339607924,-8393.25397007564,0
374695.415339251,-8364.07099509658,0
374670.577680655,-8334.81283473593,0
374645.826857986,-8305.47974824602,0
374621.163096335,-8276.07199558263,0
374596.586620033,-8246.58983740378,0
374572.09765265,-8217.03353506821,0
374547.696416989,-8187.40335063153,0
374523.383135087,-8157.69954684533,0
374499.158028213,-8127.92238715508,0
374475.021316862,-8098.0721356966,0
374450.973220758,-8068.14905729527,0
374427.013958847,-8038.15341746343,0
374403.143749297,-8008.08548239718,0
374379.362809496,-7977.94551897575,0
374355.671356048,-7947.73379475818,0
374332.069604774,-7917.45057798079,0
374308.557770705,-7887.09613755634,0
374285.136068085,-7856.67074307028,0
374261.804710366,-7826.17466477881,0
374238.563910203,-7795.60817360767,0
374215.413879459,-7764.97154114819,0
374192.354829196,-7734.26503965587,0
374169.386969676,-7703.48894204865,0
374146.510510359,-7672.64352190297,0
374123.725659899,-7641.72905345286,0
374101.032626143,-7610.74581158736,0
374078.431616129,-7579.69407184712,0
374055.922836084,-7548.57411042357,0
374033.506491421,-7517.38620415562,0
374011.182786736,-7486.13063052695,0
373988.951925808,-7454.80766766501,0
373966.814111598,-7423.41759433717,0
373944.76954624,-7391.96068994873,0
373922.818431049,-7360.4372345415,0
373900.960966509,-7328.84750878966,0
373879.197352278,-7297.19179399857,0
373857.527787182,-7265.47037210238,0
373835.952469216,-7233.68352566035,0
373814.471595539,-7201.83153785597,0
373793.085362471,-7169.91469249357,0
373771.793965496,-7137.93327399555,0
373750.597599256,-7105.88756740123,0
373729.496457549,-7073.77785836289,0
373708.490733327,-7041.60443314382,0
373687.580618698,-7009.36757861663,0
373666.766304916,-6977.06758225911,0
373646.047982387,-6944.70473215304,0
373625.425840662,-6912.27931698144,0
373604.900068438,-6879.79162602506,0
373584.470853552,-6847.24194916136,0
373564.138382983,-6814.63057686081,0
373543.902842849,-6781.95780018436,0
373523.764418403,-6749.223910782,0
373503.723294034,-6716.42920088855,0
373483.779653261,-6683.57396332222,0
373463.933678737,-6650.658491482,0
373444.185552241,-6617.68307934395,0
373424.53545468,-6584.64802146016,0
373404.983566083,-6551.55361295498,0
373385.530065605,-6518.40014952244,0
373366.17513152,-6485.1879274247,0
373346.918941221,-6451.91724348786,0
373327.761671218,-6418.58839510033,0
373308.703497136,-6385.20168021024,0
373289.744593713,-6351.75739732171,0
373270.885134798,-6318.25584549363,0
373252.12529335,-6284.69732433585,0
373233.465241433,-6251.08213400665,0
373214.905150221,-6217.41057521099,0
373196.445189986,-6183.68294919626,0
373178.085530107,-6149.8995577508,0
373159.82633906,-6116.06070320087,0
373141.66778442,-6082.16668840719,0
373123.610032857,-6048.21781676358,0
373105.653250137,-6014.21439219284,0
373087.797601118,-5980.15671914465,0
373070.043249749,-5946.04510259322,0
373052.390359067,-5911.87984803324,0
373034.839091198,-5877.6612614786,0
373017.389607353,-5843.38964945861,0
373000.042067824,-5809.06531901517,0
372982.796631988,-5774.68857770104,0
372965.653458302,-5740.25973357547,0
372948.612704299,-5705.77909520266,0
372931.674526591,-5671.24697164848,0
372914.839080863,-5636.66367247711,0
372898.106521876,-5602.02950774946,0
372881.477003458,-5567.3447880189,0
372864.950678512,-5532.60982432933,0
372848.527699004,-5497.8249282123,0
372832.20821597,-5462.99041168326,0
372815.99237951,-5428.10658724007,0
372799.880338785,-5393.17376785882,0
372783.87224202,-5358.19226699155,0
372767.968236499,-5323.16239856368,0
372752.168468562,-5288.08447697003,0
372736.473083607,-5252.95881707328,0
372720.882226089,-5217.78573419987,0
372705.396039512,-5182.56554413759,0
372690.014666434,-5147.29856313301,0
372674.738248464,-5111.98510788748,0
372659.566926256,-5076.62549555547,0
372644.500839514,-5041.2200437406,0
372629.540126986,-5005.76907049301,0
372614.684926464,-4970.27289430688,0
372599.935374782,-4934.73183411633,0
372585.291607813,-4899.14620929381,0
372570.753760473,-4863.51633964594,0
372556.321966712,-4827.84254541105,0
372541.996359518,-4792.12514725647,0
372527.777070912,-4756.36446627453,0
372513.664231949,-4720.5608239809,0
372499.657972716,-4684.71454231025,0
372485.758422329,-4648.82594361408,0
372471.965708935,-4612.89535065755,0
372458.279959705,-4576.92308661582,0
372444.701300837,-4540.90947507217,0
372431.229857555,-4504.8548400136,0
372417.865754103,-4468.75950582885,0
372404.60911375,-4432.62379730483,0
372391.460058781,-4396.44803962333,0
372378.418710503,-4360.2325583588,0
372365.48518924,-4323.97767947406,0
372352.65961433,-4287.68372931837,0
372339.942104127,-4251.35103462349,0
372327.332775998,-4214.97992250089,0
372314.831746323,-4178.57072043897,0
372302.43913049,-4142.12375629902,0
372290.155042899,-4105.63935831337,0
372277.979596957,-4069.11785508098,0
372265.912905077,-4032.55957556526,0
372253.955078679,-3995.96484909051,0
372242.106228184,-3959.33400533858,0
372230.36646302,-3922.66737434647,0
372218.735891614,-3885.96528650206,0
372207.214621393,-3849.22807254216,0
372195.802758784,-3812.45606354825,0
372184.500409213,-3775.64959094406,0
372173.307677102,-3738.80898649214,0
372162.224665866,-3701.93458229038,0
372151.251477918,-3665.02671076955,0
372140.388214663,-3628.08570468912,0
372129.634976496,-3591.11189713511,0
372118.991862805,-3554.10562151591,0
372108.458971967,-3517.06721155982,0
372098.036401348,-3479.99700131145,0
372087.7242473,-3442.8953251284,0
372077.522605163,-3405.76251767859,0
372067.431569261,-3368.59891393615,0
372057.451232902,-3331.40484917922,0
372047.581688379,-3294.18065898564,0
372037.823026964,-3256.92667923065,0
372028.175338911,-3219.64324608296,0
372018.638713456,-3182.3306960018,0
372009.213238812,-3144.98936573374,0
371999.899002168,-3107.619592309,0
371990.696089693,-3070.22171303886,0
371981.60458653,-3032.79606551152,0
371972.624576797,-2995.34298758979,0
371963.756143587,-2957.86281740684,0
371954.999368964,-2920.35589336374,0
371946.354333965,-2882.82255412553,0
371937.821118598,-2845.26313861836,0
371929.39980184,-2807.67798602597,0
371921.09046164,-2770.06743578634,0
371912.893174911,-2732.43182758868,0
371904.808017536,-2694.77150136959,0
371896.835064365,-2657.08679731045,0
371888.974389211,-2619.37805583325,0
371881.226064854,-2581.64561759817,0
371873.590163037,-2543.88982349936,0
371866.066754465,-2506.11101466243,0
371858.655908807,-2468.30953244035,0
371851.357694693,-2430.48571841079,0
371844.172179712,-2392.63991437221,0
371837.099430415,-2354.77246234091,0
371830.13951231,-2316.88370454745,0
371823.292489864,-2278.97398343336,0
371816.558426502,-2241.04364164785,0
371809.937384606,-2203.09302204425,0
371803.429425513,-2165.12246767693,0
371797.034609515,-2127.13232179757,0
371790.75299586,-2089.12292785222,0
371784.584642748,-2051.0946294774,0
371778.529607335,-2013.04777049732,0
371772.587945726,-1974.98269491984,0
371766.759712981,-1936.89974693376,0
371761.04496311,-1898.79927090475,0
371755.443749073,-1860.68161137263,0
371749.95612278,-1822.5471130473,0
371744.582135092,-1784.39612080602,0
371739.321835818,-1746.22897968934,0
371734.175273714,-1708.04603489832,0
371729.142496484,-1669.84763179054,0
371724.223550781,-1631.63411587725,0
371719.418482201,-1593.40583281943,0
371714.72733529,-1555.16312842484,0
371710.150153537,-1516.90634864419,0
371705.686979375,-1478.63583956811,0
371701.337854184,-1440.35194742334,0
371697.102818287,-1402.05501856969,0
371692.981910949,-1363.74539949624,0
371688.97517038,-1325.42343681824,0
371685.082633732,-1287.08947727343,0
371681.304337098,-1248.74386771876,0
371677.640315514,-1210.38695512689,0
371674.090602956,-1172.01908658273,0
371670.655232344,-1133.6406092801,0
371667.334235534,-1095.25187051813,0
371664.127643325,-1056.85321769802,0
371661.035485455,-1018.44499831935,0
371658.057790601,-980.027559976926,0
371655.194586381,-941.601250356992,0
371652.445899349,-903.166417234125,0
371649.811754999,-864.723408467507,0
371647.292177762,-826.272571997629,0
371644.887191009,-787.814255842815,0
371642.596817047,-749.348808095659,0
371640.421077119,-710.876576919778,0
371638.359991408,-672.397910546095,0
371636.413579032,-633.913157269611,0
371634.581858046,-595.422665445817,0
371632.86484544,-556.926783487227,0
371631.262557143,-518.425859860022,0
371629.775008018,-479.920243080451,0
371628.402211863,-441.410281711458,0
371627.144181414,-402.896324359221,0
371626.000928341,-364.378719669591,0
371624.97246325,-325.857816324748,0
371624.058795682,-287.333963039665,0
371623.259934111,-248.807508558632,0
371622.575885951,-210.278801651826,0
371622.006657545,-171.748191111839,0
371621.552254176,-133.216025750169,0
371621.212680058,-94.6826543937948,0
371620.987938342,-56.148425881683,0
371620.878031113,-17.6136890613377,0
371620.882959391,20.9212072146972,0
371621.002723129,59.4559140922785,0
371621.237321217,97.9900827191594,0
371621.586751478,136.523364248433,0
371622.051010671,175.055409842029,0
371622.630094488,213.585870674154,0
371623.323997558,252.114397934793,0
371624.132713443,290.640642833155,0
371625.05623464,329.164256601153,0
371626.094552583,367.684890496849,0
371627.24765764,406.202195807967,0
371628.515539112,444.71582385533,0
371629.898185238,483.225425996314,0
371631.395583193,521.730653628334,0
371633.007719086,560.231158192346,0
371634.734577962,598.726591176208,0
371636.576143802,637.216604118256,0
371638.532399523,675.70084861072,0
371640.60332698,714.178976303139,0
371642.788906964,752.650638905933,0
371645.0891192,791.115488193763,0
371647.503942354,829.573176009001,0
371650.033354027,868.0233542653,0
371652.677330759,906.465674950842,0
371655.435848026,944.899790132039,0
371658.308880244,983.325351956773,0
371661.296400766,1021.74201265797,0
371664.398381885,1060.14942455705,0
371667.614794831,1098.54724006727,0
371670.945609778,1136.93511169737,0
371674.390795833,1175.31269205474,0
371677.95032105,1213.67963384919,0
371681.624152419,1252.0355898961,0
371685.412255872,1290.38021312005,0
371689.314596282,1328.71315655819,0
371693.331137467,1367.03407336365,0
371697.461842182,1405.3426168091,0
371701.706672127,1443.63844028995,0
371706.065587947,1481.92119732811,0
371710.538549227,1520.19054157503,0
371715.125514498,1558.44612681555,0
371719.826441236,1596.68760697087,0
371724.641285859,1634.91463610248,0
371729.570003735,1673.12686841501,0
371734.612549174,1711.32395826026,0
371739.768875434,1749.50556014,0
371745.03893472,1787.67132870996,0
371750.422678186,1825.82091878274,0
371755.920055933,1863.95398533163,0
371761.53101701,1902.07018349365,0
371767.255509416,1940.16916857333,0
371773.093480102,1978.25059604569,0
371779.044874967,2016.31412156008,0
371785.109638862,2054.35940094313,0
371791.28771559,2092.38609020258,0
371797.579047908,2130.39384553021,0
371803.983577524,2168.38232330573,0
371810.501245101,2206.3511800996,0
371817.131990258,2244.30007267701,0
371823.875751566,2282.22865800062,0
371830.732466556,2320.13659323461,0
371837.702071712,2358.02353574731,0
371844.78450248,2395.88914311534,0
371851.979693259,2433.73307312621,0
371859.287577411,2471.5549837824,0
371866.708087257,2509.35453330402,0
371874.241154078,2547.13138013284,0
371881.886708116,2584.88518293497,0
371889.644678577,2622.61560060483,0
371897.514993628,2660.32229226795,0
371905.497580402,2698.00491728471,0
371913.592364996,2735.66313525343,0
371921.79927247,2773.29660601377,0
371930.118226856,2810.90498965015,0
371938.549151148,2848.48794649478,0
371947.091967312,2886.04513713149,0
371955.746596281,2923.57622239831,0
371964.512957958,2961.08086339165,0
371973.39097122,2998.55872146867,0
371982.380553912,3036.00945825152,0
371991.481622855,3073.43273562973,0
372000.694093842,3110.82821576431,0
372010.017881642,3148.19556109038,0
372019.4529,3185.53443432087,0
372028.999061636,3222.84449844968,0
372038.65627825,3260.12541675475,0
372048.42446052,3297.37685280183,0
372058.303518105,3334.59847044696,0
372068.293359643,3371.7899338407,0
372078.393892756,3408.95090743036,0
372088.605024048,3446.08105596419,0
372098.926659107,3483.18004449388,0
372109.358702507,3520.24753837824,0
372119.901057808,3557.28320328634,0
372130.553627558,3594.28670520046,0
372141.316313293,3631.25771041996,0
372152.189015539,3668.19588556354,0
372163.171633813,3705.10089757358,0
372174.264066624,3741.97241371823,0
372185.466211474,3778.81010159554,0
372196.77796486,3815.61362913605,0
372208.199222275,3852.38266460619,0
372219.729878206,3889.1168766117,0
372231.369826141,3925.81593410014,0
372243.118958567,3962.47950636505,0
372254.97716697,3999.107263048,0
372266.944341838,4035.69887414281,0
372279.020372663,4072.25400999794,0
372291.205147941,4108.77234131991,0
372303.498555173,4145.25353917678,0
372315.900480866,4181.69727500043,0
372328.410810537,4218.10322059084,0
372341.029428711,4254.47104811806,0
372353.756218924,4290.80043012628,0
372366.591063724,4327.09103953643,0
372379.533844673,4363.34254964923,0
372392.584442348,4399.55463414893,0
372405.74273634,4435.72696710533,0
372419.008605259,4471.85922297814,0
372432.381926735,4507.95107661895,0
372445.862577415,4544.00220327498,0
372459.450432971,4580.01227859212,0
372473.145368096,4615.98097861737,0
372486.947256508,4651.90797980301,0
372500.855970951,4687.79295900837,0
372514.871383197,4723.63559350401,0
372528.993364045,4759.43556097411,0
372543.221783325,4795.19253951947,0
372557.5565099,4830.90620766125,0
372571.997411665,4866.57624434282,0
372586.544355549,4902.20232893406,0
372601.19720752,4937.78414123339,0
372615.95583258,4973.32136147112,0
372630.820094772,5008.81367031285,0
372645.789857181,5044.26074886144,0
372660.864981933,5079.66227866128,0
372676.045330196,5115.01794170015,0
372691.330762187,5150.32742041273,0
372706.721137169,5185.59039768385,0
372722.21631345,5220.80655685038,0
372737.816148393,5255.97558170563,0
372753.52049841,5291.09715650098,0
372769.329218968,5326.17096594955,0
372785.242164586,5361.19669522923,0
372801.259188843,5396.17402998467,0
372817.380144374,5431.10265633159,0
372833.604882874,5465.98226085839,0
372849.933255102,5500.81253062973,0
372866.365110876,5535.59315318965,0
372882.900299082,5570.32381656337,0
372899.538667672,5605.00420926165,0
372916.280063665,5639.63402028242,0
372933.124333152,5674.21293911416,0
372950.071321292,5708.74065573915,0
372967.120872321,5743.21686063514,0
372984.272829548,5777.64124477964,0
373001.52703536,5812.01349965173,0
373018.883331222,5846.33331723503,0
373036.341557678,5880.60039002126,0
373053.901554357,5914.81441101175,0
373071.563159968,5948.97507372155,0
373089.326212309,5983.08207218153,0
373107.190548264,6017.1351009409,0
373125.156003805,6051.13385507107,0
373143.222413996,6085.07803016705,0
373161.389612995,6118.96732235125,0
373179.657434053,6152.80142827608,0
373198.025709518,6186.58004512581,0
373216.494270835,6220.30287062081,0
373235.062948551,6253.96960301898,0
373253.731572313,6287.57994111894,0
373272.499970874,6321.1335842633,0
373291.367972091,6354.6302323401,0
373310.33540293,6388.06958578684,0
373329.402089464,6421.45134559253,0
373348.56785688,6454.77521329994,0
373367.832529476,6488.04089100958,0
373387.195930667,6521.24808138089,0
373406.657882983,6554.39648763579,0
373426.218208076,6587.48581356151,0
373445.876726716,6620.51576351207,0
373465.633258797,6653.48604241245,0
373485.487623338,6686.39635576018,0
373505.439638484,6719.24640962793,0
373525.489121509,6752.03591066717,0
373545.635888819,6784.76456610934,0
373565.879755949,6817.43208376943,0
373586.220537574,6850.03817204868,0
373606.658047501,6882.58253993592,0
373627.192098677,6915.0648970118,0
373647.822503191,6947.48495345031,0
373668.549072274,6979.84242002117,0
373689.3716163,7012.13700809354,0
373710.289944791,7044.36842963717,0
373731.303866419,7076.53639722571,0
373752.413189004,7108.64062403956,0
373773.617719521,7140.68082386708,0
373794.917264099,7172.65671110861,0
373816.311628025,7204.56800077823,0
373837.800615743,7236.41440850569,0
373859.384030859,7268.19565054037,0
373881.061676143,7299.91144375234,0
373902.83335353,7331.56150563528,0
373924.698864122,7363.1455543097,0
373946.658008189,7394.66330852387,0
373968.710585176,7426.11448765757,0
373990.856393698,7457.49881172431,0
374013.09523155,7488.81600137267,0
374035.4268957,7520.06577789031,0
374057.8511823,7551.24786320545,0
374080.367886682,7582.36197988884,0
374102.976803364,7613.40785115759,0
374125.67772605,7644.38520087613,0
374148.470447632,7675.293753559,0
374171.354760193,7706.13323437404,0
374194.33045501,7736.90336914324,0
374217.397322554,7767.60388434624,0
374240.555152496,7798.23450712268,0
374263.803733702,7828.7949652733,0
374287.142854244,7859.28498726381,0
374310.572301396,7889.70430222653,0
374334.09186164,7920.05263996192,0
374357.701320663,7950.32973094249,0
374381.400463366,7980.53530631387,0
374405.189073863,8010.66909789699,0
374429.066935479,8040.73083819162,0
374453.033830762,8070.72026037717,0
374477.089541476,8100.63709831549,0
374501.233848607,8130.48108655385,0
374525.466532367,8160.2519603257,0
374549.787372192,8189.94945555396,0
374574.196146749,8219.57330885344,0
374598.692633935,8249.12325753167,0
374623.27661088,8278.59903959255,0
374647.947853949,8308.00039373822,0
374672.706138746,8337.3270593701,0
374697.551240115,8366.57877659274,0
374722.482932141,8395.75528621515,0
374747.500988155,8424.85632975224,0
374772.605180734,8453.8816494286,0
374797.795281707,8482.83098817945,0
374823.07106215,8511.70408965253,0
374848.432292397,8540.50069821163,0
374873.878742038,8569.22055893731,0
374899.410179918,8597.86341762921,0
374925.026374148,8626.42902080922,0
374950.727092099,8654.91711572218,0
374976.512100407,8683.3274503384,0
375002.381164981,8711.65977335664,0
375028.334050994,8739.91383420459,0
375054.370522896,8768.08938304188,0
375080.490344411,8796.18617076253,0
375106.693278541,8824.20394899559,0
375132.979087567,8852.14247010825,0
375159.347533052,8880.00148720808,0
375185.798375845,8907.78075414363,0
375212.331376082,8935.48002550777,0
375238.946293187,8963.09905663958,0
375265.642885877,8990.6376036251,0
375292.420912163,9018.09542330067,0
375319.280129353,9045.47227325469,0
375346.220294054,9072.76791182833,0
375373.241162174,9099.98209811905,0
375400.342488925,9127.11459198207,0
375427.524028827,9154.16515403118,0
375454.785535706,9181.13354564229,0
375482.126762702,9208.01952895474,0
375509.547462266,9234.82286687217,0
375537.047386168,9261.54332306604,0
375564.626285495,9288.18066197687,0
375592.283910654,9314.73464881513,0
375620.020011378,9341.20504956471,0
375647.834336724,9367.59163098415,0
375675.726635078,9393.89416060745,0
375703.696654158,9420.1124067476,0
375731.744141013,9446.24613849772,0
375759.868842029,9472.29512573185,0
375788.070502931,9498.2591391085,0
375816.348868785,9524.13795007168,0
375844.703683998,9549.93133085177,0
375873.134692324,9575.63905446893,0
375901.641636868,9601.26089473419,0
375930.224260081,9626.79662625027,0
375958.882303771,9652.24602441492,0
375987.615509099,9677.60886542208,0
376016.423616586,9702.88492626257,0
376045.306366114,9728.07398472743,0
376074.263496927,9753.17581940912,0
376103.294747636,9778.19020970216,0
376132.399856219,9803.1169358063,0
376161.578560026,9827.95577872794,0
376190.830595781,9852.70652028056,0
376220.155699581,9877.36894308791,0
376249.553606905,9901.94283058542,0
376279.024052611,9926.42796702068,0
376308.566770941,9950.82413745636,0
376338.181495523,9975.13112777189,0
376367.867959374,9999.3487246638,0
376397.6258949,10023.4767156484,0
376427.455033904,10047.5148890639,0
376457.355107584,10071.4630340702,0
376487.325846535,10095.3209406521,0
376517.366980757,10119.0883996206,0
376547.478239651,10142.7652026137,0
376577.659352024,10166.3511420987,0
376607.910046095,10189.8460113739,0
376638.230049493,10213.2496045695,0
376668.619089261,10236.5617166491,0
376699.076891859,10259.7821434124,0
376729.603183168,10282.9106814957,0
376760.197688487,10305.947128373,0
376790.860132544,10328.8912823589,0
376821.590239491,10351.7429426095,0
376852.387732912,10374.5019091227,0
376883.252335821,10397.1679827418,0
376914.183770669,10419.7409651557,0
376945.181759342,10442.2206589001,0
376976.24602317,10464.6068673598,0
377007.376282922,10486.8993947702,0
377038.572258814,10509.0980462175,0
377069.833670509,10531.2026276414,0
377101.160237122,10553.2129458364,0
377132.551677219,10575.1288084526,0
377164.007708824,10596.9500239971,0
377195.528049419,10618.6764018365,0
377227.112415945,10640.3077521971,0
377258.760524807,10661.8438861663,0
377290.472091879,10683.2846156952,0
377322.246832501,10704.6297535989,0
377354.084461485,10725.8791135575,0
377385.984693118,10747.0325101187,0
377417.947241163,10768.0897586988,0
377449.971818863,10789.0506755826,0
377482.05813894,10809.9150779267,0
377514.205913606,10830.6827837603,0
377546.414854556,10851.3536119853,0
377578.684672975,10871.9273823787,0
377611.015079543,10892.4039155944,0
377643.405784434,10912.783033163,0
377675.856497319,10933.0645574939,0
377708.366927369,10953.2483118771,0
377740.936783261,10973.3341204835,0
377773.565773175,10993.321808366,0
377806.2536048,11013.2112014621,0
377838.999985337,11033.0021265943,0
377871.804621498,11052.6944114705,0
377904.667219515,11072.2878846867,0
377937.587485138,11091.7823757277,0
377970.565123636,11111.1777149677,0
378003.599839806,11130.4737336719,0
378036.691337969,11149.6702639984,0
378069.839321977,11168.7671389984,0
378103.043495215,11187.7641926172,0
378136.303560601,11206.6612596964,0
378169.619220593,11225.4581759748,0
378202.990177188,11244.1547780884,0
378236.416131925,11262.7509035728,0
378269.89678589,11281.2463908645,0
378303.431839718,11299.6410793006,0
378337.020993593,11317.934809121,0
378370.663947253,11336.1274214696,0
378404.360399996,11354.218758395,0
378438.110050672,11372.2086628511,0
378471.912597699,11390.0969786994,0
378505.767739058,11407.8835507095,0
378539.675172294,11425.5682245594,0
378573.634594524,11443.1508468376,0
378607.645702438,11460.6312650442,0
378641.708192301,11478.0093275911,0
378675.821759954,11495.2848838033,0
378709.98610082,11512.4577839206,0
378744.200909905,11529.5278790983,0
378778.465881799,11546.4950214071,0
378812.780710684,11563.3590638358,0
378847.145090331,11580.1198602917,0
378881.558714105,11596.7772656009,0
378916.021274967,11613.3311355098,0
378950.532465479,11629.7813266868,0
378985.091977805,11646.1276967221,0
379019.69950371,11662.3701041288,0
379054.354734572,11678.5084083446,0
379089.057361375,11694.5424697327,0
379123.807074717,11710.4721495814,0
379158.603564811,11726.2973101064,0
379193.44652149,11742.0178144518,0
379228.335634206,11757.6335266901,0
379263.270592034,11773.1443118232,0
379298.251083678,11788.550035784,0
379333.276797468,11803.8505654373,0
379368.347421367,11819.0457685795,0
379403.462642973,11834.1355139406,0
379438.62214952,11849.119671185,0
379473.825627883,11863.9981109122,0
379509.072764577,11878.7707046567,0
379544.363245765,11893.4373248903,0
379579.696757257,11907.9978450229,0
379615.072984513,11922.4521394019,0
379650.491612646,11936.8000833138,0
379685.952326426,11951.0415529859,0
379721.454810283,11965.1764255863,0
379756.998748305,11979.2045792238,0
379792.583824247,11993.1258929502,0
379828.20972153,12006.940246761,0
379863.876123243,12020.647521595,0
379899.58271215,12034.2475993357,0
379935.329170689,12047.7403628126,0
379971.115180975,12061.1256958016,0
380006.940424803,12074.4034830249,0
380042.804583653,12087.5736101529,0
380078.70733869,12100.6359638049,0
380114.648370767,12113.5904315491,0
380150.627360429,12126.4369019033,0
380186.643987913,12139.1752643363,0
380222.697933157,12151.8054092689,0
380258.788875794,12164.3272280733,0
380294.916495161,12176.7406130741,0
380331.080470301,12189.0454575503,0
380367.280479963,12201.241655735,0
380403.516202606,12213.3291028154,0
380439.787316402,12225.3076949344,0
380476.093499241,12237.1773291915,0
380512.434428731,12248.9379036432,0
380548.809782197,12260.5893173023,0
380585.219236691,12272.1314701404,0
380621.662468994,12283.5642630883,0
380658.139155613,12294.8875980356,0
380694.648972787,12306.1013778314,0
380731.191596491,12317.2055062859,0
380767.766702438,12328.199888171,0
380804.373966079,12339.0844292194,0
380841.01306261,12349.8590361263,0
380877.683666971,12360.5236165503,0
380914.385453854,12371.0780791134,0
380951.118097697,12381.5223334015,0
380987.881272694,12391.8562899647,0
381024.674652797,12402.0798603191,0
381061.497911716,12412.1929569464,0
381098.350722922,12422.195493294,0
381135.232759652,12432.0873837763,0
381172.143694911,12441.8685437755,0
381209.083201473,12451.5388896416,0
381246.050951884,12461.0983386922,0
381283.046618468,12470.5468092142,0
381320.069873325,12479.8842204642,0
381357.120388339,12489.1104926687,0
381394.197835174,12498.2255470237,0
381431.301885283,12507.2293056966,0
381468.432209907,12516.1216918263,0
381505.588480082,12524.9026295233,0
381542.770366634,12533.57204387,0
381579.977540188,12542.1298609216,0
381617.209671171,12550.5760077068,0
381654.466429813,12558.9104122277,0
381691.747486146,12567.13300346,0
381729.052510011,12575.243711354,0
381766.381171064,12583.242466835,0
381803.733138773,12591.1292018038,0
381841.10808242,12598.9038491362,0
381878.505671107,12606.5663426841,0
381915.925573759,12614.1166172764,0
381953.367459128,12621.5546087187,0
381990.830995788,12628.8802537933,0
382028.315852146,12636.0934902602,0
382065.821696441,12643.1942568577,0
382103.348196752,12650.1824933025,0
382140.895020989,12657.0581402895,0
382178.461836907,12663.8211394924,0
382216.048312103,12670.4714335648,0
382253.654114025,12677.00896614,0
382291.278909965,12683.433681831,0
382328.922367067,12689.7455262308,0
382366.584152332,12695.9444459134,0
382404.263932619,12702.0303884341,0
382441.961374645,12708.003302329,0
382479.67614499,12713.8631371154,0
382517.407910099,12719.609843293,0
382555.156336288,12725.2433723433,0
382592.921089742,12730.7636767304,0
382630.701836519,12736.1707099008,0
382668.498242553,12741.4644262837,0
382706.30997366,12746.6447812919,0
382744.136695538,12751.7117313216,0
382781.978073765,12756.6652337522,0
382819.833773809,12761.5052469472,0
382857.703461029,12766.2317302543,0
382895.586800677,12770.8446440056,0
382933.483457898,12775.3439495173,0
382971.393097736,12779.7296090907,0
383009.315385139,12784.0015860121,0
383047.249984955,12788.1598445528,0
383085.196561938,12792.2043499694,0
383123.154780753,12796.1350685041,0
383161.124305979,12799.9519673849,0
383199.104802106,12803.6550148256,0
383237.095933541,12807.2441800259,0
383275.097364612,12810.7194331718,0
383313.108759573,12814.0807454358,0
383351.129782598,12817.3280889767,0
383389.160097792,12820.4614369398,0
383427.19936919,12823.4807634576,0
383465.247260763,12826.3860436492,0
383503.303436416,12829.1772536207,0
383541.367559991,12831.8543704654,0
383579.439295278,12834.4173722639,0
383617.518306006,12836.866238084,0
383655.604255852,12839.2009479809,0
383693.696808446,12841.4214829976,0
383731.795627368,12843.5278251645,0
383769.900376154,12845.5199574995,0
383808.010718297,12847.3978640087,0
383846.126317254,12849.1615296856,0
383884.246836443,12850.8109405118,0
383922.371939247,12852.3460834568,0
383960.501289023,12853.7669464779,0
383998.634549094,12855.0735185206,0
384036.771382761,12856.2657895183,0
384074.911453302,12857.3437503926,0
384113.054423973,12858.307393053,0
384151.199958013,12859.1567103973,0
384189.347718648,12859.8916963112,0
384227.497369092,12860.5123456687,0
384265.648572547,12861.0186543317,0
384303.800992211,12861.4106191503,0
384341.954291277,12861.6882379627,0
384380.108132938,12861.851509595,0
384418.262180389,12861.9004338615,0
384456.416096826,12861.8350115642,0
384494.569545457,12861.6552444933,0
384532.722189495,12861.3611354268,0
384570.87369217,12860.9526881304,0
384609.023716724,12860.4299073577,0
384647.171926417,12859.7927988501,0
384685.317984533,12859.0413693362,0
384723.461554376,12858.1756265326,0
384761.602299276,12857.1955791431,0
384799.739882595,12856.1012368588,0
384837.873967723,12854.8926103584,0
384876.004218087,12853.5697113073,0
384914.130297149,12852.1325523584,0
384952.251868412,12850.581147151,0
384990.368595421,12848.9155103116,0
385028.480141765,12847.1356574532,0
385066.586171084,12845.2416051755,0
385104.686347064,12843.2333710642,0
385142.780333449,12841.1109736916,0
385180.867794035,12838.8744326159,0
385218.94839268,12836.5237683813,0
385257.0217933,12834.0590025176,0
385295.087659878,12831.4801575404,0
385333.145656464,12828.7872569504,0
385371.195447175,12825.9803252337,0
385409.236696202,12823.0593878614,0
385447.26906781,12820.0244712894,0
385485.292226345,12816.8756029579,0
385523.305836228,12813.6128112919,0
385561.309561967,12810.2361257004,0
385599.303068155,12806.7455765763,0
385637.286019474,12803.1411952962,0
385675.258080696,12799.4230142203,0
385713.218916687,12795.5910666918,0
385751.168192413,12791.645387037,0
385789.105572934,12787.586010565,0
385827.030723415,12783.4129735673,0
385864.943309127,12779.1263133173,0
385902.842995448,12774.7260680706,0
385940.729447864,12770.2122770646,0
385978.602331976,12765.5849805176,0
386016.4613135,12760.8442196291,0
386054.306058272,12755.9900365793,0
386092.136232246,12751.0224745291,0
386129.951501502,12745.9415776192,0
386167.751532247,12740.74739097,0
386205.535990816,12735.4399606818,0
386243.304543674,12730.0193338337,0
386281.056857425,12724.4855584837,0
386318.792598809,12718.8386836679,0
386356.511434704,12713.0787594011,0
386394.213032131,12707.2058366757,0
386431.897058258,12701.2199674609,0
386469.563180404,12695.1212047032,0
386507.211066031,12688.909602326,0
386544.840382761,12682.5852152289,0
386582.45079837,12676.148099287,0
386620.041980796,12669.5983113506,0
386657.613598134,12662.9359092459,0
386695.165318644,12656.1609517732,0
386732.696810757,12649.273498707,0
386770.207743072,12642.2736107952,0
386807.697784359,12635.1613497599,0
386845.166603564,12627.9367782959,0
386882.613869811,12620.59996007,0
386920.039252407,12613.150959721,0
386957.442420839,12605.5898428597,0
386994.823044779,12597.9166760683,0
387032.180794092,12590.1315268988,0
387069.515338834,12582.2344638735,0
387106.826349253,12574.2255564848,0
387144.113495791,12566.1048751943,0
387181.376449095,12557.8724914321,0
387218.614880014,12549.528477596,0
387255.828459599,12541.0729070521,0
387293.016859108,12532.5058541339,0
387330.179750013,12523.827394141,0
387367.316803997,12515.0376033388,0
387404.427692959,12506.1365589589,0
387441.512089015,12497.1243391983,0
387478.569664503,12488.0010232175,0
387515.600091988,12478.7666911413,0
387552.603044257,12469.4214240579,0
387589.578194328,12459.9653040189,0
387626.52521545,12450.3984140372,0
387663.443781109,12440.7208380876,0
387700.333565027,12430.9326611061,0
387737.194241163,12421.0339689896,0
387774.025483724,12411.0248485941,0
387810.826967159,12400.9053877349,0
387847.598366166,12390.6756751864,0
387884.339355692,12380.3358006811,0
387921.049610941,12369.8858549083,0
387957.72880737,12359.3259295141,0
387994.376620697,12348.6561171014,0
388030.992726897,12337.8765112281,0
388067.576802217,12326.9872064068,0
388104.128523164,12315.9882981039,0
388140.647566518,12304.8798827405,0
388177.133609329,12293.6620576895,0
388213.586328924,12282.3349212759,0
388250.005402907,12270.8985727763,0
388286.390509161,12259.3531124186,0
388322.741325854,12247.6986413801,0
388359.057531439,12235.9352617871,0
388395.338804657,12224.0630767151,0
388431.584824538,12212.0821901878,0
388467.79527041,12199.9927071752,0
388503.969821895,12187.7947335938,0
388540.108158913,12175.4883763063,0
388576.209961687,12163.0737431204,0
388612.274910746,12150.550942787,0
388648.302686923,12137.920085001,0
388684.292971363,12125.1812804003,0
388720.245445521,12112.3346405642,0
388756.159791171,12099.3802780126,0
388792.035690401,12086.3183062063,0
388827.872825621,12073.1488395458,0
388863.670879565,12059.8719933696,0
388899.429535292,12046.4878839539,0
388935.148476188,12032.9966285127,0
388970.827385971,12019.3983451959,0
389006.465948696,12005.6931530883,0
389042.063848751,11991.8811722093,0
389077.620770862,11977.9625235128,0
389113.1364001,11963.9373288847,0
389148.610421879,11949.8057111427,0
389184.042521961,11935.567794036,0
389219.432386455,11921.2237022443,0
389254.779701827,11906.7735613759,0
389290.084154895,11892.2174979674,0
389325.345432834,11877.555639484,0
389360.563223181,11862.7881143167,0
389395.737213837,11847.9150517819,0
389430.867093068,11832.9365821214,0
389465.952549507,11817.852836501,0
389500.993272158,11802.6639470087,0
389535.988950403,11787.3700466546,0
389570.939273994,11771.9712693705,0
389605.843933066,11756.4677500079,0
389640.702618135,11740.8596243368,0
389675.515020102,11725.1470290458,0
389710.280830252,11709.3301017414,0
389744.999740262,11693.408980945,0
389779.671442202,11677.3838060935,0
389814.295628535,11661.2547175387,0
389848.871992122,11645.0218565451,0
389883.400226224,11628.6853652888,0
389917.880024507,11612.2453868576,0
389952.311081037,11595.7020652498,0
389986.693090295,11579.0555453719,0
390021.025747168,11562.3059730386,0
390055.308746958,11545.4534949722,0
390089.541785381,11528.4982588005,0
390123.724558575,11511.4404130556,0
390157.856763098,11494.280107174,0
390191.938095929,11477.0174914951,0
390225.968254477,11459.6527172593,0
390259.946936579,11442.1859366074,0
390293.873840504,11424.6173025806,0
390327.748664954,11406.9469691174,0
390361.57110907,11389.1750910534,0
390395.34087243,11371.3018241209,0
390429.057655057,11353.3273249472,0
390462.721157417,11335.2517510524,0
390496.331080425,11317.0752608498,0
390529.887125444,11298.7980136446,0
390563.38899429,11280.4201696315,0
390596.836389237,11261.9418898945,0
390630.229013014,11243.363336406,0
390663.56656881,11224.684672025,0
390696.848760281,11205.9060604953,0
390730.075291544,11187.0276664461,0
390763.245867187,11168.0496553896,0
390796.360192268,11148.9721937191,0
390829.41797232,11129.7954487093,0
390862.418913349,11110.5195885146,0
390895.362721843,11091.1447821671,0
390928.249104771,11071.6711995757,0
390961.077769581,11052.099011526,0
390993.848424214,11032.4283896774,0
391026.560777096,11012.6595065621,0
391059.214537146,10992.7925355851,0
391091.809413777,10972.8276510219,0
391124.345116899,10952.7650280166,0
391156.82135692,10932.6048425818,0
391189.237844752,10912.3472715975,0
391221.59429181,10891.9924928081,0
391253.890410017,10871.5406848221,0
391286.125911804,10850.9920271118,0
391318.300510117,10830.3467000101,0
391350.413918414,10809.6048847098,0
391382.465850672,10788.766763263,0
391414.456021387,10767.8325185791,0
391446.384145578,10746.8023344229,0
391478.249938789,10725.6763954143,0
391510.05311709,10704.4548870266,0
391541.793397085,10683.1379955843,0
391573.470495906,10661.7259082624,0
391605.084131223,10640.2188130859,0
391636.634021243,10618.6168989262,0
391668.119884714,10596.9203555009,0
391699.541440926,10575.1293733735,0
391730.898409713,10553.2441439497,0
391762.190511461,10531.2648594769,0
391793.417467101,10509.191713044,0
391824.578998122,10487.024898578,0
391855.674826566,10464.7646108431,0
391886.704675033,10442.41104544,0
391917.668266684,10419.9643988041,0
391948.565325242,10397.4248682029,0
391979.395574997,10374.7926517358,0
392010.158740807,10352.0679483327,0
392040.854548099,10329.250957751,0
392071.482722875,10306.3418805753,0
392102.042991712,10283.3409182162,0
392132.535081764,10260.2482729072,0
392162.958720767,10237.0641477044,0
392193.313637039,10213.788746485,0
392223.599559484,10190.422273945,0
392253.816217595,10166.9649355974,0
392283.963341454,10143.4169377724,0
392314.040661737,10119.7784876137,0
392344.047909716,10096.0497930776,0
392373.984817258,10072.2310629325,0
392403.851116835,10048.3225067558,0
392433.646541519,10024.3243349322,0
392463.370824987,10000.2367586539,0
392493.023701526,9976.05998991713,0
392522.604906033,9951.79424152077,0
392552.114174015,9927.43972706577,0
392581.551241598,9902.99666095255,0
392610.915845523,9878.46525837892,0
392640.207723152,9853.84573533975,0
392669.426612471,9829.13830862455,0
392698.572252089,9804.34319581499,0
392727.644381242,9779.46061528467,0
392756.642739799,9754.4907861968,0
392785.567068259,9729.43392850163,0
392814.417107756,9704.29026293602,0
392843.19260006,9679.06001102144,0
392871.893287584,9653.74339506107,0
392900.518913381,9628.34063813945,0
392929.069221146,9602.85196412053,0
392957.543955226,9577.27759764468,0
392985.942860613,9551.61776412823,0
393014.265682953,9525.87268976167,0
393042.512168544,9500.04260150656,0
393070.682064344,9474.12772709493,0
393098.775117964,9448.12829502765,0
393126.791077682,9422.04453457123,0
393154.729692438,9395.87667575711,0
393182.590711835,9369.62494938018,0
393210.373886147,9343.28958699538,0
393238.07896632,9316.87082091713,0
393265.70570397,9290.36888421768,0
393293.25385139,9263.78401072379,0
393320.723161551,9237.11643501604,0
393348.113388103,9210.36639242727,0
393375.424285379,9183.53411903915,0
393402.655608399,9156.6198516815,0
393429.807112867,9129.62382793068,0
393456.878555178,9102.54628610616,0
393483.869692418,9075.38746526985,0
393510.780282369,9048.14760522434,0
393537.610083508,9020.82694650959,0
393564.358855011,8993.42573040217,0
393591.026356755,8965.9441989135,0
393617.612349321,8938.3825947864,0
393644.116593996,8910.74116149456,0
393670.538852774,8883.02014324044,0
393696.878888361,8855.21978495205,0
393723.136464173,8827.3403322823,0
393749.311344343,8799.38203160682,0
393775.403293722,8771.34513002076,0
393801.412077877,8743.22987533827,0
393827.3374631,8715.03651608998,0
393853.179216406,8686.76530151999,0
393878.937105537,8658.41648158541,0
393904.610898961,8629.99030695349,0
393930.20036588,8601.48702899891,0
393955.705276227,8572.90689980323,0
393981.125400671,8544.25017215174,0
394006.460510618,8515.51709953107,0
394031.710378215,8486.70793612849,0
394056.874776349,8457.82293682858,0
394081.953478654,8428.86235721105,0
394106.946259507,8399.82645354998,0
394131.852894037,8370.71548281018,0
394156.673158121,8341.52970264543,0
394181.40682839,8312.26937139742,0
394206.053682231,8282.93474809201,0
394230.613497789,8253.52609243772,0
394255.086053966,8224.04366482451,0
394279.471130427,8194.48772631983,0
394303.768507603,8164.85853866754,0
394327.977966688,8135.15636428615,0
394352.099289646,8105.3814662651,0
394376.132259211,8075.5341083639,0
394400.076658889,8045.61455500978,0
394423.932272963,8015.62307129433,0
394447.69888649,7985.55992297277,0
394471.376285308,7955.425376461,0
394494.964256035,7925.21969883275,0
394518.462586073,7894.94315781873,0
394541.871063609,7864.59602180332,0
394565.189477617,7834.1785598221,0
394588.417617862,7803.69104156093,0
394611.555274899,7773.13373735216,0
394634.602240078,7742.50691817281,0
394657.558305545,7711.81085564323,0
394680.423264243,7681.04582202313,0
394703.196909915,7650.21209021031,0
394725.879037107,7619.30993373869,0
394748.469441169,7588.33962677455,0
394770.967918257,7557.3014441156,0
394793.374265334,7526.19566118824,0
394815.688280175,7495.02255404432,0
394837.909761368,7463.7823993603,0
394860.038508312,7432.47547443379,0
394882.074321226,7401.10205718104,0
394904.017001146,7369.66242613583,0
394925.866349927,7338.15686044557,0
394947.622170249,7306.58563986951,0
394969.284265614,7274.94904477708,0
394990.852440353,7243.24735614391,0
395012.326499624,7211.48085555067,0
395033.706249413,7179.64982518049,0
395054.991496543,7147.7545478155,0
395076.182048668,7115.79530683588,0
395097.277714279,7083.77238621643,0
395118.278302706,7051.68607052387,0
395139.183624119,7019.5366449157,0
395159.993489527,6987.32439513618,0
395180.707710789,6955.04960751454,0
395201.326100604,6922.71256896312,0
395221.848472523,6890.31356697334,0
395242.274640944,6857.85288961462,0
395262.604421119,6825.33082553138,0
395282.837629151,6792.74766393984,0
395302.974082,6760.10369462687,0
395323.013597484,6727.39920794626,0
395342.955994279,6694.63449481635,0
395362.801091921,6661.80984671852,0
395382.548710812,6628.92555569298,0
395402.198672216,6595.98191433749,0
395421.750798264,6562.97921580454,0
395441.204911957,6529.91775379793,0
395460.560837165,6496.79782257156,0
395479.81839863,6463.61971692575,0
395498.977421969,6430.38373220473,0
395518.037733672,6397.09016429505,0
395536.99916111,6363.73930962144,0
395555.861532531,6330.33146514529,0
395574.624677064,6296.86692836192,0
395593.288424723,6263.34599729705,0
395611.852606404,6229.76897050553,0
395630.317053891,6196.13614706757,0
395648.681599855,6162.4478265863,0
395666.946077857,6128.70430918595,0
395685.110322351,6094.90589550772,0
395703.174168683,6061.05288670839,0
395721.137453093,6027.14558445712,0
395739.000012721,5993.18429093229,0
395756.761685601,5959.16930882001,0
395774.422310672,5925.10094131006,0
395791.98172777,5890.97949209393,0
395809.439777639,5856.80526536239,0
395826.796301924,5822.57856580157,0
395844.05114318,5788.29969859172,0
395861.204144868,5753.96896940337,0
395878.255151361,5719.58668439476,0
395895.204007944,5685.15315020992,0
395912.050560813,5650.6686739745,0
395928.794657081,5616.13356329429,0
395945.436144776,5581.54812625184,0
395961.974872847,5546.91267140337,0
395978.410691159,5512.22750777706,0
395994.743450502,5477.49294486889,0
396010.973002587,5442.70929264089,0
396027.099200048,5407.87686151805,0
396043.121896449,5372.9959623849,0
396059.040946278,5338.06690658393,0
396074.856204955,5303.09000591145,0
396090.567528828,5268.06557261556,0
396106.174775179,5232.99391939334,0
396121.677802224,5197.87535938719,0
396137.076469112,5162.71020618325,0
396152.370635932,5127.49877380734,0
396167.560163707,5092.24137672269,0
396182.644914405,5056.93832982737,0
396197.62475093,5021.58994845036,0
396212.499537131,4986.19654835005,0
396227.269137802,4950.75844571017,0
396241.933418681,4915.27595713741,0
396256.492246454,4879.7493996589,0
396270.945488753,4844.17909071818,0
396285.293014164,4808.56534817374,0
396299.534692219,4772.90849029484,0
396313.670393408,4737.20883575923,0
396327.69998917,4701.46670365038,0
396341.623351902,4665.68241345371,0
396355.440354959,4629.85628505485,0
396369.150872651,4593.98863873553,0
396382.754780248,4558.07979517136,0
396396.251953983,4522.13007542882,0
396409.642271049,4486.13980096167,0
396422.925609603,4450.1092936091,0
396436.101848767,4414.03887559148,0
396449.170868628,4377.92886950844,0
396462.132550241,4341.77959833533,0
396474.98677563,4305.59138542015,0
396487.733427788,4269.36455448126,0
396500.372390681,4233.09942960322,0
396512.903549243,4196.79633523509,0
396525.326789387,4160.45559618634,0
396537.641997998,4124.07753762437,0
396549.849062936,4087.66248507164,0
396561.947873041,4051.21076440187,0
396573.938318129,4014.7227018382,0
396585.820288997,3978.19862394885,0
396597.593677423,3941.63885764516,0
396609.258376166,3905.04373017793,0
396620.81427897,3868.4135691344,0
396632.261280561,3831.74870243573,0
396643.599276651,3795.04945833298,0
396654.828163941,3758.31616540522,0
396665.947840116,3721.54915255531,0
396676.958203853,3684.74874900769,0
396687.859154817,3647.91528430488,0
396698.650593664,3611.04908830435,0
396709.332422044,3574.1504911759,0
396719.904542599,3537.21982339776,0
396730.366858964,3500.25741575448,0
396740.719275771,3463.26359933284,0
396750.961698648,3426.23870551957,0
396761.09403422,3389.18306599771,0
396771.11619011,3352.09701274361,0
396781.028074942,3314.98087802415,0
396790.829598337,3277.83499439288,0
396800.520670922,3240.65969468788,0
396810.101204323,3203.45531202755,0
396819.57111117,3166.2221798085,0
396828.930305097,3128.96063170155,0
396838.178700744,3091.67100164916,0
396847.316213758,3054.35362386206,0
396856.34276079,3017.00883281596,0
396865.258259501,2979.63696324886,0
396874.062628563,2942.23835015715,0
396882.755787652,2904.81332879335,0
396891.337657461,2867.36223466198,0
396899.80815969,2829.88540351732,0
396908.167217054,2792.38317135943,0
396916.414753279,2754.85587443155,0
396924.550693107,2717.30384921658,0
396932.574962294,2679.72743243401,0
396940.487487611,2642.12696103684,0
396948.288196848,2604.50277220803,0
396955.97701881,2566.85520335787,0
396963.55388332,2529.18459212008,0
396971.018721221,2491.49127634939,0
396978.371464375,2453.77559411746,0
396985.612045665,2416.03788371062,0
396992.740398994,2378.27848362567,0
396999.756459287,2340.49773256761,0
397006.660162494,2302.69596944561,0
397013.451445584,2264.87353337039,0
397020.130246554,2227.03076365059,0
397026.696504423,2189.16799978981,0
397033.150159236,2151.28558148318,0
397039.491152064,2113.38384861426,0
397045.719425005,2075.46314125177,0
397051.834921185,2037.52379964623,0
397057.837584755,1999.566164227,0
397063.727360897,1961.59057559861,0
397069.504195821,1923.59737453803,0
397075.168036769,1885.58690199087,0
397080.718832009,1847.55949906865,0
397086.156530845,1809.51550704504,0
397091.481083607,1771.45526735312,0
397096.692441661,1733.37912158157,0
397101.790557404,1695.28741147197,0
397106.775384267,1657.18047891497,0
397111.646876712,1619.05866594757,0
397116.404990238,1580.92231474935,0
397121.049681377,1542.77176763963,0
397125.580907697,1504.6073670738,0
397129.9986278,1466.42945564043,0
397134.302801325,1428.23837605762,0
397138.493388947,1390.03447117005,0
397142.570352379,1351.81808394542,0
397146.533654369,1313.58955747138,0
397150.383258705,1275.34923495212,0
397154.119130212,1237.09745970507,0
397157.741234753,1198.83457515777,0
397161.24953923,1160.56092484432,0
397164.644011585,1122.27685240236,0
397167.9246208,1083.98270156953,0
397171.091336895,1045.6788161804,0
397174.144130932,1007.36554016294,0
397177.082975012,969.043217535474,0
397179.907842278,930.712192403109,0
397182.618706914,892.37280895469,0
397185.215544146,854.02541145931,0
397187.69833024,815.670344263056,0
397190.067042506,777.307951785819,0
397192.321659294,738.938578517726,0
397194.46216,700.562569016169,0
397196.488525059,662.180267902184,0
397198.400735951,623.792019857339,0
397200.198775198,585.398169620385,0
397201.882626366,546.999061983839,0
397203.452274066,508.595041790841,0
397204.90770395,470.186453931706,0
397206.248902715,431.773643340637,0
397207.475858102,393.356954992504,0
397208.588558896,354.93673389937,0
397209.586994927,316.513325107303,0
397210.471157069,278.087073693038,0
397211.24103724,239.658324760583,0
397211.896628403,201.227423437983,0
397212.437924565,162.794714874006,0
397212.864920778,124.360544234736,0
397213.17761314,85.9252567003587,0
397213.375998792,47.4891974617794,0
397213.460075921,9.05271171732118,0
397213.429843758,-29.3838553305737,0
397213.28530258,-67.820158478703,0
397213.026453708,-106.2558525264,0
397212.653299508,-144.690592278826,0
397212.16584339,-183.124032550367,0
397211.564089811,-221.555828167851,0
397210.848044271,-259.985633973946,0
397210.017713314,-298.41310483046,0
397209.073104532,-336.837895621618,0
397208.014226557,-375.259661257422,0
397206.841089069,-413.678056676976,0
397205.55370279,-452.092736851765,0
397204.152079488,-490.50335678898,0
397202.636231973,-528.909571534869,0
397201.006174101,-567.311036178011,0
397199.261920772,-605.707405852646,0
397197.403487926,-644.098335741989,0
397195.430892551,-682.483481081559,0
397193.344152675,-720.862497162429,0
397191.143287371,-759.235039334651,0
397188.828316753,-797.60076301043,0
397186.39926198,-835.959323667545,0
397183.85614525,-874.31037685261,0
397181.198989807,-912.65357818435,0
397178.427819934,-950.988583357017,0
397175.542660958,-989.315048143523,0
397172.543539243,-1027.63262839894,0
397169.4304822,-1065.94098006363,0
397166.203518276,-1104.23975916663,0
397162.862676959,-1142.52862182904,0
397159.40798878,-1180.80722426704,0
397155.839485308,-1219.0752227956,0
397152.157199149,-1257.33227383131,0
397148.361163952,-1295.57803389613,0
397144.451414402,-1333.81215962029,0
397140.427986223,-1372.03430774587,0
397136.290916177,-1410.24413512992,0
397132.040242065,-1448.44129874782,0
397127.676002721,-1486.62545569654,0
397123.19823802,-1524.79626319793,0
397118.60698887,-1562.95337860203,0
397113.902297216,-1601.09645939025,0
397109.084206039,-1639.22516317886,0
397104.152759354,-1677.33914772192,0
397099.108002209,-1715.43807091499,0
397093.949980688,-1753.52159079797,0
397088.678741907,-1791.58936555875,0
397083.294334015,-1829.64105353611,0
397077.796806194,-1867.67631322339,0
397072.186208656,-1905.6948032713,0
397066.462592645,-1943.69618249168,0
397060.626010436,-1981.68010986018,0
397054.676515333,-2019.64624452018,0
397048.614161671,-2057.59424578536,0
397042.439004812,-2095.52377314356,0
397036.151101148,-2133.43448625951,0
397029.750508096,-2171.32604497855,0
397023.237284102,-2209.1981093294,0
397016.611488638,-2247.05033952787,0
397009.873182201,-2284.88239597963,0
397003.022426313,-2322.6939392839,0
396996.059283521,-2360.48463023626,0
396988.983817394,-2398.25412983222,0
396981.796092527,-2436.00209927024,0
396974.496174534,-2473.72819995498,0
396967.084130051,-2511.43209350063,0
396959.560026735,-2549.11344173395,0
396951.923933265,-2586.77190669771,0
396944.175919337,-2624.40715065356,0
396936.316055665,-2662.01883608574,0
396928.344413982,-2699.60662570361,0
396920.261067037,-2737.17018244565,0
396912.066088596,-2774.70916948178,0
396903.759553441,-2812.22325021743,0
396895.341537365,-2849.71208829593,0
396886.812117179,-2887.17534760239,0
396878.171370702,-2924.61269226628,0
396869.41937677,-2962.02378666508,0
396860.556215227,-2999.40829542719,0
396851.581966928,-3036.76588343507,0
396842.496713735,-3074.09621582878,0
396833.300538523,-3111.39895800847,0
396823.993525171,-3148.67377563841,0
396814.575758566,-3185.92033464917,0
396805.047324599,-3223.13830124178,0
396795.408310168,-3260.3273418899,0
396785.658803173,-3297.4871233438,0
396775.798892517,-3334.61731263294,0
396765.828668107,-3371.71757706931,0
396755.748220847,-3408.78758425069,0
396745.557642644,-3445.82700206337,0
396735.257026403,-3482.83549868594,0
396724.846466025,-3519.81274259146,0
396714.326056412,-3556.75840255172,0
396703.695893456,-3593.67214763923,0
396692.95607405,-3630.55364723118,0
396682.106696075,-3667.40257101209,0
396671.147858409,-3704.21858897691,0
396660.079660919,-3741.00137143455,0
396648.902204462,-3777.75058901012,0
396637.615590888,-3814.46591264914,0
396626.21992303,-3851.14701361943,0
396614.715304713,-3887.79356351517,0
396603.101840745,-3924.40523425938,0
396591.379636919,-3960.98169810711,0
396579.548800014,-3997.52262764881,0
396567.609437788,-4034.02769581269,0
396555.561658985,-4070.49657586873,0
396543.405573324,-4106.92894143064,0
396531.141291507,-4143.32446645992,0
396518.768925213,-4179.68282526819,0
396506.288587095,-4216.00369252036,0
396493.700390786,-4252.28674323817,0
396481.004450889,-4288.53165280216,0
396468.200882982,-4324.73809695596,0
396455.289803614,-4360.90575180812,0
396442.271330306,-4397.03429383593,0
396429.145581546,-4433.12339988817,0
396415.912676791,-4469.17274718766,0
396402.572736464,-4505.1820133353,0
396389.125881954,-4541.15087631168,0
396375.572235615,-4577.07901448132,0
396361.91192076,-4612.96610659488,0
396348.145061668,-4648.81183179219,0
396334.271783575,-4684.6158696058,0
396320.292212677,-4720.37789996288,0
396306.206476126,-4756.09760318938,0
396292.014702032,-4791.77466001194,0
396277.717019459,-4827.40875156139,0
396263.313558422,-4862.99955937579,0
396248.80444989,-4898.54676540256,0
396234.189825783,-4934.05005200262,0
396219.469818969,-4969.50910195209,0
396204.644563262,-5004.923598446,0
396189.714193426,-5040.29322510105,0
396174.678845166,-5075.61766595795,0
396159.538655134,-5110.89660548538,0
396144.293760919,-5146.12972858163,0
396128.944301055,-5181.31672057848,0
396113.490415012,-5216.45726724373,0
396097.9322432,-5251.55105478353,0
396082.269926962,-5286.59776984646,0
396066.503608577,-5321.597099525,0
396050.633431258,-5356.54873135935,0
396034.659539146,-5391.45235334013,0
396018.582077316,-5426.30765391044,0
396002.401191768,-5461.11432197003,0
395986.117029431,-5495.8720468768,0
395969.729738159,-5530.58051845041,0
395953.239466728,-5565.23942697514,0
395936.646364837,-5599.84846320176,0
395919.950583107,-5634.40731835179,0
395903.152273077,-5668.91568411892,0
395886.251587201,-5703.37325267249,0
395869.248678852,-5737.77971666055,0
395852.143702316,-5772.13476921149,0
395834.936812792,-5806.43810393825,0
395817.628166388,-5840.68941494004,0
395800.217920124,-5874.88839680526,0
395782.706231924,-5909.03474461496,0
395765.093260622,-5943.12815394432,0
395747.379165954,-5977.16832086663,0
395729.564108559,-6011.15494195538,0
395711.648249976,-6045.08771428664,0
395693.631752644,-6078.96633544293,0
395675.5147799,-6112.79050351452,0
395657.297495977,-6146.55991710308,0
395638.980066001,-6180.27427532439,0
395620.562655991,-6213.93327780998,0
395602.045432857,-6247.53662471132,0
395583.428564396,-6281.08401670133,0
395564.712219294,-6314.5751549773,0
395545.896567123,-6348.00974126425,0
395526.981778338,-6381.38747781627,0
395507.968024275,-6414.70806742043,0
395488.855477149,-6447.97121339887,0
395469.644310058,-6481.17661961094,0
395450.334696972,-6514.32399045704,0
395430.926812737,-6547.41303087997,0
395411.420833074,-6580.44344636818,0
395391.816934571,-6613.41494295871,0
395372.115294689,-6646.32722723859,0
395352.316091755,-6679.18000634878,0
395332.419504961,-6711.97298798611,0
395312.425714364,-6744.70588040532,0
395292.334900883,-6777.37839242301,0
395272.147246295,-6809.99023341878,0
395251.862933238,-6842.54111333843,0
395231.482145204,-6875.03074269695,0
395211.005066541,-6907.45883257977,0
395190.431882449,-6939.82509464664,0
395169.762778978,-6972.12924113359,0
395148.997943027,-7004.37098485483,0
395128.137562344,-7036.55003920664,0
395107.181825518,-7068.66611816857,0
395086.130921984,-7100.71893630638,0
395064.985042017,-7132.70820877515,0
395043.744376732,-7164.63365132046,0
395022.409118079,-7196.49498028196,0
395000.979458845,-7228.29191259573,0
394979.455592651,-7260.02416579565,0
394957.837713947,-7291.69145801742,0
394936.126018013,-7323.29350800001,0
394914.320700958,-7354.83003508782,0
394892.421959715,-7386.30075923441,0
394870.42999204,-7417.70540100347,0
394848.344996512,-7449.04368157186,0
394826.167172526,-7480.31532273256,0
394803.896720299,-7511.52004689573,0
394781.53384086,-7542.65757709226,0
394759.078736051,-7573.72763697603,0
394736.531608528,-7604.72995082518,0
394713.892661754,-7635.66424354602,0
394691.1621,-7666.53024067451,0
394668.340128342,-7697.32766837817,0
394645.426952658,-7728.05625345982,0
394622.422779629,-7758.71572335856,0
394599.327816734,-7789.30580615243,0
394576.142272248,-7819.82623056165,0
394552.866355242,-7850.27672594935,0
394529.500275579,-7880.65702232498,0
394506.044243913,-7910.96685034679,0
394482.498471686,-7941.20594132273,0
394458.863171127,-7971.37402721423,0
394435.138555248,-8001.47084063807,0
394411.324837845,-8031.49611486756,0
394387.422233493,-8061.44958383649,0
394363.430957544,-8091.33098214042,0
394339.351226128,-8121.14004503837,0
394315.183256146,-8150.87650845665,0
394290.927265272,-8180.54010898967,0
394266.583471949,-8210.13058390229,0
394242.152095388,-8239.6476711332,0
394217.633355563,-8269.09110929562,0
394193.027473213,-8298.46063768009,0
394168.334669835,-8327.75599625741,0
394143.555167688,-8356.97692567929,0
394118.689189784,-8386.12316728161,0
394093.736959891,-8415.19446308675,0
394068.698702527,-8444.19055580445,0
394043.574642963,-8473.11118883525,0
394018.365007213,-8501.95610627249,0
393993.070022041,-8530.72505290317,0
393967.689914949,-8559.41777421171,0
393942.224914184,-8588.03401638144,0
393916.675248731,-8616.57352629574,0
393891.041148308,-8645.03605154182,0
393865.32284337,-8673.42134041188,0
393839.520565105,-8701.72914190457,0
393813.634545427,-8729.95920572857,0
393787.665016979,-8758.11128230366,0
393761.612213131,-8786.18512276233,0
393735.476367974,-8814.18047895327,0
393709.257716318,-8842.09710344231,0
393682.956493694,-8869.93474951416,0
393656.572936348,-8897.69317117582,0
393630.10728124,-8925.3721231574,0
393603.55976604,-8952.971360914,0
393576.930629129,-8980.49064062904,0
393550.220109594,-9007.92971921491,0
393523.428447227,-9035.28835431506,0
393496.555882521,-9062.5663043072,0
393469.602656671,-9089.76332830378,0
393442.569011567,-9116.87918615436,0
393415.455189796,-9143.91363844854,0
393388.261434638,-9170.86644651649,0
393360.987990063,-9197.73737243132,0
393333.635100729,-9224.526179012,0
393306.20301198,-9251.23262982373,0
393278.691969846,-9277.85648918053,0
393251.102221035,-9304.39752214788,0
393223.434012935,-9330.85549454322,0
393195.687593612,-9357.23017293849,0
393167.863211803,-9383.52132466271,0
393139.961116921,-9409.72871780248,0
393111.981559044,-9435.85212120451,0
393083.924788921,-9461.89130447812,0
393055.791057963,-9487.84603799582,0
393027.580618245,-9513.71609289566,0
392999.293722502,-9539.50124108386,0
392970.930624124,-9565.20125523531,0
392942.49157716,-9590.8159087958,0
392913.976836308,-9616.3449759848,0
392885.386656919,-9641.78823179584,0
392856.721294992,-9667.14545199867,0
392827.98100717,-9692.4164131421,0
392799.16605074,-9717.60089255434,0
392770.27668363,-9742.69866834509,0
392741.313164405,-9767.70951940837,0
392712.275752268,-9792.63322542296,0
392683.164707054,-9817.46956685421,0
392653.980289228,-9842.21832495704,0
392624.722759887,-9866.87928177641,0
392595.392380751,-9891.45222014887,0
392565.989414166,-9915.93692370569,0
392536.514123097,-9940.3331768734,0
392506.966771129,-9964.64076487508,0
392477.347622465,-9988.85947373356,0
392447.656941919,-10012.9890902721,0
392417.894994918,-10037.0294021155,0
392388.062047498,-10060.9801976932,0
392358.158366302,-10084.84126624,0
392328.184218577,-10108.6123977973,0
392298.139872169,-10132.2933832159,0
392268.025595528,-10155.8840141572,0
392237.841657696,-10179.3840830936,0
392207.588328313,-10202.793383312,0
392177.265877608,-10226.1117089147,0
392146.8745764,-10249.3388548198,0
392116.414696096,-10272.4746167645,0
392085.886508685,-10295.5187913062,0
392055.290286739,-10318.4711758232,0
392024.626303411,-10341.331568517,0
391993.894832427,-10364.0997684143,0
391963.096148091,-10386.7755753675,0
391932.230525276,-10409.3587900564,0
391901.298239425,-10431.8492139909,0
391870.299566548,-10454.2466495111,0
391839.234783221,-10476.5508997891,0
391808.104166578,-10498.7617688314,0
391776.907994315,-10520.8790614797,0
391745.646544685,-10542.9025834116,0
391714.320096492,-10564.8321411437,0
391682.928929094,-10586.6675420327,0
391651.473322398,-10608.4085942752,0
391619.953556858,-10630.0551069111,0
391588.36991347,-10651.6068898247,0
391556.722673774,-10673.0637537452,0
391525.012119847,-10694.4255102487,0
391493.238534302,-10715.6919717603,0
391461.402200289,-10736.8629515543,0
391429.503401486,-10757.9382637558,0
391397.542422101,-10778.9177233435,0
391365.519546869,-10799.8011461495,0
391333.435061047,-10820.5883488606,0
391301.289250414,-10841.2791490215,0
391269.082401268,-10861.8733650344,0
391236.814800423,-10882.3708161606,0
391204.486735205,-10902.7713225226,0
391172.098493451,-10923.0747051053,0
391139.650363508,-10943.2807857563,0
391107.142634229,-10963.3893871884,0
391074.575594966,-10983.4003329809,0
391041.949535576,-11003.31344758,0
391009.264746413,-11023.1285563005,0
390976.521518325,-11042.8454853277,0
390943.720142653,-11062.4640617184,0
390910.860911229,-11081.9841134011,0
390877.944116374,-11101.4054691787,0
390844.970050892,-11120.7279587299,0
390811.939008069,-11139.9514126085,0
390778.851281673,-11159.0756622466,0
390745.707165948,-11178.1005399557,0
390712.506955613,-11197.0258789266,0
390679.250945859,-11215.8515132316,0
390645.939432347,-11234.5772778261,0
390612.572711204,-11253.2030085491,0
390579.151079022,-11271.728542124,0
390545.674832856,-11290.1537161609,0
390512.144270215,-11308.4783691577,0
390478.559689072,-11326.7023405,0
390444.921387849,-11344.8254704634,0
390411.229665419,-11362.847600215,0
390377.484821105,-11380.7685718135,0
390343.687154679,-11398.5882282103,0
390309.83696635,-11416.3064132521,0
390275.934556773,-11433.9229716811,0
390241.98022704,-11451.437749135,0
390207.974278677,-11468.8505921503,0
390173.917013644,-11486.1613481624,0
390139.808734332,-11503.369865506,0
390105.64974356,-11520.4759934172,0
390071.440344569,-11537.4795820344,0
390037.180841026,-11554.3804823995,0
390002.871537018,-11571.1785464577,0
389968.512737045,-11587.8736270607,0
389934.104746026,-11604.4655779664,0
389899.647869289,-11620.9542538399,0
389865.142412575,-11637.3395102547,0
389830.588682027,-11653.6212036948,0
389795.986984194,-11669.7991915542,0
389761.337626028,-11685.8733321383,0
389726.640914879,-11701.8434846657,0
389691.89715849,-11717.709509269,0
389657.106665002,-11733.4712669945,0
389622.269742945,-11749.1286198046,0
389587.386701236,-11764.6814305791,0
389552.457849179,-11780.1295631148,0
389517.483496461,-11795.4728821267,0
389482.463953148,-11810.7112532503,0
389447.399529683,-11825.8445430416,0
389412.290536888,-11840.8726189775,0
389377.137285954,-11855.7953494575,0
389341.94008844,-11870.612603805,0
389306.699256276,-11885.3242522678,0
389271.415101754,-11899.9301660179,0
389236.087937529,-11914.4302171544,0
389200.718076613,-11928.8242787038,0
389165.305832376,-11943.1122246196,0
389129.851518541,-11957.2939297844,0
389094.355449184,-11971.3692700113,0
389058.817938724,-11985.3381220438,0
389023.239301933,-11999.2003635561,0
388987.619853921,-12012.9558731555,0
388951.959910139,-12026.6045303828,0
388916.259786378,-12040.1462157127,0
388880.519798762,-12053.5808105541,0
388844.740263749,-12066.9081972527,0
388808.921498123,-12080.1282590907,0
388773.063819,-12093.2408802871,0
388737.167543818,-12106.2459459996,0
388701.232990337,-12119.143342325,0
388665.260476634,-12131.9329563003,0
388629.250321106,-12144.6146759022,0
388593.202842463,-12157.1883900496,0
388557.118359723,-12169.6539886039,0
388520.997192214,-12182.0113623689,0
388484.839659572,-12194.2604030922,0
388448.646081733,-12206.4010034663,0
388412.416778934,-12218.4330571292,0
388376.15207171,-12230.3564586645,0
388339.852280892,-12242.1711036023,0
388303.517727602,-12253.8768884212,0
388267.14873325,-12265.4737105476,0
388230.745619536,-12276.9614683564,0
388194.308708444,-12288.3400611727,0
388157.838322237,-12299.609389272,0
388121.334783458,-12310.7693538811,0
388084.798414928,-12321.8198571778,0
388048.229539741,-12332.7608022929,0
388011.628481258,-12343.5920933106,0
387974.995563112,-12354.3136352688,0
387938.331109203,-12364.9253341592,0
387901.635443688,-12375.4270969293,0
387864.908890989,-12385.8188314828,0
387828.151775783,-12396.100446679,0
387791.364423004,-12406.2718523345,0
387754.547157835,-12416.3329592239,0
387717.700305709,-12426.2836790803,0
387680.824192308,-12436.1239245952,0
387643.919143556,-12445.8536094196,0
387606.985485619,-12455.4726481655,0
387570.023544899,-12464.9809564052,0
387533.033648038,-12474.3784506723,0
387496.016121909,-12483.665048462,0
387458.971293616,-12492.8406682329,0
387421.899490488,-12501.9052294064,0
387384.801040084,-12510.8586523671,0
387347.676270182,-12519.700858464,0
387310.525508782,-12528.4317700113,0
387273.349084096,-12537.0513102884,0
387236.147324557,-12545.5594035403,0
387198.920558806,-12553.9559749781,0
387161.669115694,-12562.2409507805,0
387124.393324275,-12570.4142580936,0
387087.09351381,-12578.475825031,0
387049.770013763,-12586.4255806748,0
387012.423153791,-12594.2634550762,0
386975.053263746,-12601.9893792563,0
386937.660673678,-12609.6032852053,0
386900.245713824,-12617.1051058841,0
386862.808714609,-12624.4947752246,0
386825.35000664,-12631.7722281304,0
386787.869920709,-12638.9374004763,0
386750.368787787,-12645.9902291094,0
386712.846939021,-12652.9306518496,0
386675.30470573,-12659.7586074904,0
386637.742419405,-12666.4740357985,0
386600.160411709,-12673.0768775143,0
386562.559014466,-12679.567074353,0
386524.938559665,-12685.9445690047,0
386487.299379453,-12692.2093051348,0
386449.641806139,-12698.3612273838,0
386411.966172185,-12704.4002813687,0
386374.272810202,-12710.326413683,0
386336.562052954,-12716.1395718969,0
386298.83423335,-12721.8397045577,0
386261.089684447,-12727.42676119,0
386223.328739438,-12732.900692297,0
386185.551731655,-12738.2614493597,0
386147.758994569,-12743.508984838,0
386109.950861785,-12748.6432521702,0
386072.127667036,-12753.6642057745,0
386034.28974418,-12758.5718010487,0
385996.437427205,-12763.3659943703,0
385958.571050221,-12768.046743097,0
385920.690947455,-12772.6140055674,0
385882.797453253,-12777.067741101,0
385844.890902073,-12781.4079099983,0
385806.971628489,-12785.6344735411,0
385769.039967178,-12789.7473939933,0
385731.096252927,-12793.746634601,0
385693.140820626,-12797.6321595922,0
385655.174005266,-12801.4039341777,0
385617.196141933,-12805.061924551,0
385579.20756581,-12808.6060978891,0
385541.208612175,-12812.0364223518,0
385503.199616393,-12815.3528670829,0
385465.180913917,-12818.5554022099,0
385427.152840283,-12821.6439988443,0
385389.115731113,-12824.618629082,0
385351.069922102,-12827.4792660034,0
385313.015749025,-12830.2258836734,0
385274.953547731,-12832.858457142,0
385236.883654138,-12835.3769624443,0
385198.806404232,-12837.7813766006,0
385160.722134066,-12840.0716776168,0
385122.631179756,-12842.2478444843,0
385084.533877476,-12844.3098571804,0
385046.430563457,-12846.2576966687,0
385008.321573987,-12848.0913448984,0
384970.207245405,-12849.8107848053,0
384932.087914099,-12851.4160003119,0
384893.963916501,-12852.9069763268,0
384855.835589091,-12854.2836987457,0
384817.703268387,-12855.546154451,0
384779.567290945,-12856.6943313122,0
384741.42799336,-12857.7282181858,0
384703.285712256,-12858.6478049154,0
384665.140784289,-12859.4530823323,0
384626.993546141,-12860.1440422547,0
384588.844334521,-12860.7206774886,0
384550.693486158,-12861.1829818277,0
384512.5413378,-12861.5309500529,0
384474.388226214,-12861.7645779334,0
384436.234488178,-12861.8838622257,0
384398.080460482,-12861.8888006744,0
384359.926479925,-12861.7793920121,0
384321.772883311,-12861.5556359591,0
384283.620007448,-12861.2175332238,0
384245.468189143,-12860.7650855027,0
384207.3177652,-12860.1982954803,0
384169.169072419,-12859.5171668291,0
384131.022447592,-12858.7217042098,0
384092.8782275,-12857.8119132713,0
384054.736748911,-12856.7878006502,0
384016.598348575,-12855.6493739717,0
383978.463363226,-12854.3966418487,0
383940.332129574,-12853.0296138824,0
383902.204984307,-12851.548300662,0
383864.082264084,-12849.9527137646,0
383825.964305535,-12848.2428657554,0
383787.851445258,-12846.4187701875,0
383749.744019816,-12844.480441602,0
383711.642365733,-12842.4278955277,0
383673.546819492,-12840.2611484811,0
383635.457717536,-12837.9802179668,0
383597.375396258,-12835.5851224766,0
383559.300192004,-12833.0758814902,0
383521.232441068,-12830.4525154744,0
383483.172479692,-12827.7150458838,0
383445.120644058,-12824.86349516,0
383407.077270288,-12821.8978867318,0
383369.042694446,-12818.8182450153,0
383331.017252527,-12815.6245954133,0
383293.001280458,-12812.3169643155,0
383254.995114098,-12808.8953790984,0
383216.999089232,-12805.3598681249,0
383179.013541567,-12801.7104607443,0
383141.038806733,-12797.9471872924,0
383103.075220279,-12794.0700790909,0
383065.123117669,-12790.0791684477,0
383027.182834279,-12785.9744886561,0
382989.254705398,-12781.7560739952,0
382951.339066221,-12777.4239597297,0
382913.436251847,-12772.9781821094,0
382875.546597279,-12768.4187783688,0
382837.67043742,-12763.745786728,0
382799.808107069,-12758.9592463912,0
382761.959940916,-12754.059197547,0
382724.126273546,-12749.0456813684,0
382686.307439434,-12743.9187400124,0
382648.503772936,-12738.6784166199,0
382610.715608294,-12733.3247553147,0
382572.94327963,-12727.8578012043,0
382535.187120945,-12722.2776003795,0
382497.447466113,-12716.5841999134,0
382459.72464888,-12710.7776478615,0
382422.019002863,-12704.8579932619,0
382384.330861546,-12698.8252861346,0
382346.660558276,-12692.6795774812,0
382309.008426262,-12686.4209192844,0
382271.37479857,-12680.0493645082,0
382233.760008124,-12673.5649670975,0
