390817.613275956,-11136.6584926984,0
390784.535259163,-11155.7997840463,0
390751.400802496,-11174.8417321884,0
390718.210200592,-11193.7841701649,0
390684.963748563,-11212.6269318966,0
390651.661741988,-11231.369852187,0
390618.304476915,-11250.0127667233,0
390584.892249856,-11268.5555120775,0
390551.425357786,-11286.997925707,0
390517.904098138,-11305.3398459571,0
390484.328768804,-11323.5811120614,0
390450.699668129,-11341.7215641424,0
390417.017094911,-11359.7610432137,0
390383.281348394,-11377.6993911814,0
390349.492728272,-11395.5364508436,0
390315.651534682,-11413.2720658928,0
390281.758068201,-11430.9060809174,0
390247.812629845,-11448.4383414019,0
390213.815521068,-11465.8686937279,0
390179.767043756,-11483.1969851763,0
390145.667500224,-11500.4230639278,0
390111.517193218,-11517.5467790636,0
390077.316425908,-11534.5679805667,0
390043.065501888,-11551.4865193241,0
390008.764725171,-11568.3022471263,0
389974.41440019,-11585.0150166687,0
389940.014831789,-11601.6246815535,0
389905.566325228,-11618.1310962905,0
389871.069186175,-11634.5341162971,0
389836.523720706,-11650.8335979004,0
389801.930235301,-11667.0293983386,0
389767.289036841,-11683.1213757607,0
389732.600432609,-11699.1093892281,0
389697.864730281,-11714.9932987161,0
389663.08223793,-11730.772965115,0
389628.253264018,-11746.4482502295,0
389593.378117397,-11762.0190167814,0
389558.457107305,-11777.4851284103,0
389523.490543362,-11792.846449674,0
389488.47873557,-11808.1028460492,0
389453.421994309,-11823.2541839339,0
389418.320630333,-11838.3003306473,0
389383.174954772,-11853.2411544303,0
389347.985279122,-11868.0765244473,0
389312.751915249,-11882.8063107875,0
389277.475175382,-11897.4303844646,0
389242.155372115,-11911.9486174181,0
389206.7928184,-11926.3608825148,0
389171.387827543,-11940.6670535499,0
389135.940713209,-11954.8670052462,0
389100.451789412,-11968.9606132565,0
389064.921370515,-11982.9477541647,0
389029.349771225,-11996.8283054857,0
388993.737306598,-12010.6021456662,0
388958.084292026,-12024.2691540865,0
388922.391043241,-12037.829211061,0
388886.65787631,-12051.2821978386,0
388850.885107633,-12064.6279966037,0
388815.073053942,-12077.8664904774,0
388779.222032292,-12090.9975635186,0
388743.332360067,-12104.0211007235,0
388707.404354973,-12116.9369880273,0
388671.438335033,-12129.7451123056,0
388635.434618587,-12142.4453613743,0
388599.393524293,-12155.0376239901,0
388563.315371117,-12167.5217898522,0
388527.200478333,-12179.8977496031,0
388491.049165524,-12192.1653948284,0
388454.861752576,-12204.324618058,0
388418.638559674,-12216.3753127674,0
388382.379907301,-12228.3173733783,0
388346.086116238,-12240.1506952582,0
388309.757507557,-12251.8751747224,0
388273.39440262,-12263.4907090346,0
388236.997123076,-12274.9971964075,0
388200.56599086,-12286.3945360025,0
388164.10132819,-12297.6826279318,0
388127.60345756,-12308.8613732589,0
388091.072701741,-12319.9306739987,0
388054.509383782,-12330.8904331181,0
388017.913827,-12341.7405545373,0
387981.28635498,-12352.4809431306,0
387944.627291574,-12363.1115047264,0
387907.9369609,-12373.6321461077,0
387871.215687332,-12384.0427750136,0
387834.463795502,-12394.3433001399,0
387797.681610302,-12404.533631139,0
387760.869456872,-12414.6136786203,0
387724.027660605,-12424.5833541525,0
387687.156547135,-12434.4425702628,0
387650.256442348,-12444.1912404377,0
387613.327672368,-12453.8292791235,0
387576.370563558,-12463.3566017278,0
387539.385442517,-12472.7731246194,0
387502.372636079,-12482.0787651285,0
387465.332471309,-12491.2734415478,0
387428.265275499,-12500.3570731335,0
387391.171376165,-12509.3295801051,0
387354.05110105,-12518.190883646,0
387316.904778116,-12526.9409059044,0
387279.73273554,-12535.5795699938,0
387242.535301714,-12544.1067999938,0
387205.312805246,-12552.5225209498,0
387168.06557495,-12560.8266588739,0
387130.793939847,-12569.0191407461,0
387093.498229162,-12577.0998945142,0
387056.178772321,-12585.068849094,0
387018.835898953,-12592.92593437,0
386981.469938875,-12600.6710811967,0
386944.081222103,-12608.3042213983,0
386906.67007884,-12615.8252877691,0
386869.236839482,-12623.234214074,0
386831.781834604,-12630.5309350494,0
386794.305394967,-12637.7153864039,0
386756.807851508,-12644.7875048178,0
386719.289535348,-12651.7472279436,0
386681.750777776,-12658.5944944075,0
386644.191910254,-12665.3292438093,0
386606.613264412,-12671.9514167226,0
386569.01517205,-12678.4609546948,0
386531.397965129,-12684.8578002485,0
386493.761975768,-12691.1418968818,0
386456.107536248,-12697.3131890681,0
386418.434979004,-12703.3716222565,0
386380.744636626,-12709.3171428726,0
386343.036841848,-12715.149698319,0
386305.311927556,-12720.8692369756,0
386267.570226779,-12726.4757081991,0
386229.812072689,-12731.9690623244,0
386192.037798597,-12737.3492506647,0
386154.247737947,-12742.6162255119,0
386116.44222432,-12747.7699401365,0
386078.621591429,-12752.8103487883,0
386040.786173112,-12757.7374066967,0
386002.936303333,-12762.5510700714,0
385965.072316181,-12767.2512961016,0
385927.194545866,-12771.8380429575,0
385889.303326711,-12776.3112697902,0
385851.398993156,-12780.6709367317,0
385813.481879753,-12784.9170048956,0
385775.552321166,-12789.0494363769,0
385737.61065216,-12793.0681942532,0
385699.657207608,-12796.9732425839,0
385661.692322483,-12800.764546411,0
385623.716331857,-12804.4420717594,0
385585.729570897,-12808.0057856371,0
385547.732374862,-12811.4556560355,0
385509.725079104,-12814.7916519291,0
385471.708019062,-12818.0137432767,0
385433.681530256,-12821.1219010209,0
385395.645948293,-12824.1160970885,0
385357.601608858,-12826.9963043909,0
385319.548847712,-12829.7624968239,0
385281.488000689,-12832.4146492686,0
385243.419403698,-12834.9527375908,0
385205.343392714,-12837.3767386417,0
385167.260303777,-12839.686630258,0
385129.170472991,-12841.882391262,0
385091.074236522,-12843.9640014617,0
385052.971930593,-12845.9314416512,0
385014.863891481,-12847.7846936108,0
384976.750455515,-12849.5237401067,0
384938.631959076,-12851.1485648921,0
384900.508738589,-12852.6591527063,0
384862.381130526,-12854.0554892755,0
384824.249471398,-12855.3375613128,0
384786.114097756,-12856.5053565181,0
384747.975346186,-12857.5588635786,0
384709.833553309,-12858.4980721685,0
384671.689055776,-12859.3229729492,0
384633.542190263,-12860.0335575699,0
384595.393293477,-12860.6298186668,0
384557.242702141,-12861.111749864,0
384519.090753003,-12861.4793457731,0
384480.937782824,-12861.7326019935,0
384442.784128381,-12861.8715151123,0
384404.630126464,-12861.8960827044,0
384366.47611387,-12861.8063033328,0
384328.322427401,-12861.6021765483,0
384290.169403865,-12861.2837028896,0
384252.017380069,-12860.8508838837,0
384213.866692819,-12860.3037220454,0
384175.717678915,-12859.6422208776,0
384137.570675151,-12858.8663848714,0
384099.426018309,-12857.976219506,0
384061.284045161,-12856.9717312485,0
384023.145092459,-12855.8529275544,0
383985.009496941,-12854.619816867,0
383946.877595321,-12853.2724086179,0
383908.74972429,-12851.8107132267,0
383870.626220513,-12850.2347421008,0
383832.507420626,-12848.5445076359,0
383794.393661231,-12846.7400232155,0
383756.285278898,-12844.8213032111,0
383718.182610158,-12842.7883629819,0
383680.085991502,-12840.641218875,0
383641.995759377,-12838.3798882251,0
383603.912250189,-12836.0043893549,0
383565.835800289,-12833.5147415742,0
383527.766745982,-12830.9109651805,0
383489.705423518,-12828.1930814588,0
383451.65216909,-12825.3611126814,0
383413.607318831,-12822.4150821076,0
383375.571208814,-12819.3550139838,0
383337.544175046,-12816.1809335437,0
383299.526553468,-12812.8928670076,0
383261.518679949,-12809.4908415822,0
383223.520890286,-12805.9748854615,0
383185.533520202,-12802.3450278256,0
383147.556905339,-12798.6012988405,0
383109.59138126,-12794.743729659,0
383071.637283444,-12790.7723524195,0
383033.694947283,-12786.6872002464,0
382995.76470808,-12782.4883072494,0
382957.846901047,-12778.175708524,0
382919.9418613,-12773.749440151,0
382882.049923859,-12769.2095391961,0
382844.171423642,-12764.5560437097,0
382806.306695468,-12759.7889927274,0
382768.456074046,-12754.908426269,0
382730.61989398,-12749.9143853383,0
382692.79848976,-12744.8069119233,0
382654.992195766,-12739.586048996,0
382617.201346261,-12734.2518405119,0
382579.426275386,-12728.8043314094,0
382541.667317161,-12723.2435676103,0
382503.924805485,-12717.5695960193,0
382466.199074125,-12711.7824645235,0
382428.490456721,-12705.8822219921,0
382390.799286778,-12699.8689182763,0
382353.12589767,-12693.7426042096,0
382315.470622628,-12687.5033316063,0
382277.833794741,-12681.1511532618,0
382240.215746961,-12674.6861229526,0
382202.616812088,-12668.1082954359,0
382165.037322776,-12661.4177264487,0
382127.477611524,-12654.6144727077,0
382089.938010679,-12647.6985919097,0
382052.418852431,-12640.6701427306,0
382014.920468809,-12633.5291848251,0
381977.443191678,-12626.2757788259,0
381939.987352739,-12618.9099863445,0
381902.553283527,-12611.4318699704,0
381865.141315403,-12603.8414932701,0
381827.751779554,-12596.1389207869,0
381790.385006991,-12588.3242180411,0
381753.041328551,-12580.3974515298,0
381715.721074882,-12572.3586887255,0
381678.424576452,-12564.2079980758,0
381641.152163538,-12555.9454490038,0
381603.904166232,-12547.5711119079,0
381566.68091443,-12539.0850581599,0
381529.482737833,-12530.4873601056,0
381492.309965944,-12521.7780910641,0
381455.162928065,-12512.9573253281,0
381418.041953297,-12504.0251381625,0
381380.94737053,-12494.9816058036,0
381343.879508447,-12485.8268054598,0
381306.838695522,-12476.5608153112,0
381269.825260011,-12467.1837145078,0
381232.839529954,-12457.6955831699,0
381195.88183317,-12448.0965023872,0
381158.952497258,-12438.3865542197,0
381122.051849589,-12428.5658216951,0
381085.180217308,-12418.6343888092,0
381048.337927326,-12408.5923405259,0
381011.525306324,-12398.4397627765,0
380974.742680746,-12388.1767424584,0
380937.990376795,-12377.8033674348,0
380901.268720433,-12367.3197265352,0
380864.578037381,-12356.7259095541,0
380827.918653107,-12346.0220072497,0
380791.290892833,-12335.2081113442,0
380754.695081528,-12324.2843145238,0
380718.131543905,-12313.2507104371,0
380681.600604419,-12302.1073936944,0
380645.102587264,-12290.8544598676,0
380608.637816371,-12279.4920054904,0
380572.206615406,-12268.0201280562,0
380535.809307763,-12256.4389260179,0
380499.446216567,-12244.7484987876,0
380463.117664668,-12232.9489467368,0
380426.823974638,-12221.0403711938,0
380390.565468769,-12209.0228744444,0
380354.342469073,-12196.8965597309,0
380318.155297275,-12184.6615312522,0
380282.004274812,-12172.3178941617,0
380245.889722829,-12159.8657545672,0
380209.811962181,-12147.3052195313,0
380173.771313424,-12134.6363970694,0
380137.768096816,-12121.8593961492,0
380101.802632313,-12108.9743266902,0
380065.875239569,-12095.9812995638,0
380029.986237929,-12082.8804265913,0
379994.135946427,-12069.6718205433,0
379958.324683787,-12056.35559514,0
379922.552768418,-12042.9318650501,0
379886.82051841,-12029.4007458891,0
379851.128251532,-12015.7623542194,0
379815.47628523,-12002.0168075498,0
379779.864936627,-11988.1642243345,0
379744.294522512,-11974.2047239713,0
379708.765359346,-11960.1384268024,0
379673.277763257,-11945.9654541131,0
379637.832050034,-11931.6859281305,0
379602.428535124,-11917.2999720226,0
379567.067533638,-11902.8077098988,0
379531.749360338,-11888.2092668082,0
379496.474329639,-11873.504768738,0
379461.242755605,-11858.6943426137,0
379426.054951949,-11843.7781162989,0
379390.911232026,-11828.7562185929,0
379355.811908833,-11813.6287792302,0
379320.757295006,-11798.3959288808,0
379285.74770282,-11783.0577991484,0
379250.783444178,-11767.6145225691,0
379215.864830617,-11752.0662326113,0
379180.992173302,-11736.4130636752,0
379146.165783023,-11720.6551510908,0
379111.385970192,-11704.7926311171,0
379076.65304484,-11688.8256409423,0
379041.967316619,-11672.7543186822,0
379007.329094791,-11656.5788033788,0
378972.738688231,-11640.2992349995,0
378938.196405427,-11623.9157544378,0
378903.702554468,-11607.4285035099,0
378869.257443049,-11590.8376249549,0
378834.861378466,-11574.1432624344,0
378800.514667615,-11557.3455605309,0
378766.217616984,-11540.4446647464,0
378731.970532657,-11523.4407215018,0
378697.773720307,-11506.333878137,0
378663.627485195,-11489.124282908,0
378629.532132166,-11471.8120849866,0
378595.487965648,-11454.3974344605,0
378561.495289649,-11436.8804823308,0
378527.554407752,-11419.2613805113,0
378493.665623116,-11401.5402818279,0
378459.829238471,-11383.7173400178,0
378426.045556115,-11365.7927097272,0
378392.314877912,-11347.7665465111,0
378358.637505292,-11329.6390068328,0
378325.013739242,-11311.4102480619,0
378291.44388031,-11293.0804284728,0
378257.928228597,-11274.649707245,0
378224.467083758,-11256.1182444614,0
378191.060744999,-11237.4862011065,0
378157.709511071,-11218.7537390658,0
378124.413680272,-11199.9210211258,0
378091.173550441,-11180.9882109706,0
378057.989418955,-11161.9554731821,0
378024.86158273,-11142.8229732395,0
377991.790338215,-11123.5908775169,0
377958.77598139,-11104.259353282,0
377925.818807764,-11084.8285686963,0
377892.919112373,-11065.2986928131,0
377860.077189775,-11045.6698955756,0
377827.293334048,-11025.9423478171,0
377794.567838791,-11006.1162212592,0
377761.900997116,-10986.1916885101,0
377729.293101647,-10966.1689230636,0
377696.744444521,-10946.048099299,0
377664.255317381,-10925.8293924782,0
377631.826011373,-10905.512978745,0
377599.456817149,-10885.0990351246,0
377567.148024857,-10864.5877395217,0
377534.899924143,-10843.9792707187,0
377502.712804147,-10823.2738083754,0
377470.586953503,-10802.4715330279,0
377438.52266033,-10781.5726260857,0
377406.520212235,-10760.5772698318,0
377374.57989631,-10739.4856474215,0
377342.701999126,-10718.29794288,0
377310.886806734,-10697.0143411016,0
377279.134604659,-10675.635027849,0
377247.445677901,-10654.1601897511,0
377215.820310929,-10632.5900143015,0
377184.258787682,-10610.9246898582,0
377152.761391561,-10589.1644056416,0
377121.328405431,-10567.3093517324,0
377089.96011162,-10545.3597190714,0
377058.656791909,-10523.3156994581,0
377027.418727536,-10501.1774855478,0
376996.246199191,-10478.9452708518,0
376965.139487014,-10456.6192497359,0
376934.09887059,-10434.1996174174,0
376903.124628951,-10411.6865699652,0
376872.21704057,-10389.0803042984,0
376841.376383358,-10366.3810181836,0
376810.602934662,-10343.588910234,0
376779.896971267,-10320.7041799093,0
376749.258769385,-10297.7270275119,0
376718.688604659,-10274.6576541865,0
376688.186752157,-10251.4962619195,0
376657.753486372,-10228.2430535361,0
376627.389081217,-10204.8982326988,0
376597.093810024,-10181.4620039073,0
376566.867945541,-10157.9345724959,0
376536.711759928,-10134.3161446312,0
376506.625524757,-10110.6069273126,0
376476.609511008,-10086.8071283694,0
376446.663989067,-10062.9169564586,0
376416.789228721,-10038.9366210649,0
376386.985499161,-10014.8663324988,0
376357.253068972,-9990.7063018935,0
376327.592206137,-9966.45674120496,0
376298.003178031,-9942.11786321019,0
376268.486251419,-9917.6898815043,0
376239.041692454,-9893.17301050004,0
376209.669766675,-9868.56746542652,0
376180.370739001,-9843.87346232599,0
376151.144873735,-9819.09121805332,0
376121.992434553,-9794.22095027489,0
376092.91368451,-9769.26287746527,0
376063.908886031,-9744.21721890649,0
376034.978300913,-9719.08419468717,0
376006.122190318,-9693.86402569907,0
375977.340814774,-9668.55693363626,0
375948.634434172,-9643.1631409943,0
375920.003307763,-9617.68287106682,0
375891.447694154,-9592.1163479445,0
375862.967851309,-9566.46379651436,0
375834.564036541,-9540.72544245631,0
375806.236506515,-9514.90151224199,0
375777.985517246,-9488.99223313417,0
375749.811324088,-9462.99783318318,0
375721.714181742,-9436.9185412258,0
375693.694344248,-9410.75458688452,0
375665.752064981,-9384.50620056409,0
375637.887596655,-9358.17361345025,0
375610.101191313,-9331.75705750905,0
375582.393100329,-9305.25676548334,0
375554.763574406,-9278.6729708915,0
375527.212863569,-9252.00590802667,0
375499.74121717,-9225.25581195328,0
375472.348883877,-9198.42291850572,0
375445.036111678,-9171.50746428758,0
375417.803147875,-9144.50968666809,0
375390.650239084,-9117.42982378083,0
375363.57763123,-9090.26811452289,0
375336.585569548,-9063.02479855129,0
375309.674298576,-9035.70011628174,0
375282.844062158,-9008.29430888769,0
375256.095103435,-8980.80761829671,0
375229.427664849,-8953.2402871893,0
375202.841988138,-8925.59255899788,0
375176.338314332,-8897.86467790306,0
375149.916883752,-8870.05688883263,0
375123.577936008,-8842.16943746031,0
375097.321709997,-8814.20257020204,0
375071.148443898,-8786.15653421512,0
375045.058375175,-8758.03157739666,0
375019.051740566,-8729.82794838001,0
374993.12877609,-8701.54589653391,0
374967.289717037,-8673.18567196078,0
374941.534797973,-8644.74752549314,0
374915.864252728,-8616.23170869297,0
374890.278314405,-8587.63847384956,0
374864.777215368,-8558.96807397622,0
374839.361187245,-8530.22076280963,0
374814.030460923,-8501.39679480739,0
374788.785266549,-8472.49642514489,0
374763.625833522,-8443.51990971481,0
374738.552390499,-8414.46750512414,0
374713.565165383,-8385.33946869153,0
374688.664385328,-8356.13605844661,0
374663.850276734,-8326.85753312672,0
374639.123065245,-8297.5041521746,0
374614.482975746,-8268.07617573762,0
374589.930232361,-8238.57386466414,0
374565.465058452,-8208.99748050164,0
374541.087676615,-8179.34728549571,0
374516.798308679,-8149.6235425862,0
374492.597175702,-8119.82651540575,0
374468.484497971,-8089.95646827841,0
374444.460494997,-8060.01366621573,0
374420.525385517,-8029.99837491572,0
374396.679387488,-7999.91086076085,0
374372.922718083,-7969.7513908144,0
374349.255593696,-7939.52023281967,0
374325.678229932,-7909.21765519732,0
374302.190841611,-7878.84392704215,0
374278.793642759,-7848.39931812241,0
374255.486846614,-7817.88409887646,0
374232.270665616,-7787.29854041023,0
374209.14531141,-7756.64291449627,0
374186.110994842,-7725.91749357002,0
374163.167925956,-7695.12255072782,0
374140.316313993,-7664.25835972569,0
374117.556367389,-7633.32519497524,0
374094.888293771,-7602.32333154239,0
374072.312299958,-7571.2530451454,0
374049.828591955,-7540.11461215103,0
374027.437374953,-7508.90830957363,0
374005.138853329,-7477.6344150723,0
373982.933230638,-7446.29320694769,0
373960.820709617,-7414.88496414112,0
373938.801492179,-7383.409966231,0
373916.875779412,-7351.86849343038,0
373895.043771577,-7320.26082658577,0
373873.305668106,-7288.58724717315,0
373851.661667601,-7256.84803729628,0
373830.111967827,-7225.04347968484,0
373808.656765718,-7193.17385769045,0
373787.296257368,-7161.23945528562,0
373766.03063803,-7129.24055706089,0
373744.860102119,-7097.17744822149,0
373723.784843203,-7065.05041458636,0
373702.805054006,-7032.85974258447,0
373681.920926402,-7000.60571925236,0
373661.132651417,-6968.28863223278,0
373640.440419225,-6935.90876977056,0
373619.844419145,-6903.46642071107,0
373599.34483964,-6870.96187449789,0
373578.941868315,-6838.39542116905,0
373558.635691917,-6805.76735135591,0
373538.426496326,-6773.07795627976,0
373518.314466564,-6740.32752774897,0
373498.299786782,-6707.51635815769,0
373478.382640265,-6674.6447404817,0
373458.563209428,-6641.71296827667,0
373438.841675814,-6608.72133567592,0
373419.218220092,-6575.67013738649,0
373399.693022054,-6542.55966868795,0
373380.266260617,-6509.39022542903,0
373360.938113814,-6476.1621040246,0
373341.708758799,-6442.87560145434,0
373322.578371843,-6409.53101525856,0
373303.54712833,-6376.12864353637,0
373284.615202756,-6342.66878494332,0
373265.78276873,-6309.1517386875,0
373247.049998966,-6275.57780452828,0
373228.41706529,-6241.94728277272,0
373209.884138628,-6208.26047427273,0
373191.451389013,-6174.51768042351,0
373173.118985576,-6140.71920315924,0
373154.887096549,-6106.86534495153,0
373136.755889263,-6072.95640880652,0
373118.725530142,-6038.99269826126,0
373100.796184707,-6004.97451738237,0
373082.968017567,-5970.90217076207,0
373065.241192425,-5936.77596351578,0
373047.615872071,-5902.59620128004,0
373030.092218383,-5868.36319020833,0
373012.670392321,-5834.07723696967,0
372995.350553931,-5799.73864874509,0
372978.132862339,-5765.34773322457,0
372961.017475752,-5730.90479860535,0
372944.004551453,-5696.41015358767,0
372927.094245802,-5661.86410737298,0
372910.286714235,-5627.26696966094,0
372893.582111257,-5592.61905064583,0
372876.980590448,-5557.92066101504,0
372860.482304455,-5523.17211194484,0
372844.087404993,-5488.3737150983,0
372827.796042843,-5453.52578262257,0
372811.608367851,-5418.628627145,0
372795.524528923,-5383.68256177167,0
372779.54467403,-5348.68790008326,0
372763.668950199,-5313.64495613265,0
372747.897503515,-5278.55404444247,0
372732.230479121,-5243.41548000099,0
372716.668021211,-5208.22957826063,0
372701.210273036,-5172.99665513388,0
372685.857376895,-5137.71702699081,0
372670.609474136,-5102.39101065656,0
372655.466705159,-5067.01892340727,0
372640.429209406,-5031.60108296847,0
372625.497125366,-4996.13780751104,0
372610.670590572,-4960.62941564862,0
372595.949741596,-4925.07622643511,0
372581.334714053,-4889.47855936054,0
372566.825642596,-4853.83673434948,0
372552.422660913,-4818.15107175685,0
372538.125901731,-4782.42189236547,0
372523.935496809,-4746.64951738331,0
372509.851576939,-4710.83426843955,0
372495.874271945,-4674.97646758278,0
372482.003710679,-4639.07643727684,0
372468.240021024,-4603.13450039846,0
372454.583329886,-4567.15098023419,0
372441.033763201,-4531.12620047671,0
372427.591445925,-4495.06048522291,0
372414.256502038,-4458.95415896952,0
372401.029054542,-4422.8075466111,0
372387.909225458,-4386.62097343649,0
372374.897135824,-4350.39476512546,0
372361.992905698,-4314.12924774656,0
372349.19665415,-4277.82474775269,0
372336.508499268,-4241.48159197936,0
372323.92855815,-4205.10010764054,0
372311.456946906,-4168.68062232603,0
372299.093780657,-4132.22346399849,0
372286.839173534,-4095.72896098962,0
372274.693238673,-4059.19744199808,0
372262.656088219,-4022.62923608523,0
372250.727833319,-3986.02467267288,0
372238.908584127,-3949.38408153969,0
372227.198449797,-3912.70779281792,0
372215.597538486,-3875.9961369909,0
372204.10595735,-3839.24944488887,0
372192.723812545,-3802.46804768694,0
372181.451209222,-3765.65227690084,0
372170.288251531,-3728.80246438459,0
372159.235042616,-3691.91894232682,0
372148.291684615,-3655.0020432476,0
372137.45827866,-3618.05209999573,0
372126.734924873,-3581.06944574464,0
372116.121722367,-3544.05441399028,0
372105.618769245,-3507.00733854682,0
372095.226162598,-3469.92855354433,0
372084.943998502,-3432.81839342496,0
372074.772372023,-3395.67719293991,0
372064.711377209,-3358.50528714645,0
372054.761107092,-3321.30301140401,0
372044.921653688,-3284.0707013719,0
372035.193107993,-3246.80869300498,0
372025.575559986,-3209.51732255143,0
372016.069098623,-3172.19692654862,0
372006.673811839,-3134.8478418205,0
371997.389786549,-3097.47040547399,0
371988.217108642,-3060.06495489566,0
371979.155862983,-3022.63182774888,0
371970.206133411,-2985.17136196983,0
371961.368002741,-2947.68389576507,0
371952.641552758,-2910.16976760733,0
371944.02686422,-2872.62931623316,0
371935.524016854,-2835.06288063872,0
371927.13308936,-2797.47080007723,0
371918.854159403,-2759.85341405516,0
371910.68730362,-2722.21106232916,0
371902.632597611,-2684.54408490273,0
371894.690115945,-2646.85282202269,0
371886.859932156,-2609.13761417629,0
371879.142118741,-2571.39880208724,0
371871.536747162,-2533.63672671316,0
371864.043887844,-2495.85172924142,0
371856.663610172,-2458.0441510866,0
371849.395982494,-2420.21433388636,0
371842.241072118,-2382.36261949888,0
371835.198945311,-2344.48934999873,0
371828.2696673,-2306.59486767426,0
371821.453302269,-2268.67951502358,0
371814.749913359,-2230.74363475171,0
371808.159562668,-2192.78756976686,0
371801.68231125,-2154.81166317729,0
371795.318219114,-2116.81625828782,0
371789.067345223,-2078.80169859646,0
371782.929747495,-2040.76832779112,0
371776.905482798,-2002.71648974607,0
371770.994606957,-1964.64652851877,0
371765.197174744,-1926.55878834621,0
371759.513239886,-1888.45361364183,0
371753.942855057,-1850.3313489918,0
371748.486071882,-1812.19233915194,0
371743.142940938,-1774.03692904401,0
371737.913511746,-1735.86546375264,0
371732.797832779,-1697.67828852156,0
371727.795951454,-1659.47574875054,0
371722.907914137,-1621.25818999168,0
371718.13376614,-1583.02595794627,0
371713.473551722,-1544.7793984611,0
371708.927314085,-1506.51885752529,0
371704.495095376,-1468.24468126668,0
371700.176936689,-1429.95721594855,0
371695.972878059,-1391.65680796607,0
371691.882958465,-1353.34380384296,0
371687.907215829,-1315.01855022804,0
371684.045687017,-1276.68139389173,0
371680.298407834,-1238.33268172278,0
371676.66541303,-1199.9727607246,0
371673.146736293,-1161.60197801208,0
371669.742410253,-1123.22068080787,0
371666.452466481,-1084.82921643926,0
371663.276935488,-1046.42793233439,0
371660.215846724,-1008.01717601912,0
371657.269228577,-969.597295113335,0
371654.437108377,-931.168637327672,0
371651.719512391,-892.731550459985,0
371649.116465825,-854.286382391852,0
371646.62799282,-815.83348108529,0
371644.25411646,-777.373194579042,0
371641.994858762,-738.905870985417,0
371639.850240683,-700.43185848656,0
371637.820282116,-661.951505331187,0
371635.905001889,-623.465159831051,0
371634.10441777,-584.973170357433,0
371632.41854646,-546.475885337809,0
371630.847403599,-507.973653252251,0
371629.391003761,-469.466822630038,0
371628.049360456,-430.95574204622,0
371626.82248613,-392.440760118035,0
371625.710392164,-353.922225501584,0
371624.713088875,-315.40048688828,0
371623.830585514,-276.875893001381,0
371623.062890269,-238.34879259256,0
371622.410010262,-199.819534438433,0
371621.871951549,-161.288467337044,0
371621.448719122,-122.755940104449,0
371621.140316906,-84.2223015712211,0
371620.946747764,-45.6879005789954,0
371620.868013491,-7.15308597697489,0
371620.904114817,31.3817933815093,0
371621.055051408,69.9163886424955,0
371621.320821863,108.450350954836,0
371621.701423716,146.983331473678,0
371622.196853438,185.514981363945,0
371622.80710643,224.044951803782,0
371623.532177034,262.572893988056,0
371624.372058521,301.098459131787,0
371625.3267431,339.621298473644,0
371626.396221916,378.1410632794,0
371627.580485046,416.657404845433,0
371628.879521504,455.169974502124,0
371630.293319241,493.678423617384,0
371631.82186514,532.182403600121,0
371633.465145023,570.681565903656,0
371635.223143645,609.175562029211,0
371637.0958447,647.664043529437,0
371639.083230815,686.146662011735,0
371641.185283557,724.623069141865,0
371643.401983427,763.092916647332,0
371645.733309863,801.555856320811,0
371648.179241242,840.011540023737,0
371650.739754877,878.459619689596,0
371653.414827017,916.899747327497,0
371656.204432853,955.331575025627,0
371659.108546512,993.754754954574,0
371662.127141058,1032.16893937102,0
371665.260188496,1070.57378062088,0
371668.50765977,1108.96893114308,0
371671.869524763,1147.35404347272,0
371675.345752298,1185.72877024471,0
371678.936310137,1224.09276419716,0
371682.641164985,1262.44567817472,0
371686.460282488,1300.78716513226,0
371690.393627229,1339.11687813799,0
371694.44116274,1377.43447037724,0
371698.602851488,1415.73959515555,0
371702.878654888,1454.03190590246,0
371707.268533296,1492.31105617456,0
371711.772446012,1530.57669965932,0
371716.390351279,1568.82849017813,0
371721.122206287,1607.06608169003,0
371725.967967168,1645.28912829495,0
371730.927589004,1683.49728423721,0
371736.001025818,1721.6902039089,0
371741.188230584,1759.86754185333,0
371746.48915522,1798.02895276841,0
371751.903750594,1836.17409151006,0
371757.431966521,1874.30261309568,0
371763.073751767,1912.4141727074,0
371768.829054045,1950.50842569571,0
371774.69782002,1988.58502758262,0
371780.679995308,2026.64363406527,0
371786.775524474,2064.68390101911,0
371792.984351038,2102.7054845015,0
371799.306417471,2140.70804075493,0
371805.741665198,2178.69122621051,0
371812.290034599,2216.65469749129,0
371818.951465007,2254.59811141565,0
371825.725894712,2292.52112500072,0
371832.61326096,2330.42339546563,0
371839.613499954,2368.30458023509,0
371846.726546854,2406.16433694246,0
371853.952335779,2444.00232343345,0
371861.290799808,2481.81819776909,0
371868.741870979,2519.61161822956,0
371876.305480292,2557.38224331693,0
371883.981557706,2595.12973175925,0
371891.770032147,2632.85374251305,0
371899.6708315,2670.55393476756,0
371907.683882616,2708.22996794718,0
371915.809111311,2745.88150171561,0
371924.046442367,2783.50819597847,0
371932.395799532,2821.10971088723,0
371940.857105523,2858.68570684202,0
371949.430282024,2896.23584449533,0
371958.115249689,2933.75978475509,0
371966.911928143,2971.25718878801,0
371975.820235981,3008.72771802309,0
371984.840090771,3046.17103415444,0
371993.971409055,3083.5867991453,0
372003.214106348,3120.97467523042,0
372012.56809714,3158.33432492032,0
372022.033294898,3195.66541100363,0
372031.609612066,3232.96759655119,0
372041.296960066,3270.24054491868,0
372051.095249299,3307.48391975029,0
372061.004389146,3344.69738498185,0
372071.024287971,3381.88060484388,0
372081.154853117,3419.03324386542,0
372091.395990914,3456.15496687639,0
372101.747606674,3493.24543901187,0
372112.209604696,3530.3043257143,0
372122.781888266,3567.33129273764,0
372133.464359655,3604.32600614985,0
372144.256920126,3641.28813233659,0
372155.159469931,3678.21733800434,0
372166.171908313,3715.11329018324,0
372177.294133508,3751.97565623109,0
372188.526042744,3788.80410383549,0
372199.867532247,3825.59830101816,0
372211.318497234,3862.35791613712,0
372222.878831924,3899.08261789063,0
372234.548429531,3935.77207531998,0
372246.327182271,3972.42595781261,0
372258.214981359,4009.04393510577,0
372270.211717012,4045.62567728882,0
372282.317278452,4082.17085480747,0
372294.531553904,4118.67913846585,0
372306.8544306,4155.15019943049,0
372319.285794778,4191.58370923307,0
372331.825531685,4227.97933977338,0
372344.473525577,4264.33676332317,0
372357.229659723,4300.65565252814,0
372370.093816403,4336.93568041233,0
372383.065876911,4373.17652038015,0
372396.145721555,4409.37784622009,0
372409.333229662,4445.53933210781,0
372422.628279575,4481.66065260866,0
372436.030748655,4517.74148268176,0
372449.540513288,4553.78149768192,0
372463.157448876,4589.78037336372,0
372476.88142985,4625.73778588401,0
372490.712329663,4661.65341180493,0
372504.650020794,4697.52692809762,0
372518.694374751,4733.35801214412,0
372532.845262071,4769.14634174174,0
372547.10255232,4804.89159510502,0
372561.466114099,4840.59345086924,0
372575.93581504,4876.25158809367,0
372590.511521811,4911.8656862637,0
372605.193100118,4947.43542529515,0
372619.980414702,4982.96048553595,0
372634.873329347,5018.44054777004,0
372649.871706876,5053.87529322021,0
372664.975409155,5089.26440355039,0
372680.184297095,5124.60756086988,0
372695.498230653,5159.90444773496,0
372710.917068832,5195.15474715285,0
372726.440669684,5230.3581425844,0
372742.068890314,5265.51431794643,0
372757.801586877,5300.6229576159,0
372773.638614581,5335.68374643146,0
372789.579827693,5370.69636969745,0
372805.625079532,5405.66051318643,0
372821.77422248,5440.5758631416,0
372838.027107978,5475.4421062809,0
372854.383586527,5510.25892979852,0
372870.843507695,5545.02602136877,0
372887.406720111,5579.74306914881,0
372904.073071476,5614.40976178079,0
372920.842408556,5649.02578839602,0
372937.714577188,5683.59083861649,0
372954.689422282,5718.10460255858,0
372971.766787821,5752.5667708359,0
372988.946516865,5786.97703456124,0
373006.228451548,5821.33508535078,0
373023.612433087,5855.64061532571,0
373041.098301777,5889.89331711552,0
373058.685896996,5924.09288386128,0
373076.375057207,5958.23900921721,0
373094.165619959,5992.3313873549,0
373112.057421887,6026.36971296517,0
373130.050298719,6060.35368126084,0
373148.144085272,6094.28298798039,0
373166.338615457,6128.15732938938,0
373184.633722278,6161.97640228439,0
373203.029237841,6195.73990399535,0
373221.524993345,6229.44753238763,0
373240.120819093,6263.09898586619,0
373258.81654449,6296.69396337685,0
373277.611998044,6330.23216440978,0
373296.507007371,6363.71328900249,0
373315.501399194,6397.1370377413,0
373334.594999345,6430.50311176558,0
373353.78763277,6463.81121276942,0
373373.079123528,6497.06104300425,0
373392.469294792,6530.25230528255,0
373411.957968854,6563.38470297907,0
373431.544967126,6596.45794003454,0
373451.230110141,6629.47172095825,0
373471.013217555,6662.42575082967,0
373490.894108148,6695.3197353026,0
373510.872599831,6728.15338060666,0
373530.94850964,6760.92639354999,0
373551.121653746,6793.63848152284,0
373571.391847449,6826.28935249865,0
373591.758905189,6858.87871503784,0
373612.222640539,6891.40627829021,0
373632.782866213,6923.87175199652,0
373653.439394066,6956.2748464926,0
373674.192035098,6988.6152727108,0
373695.04059945,7020.89274218249,0
373715.984896414,7053.10696704176,0
373737.02473443,7085.25766002637,0
373758.159921088,7117.34453448131,0
373779.390263134,7149.36730436147,0
373800.715566468,7181.32568423286,0
373822.135636148,7213.21938927669,0
373843.65027639,7245.04813529102,0
373865.259290573,7276.8116386928,0
373886.96248124,7308.5096165217,0
373908.7596501,7340.1417864412,0
373930.650598028,7371.70786674158,0
373952.635125072,7403.20757634299,0
373974.713030449,7434.64063479646,0
373996.884112553,7466.00676228763,0
374019.148168952,7497.30567963894,0
374041.504996395,7528.53710831094,0
374063.95439081,7559.70077040637,0
374086.496147308,7590.79638867153,0
374109.130060186,7621.82368649829,0
374131.855922926,7652.78238792792,0
374154.673528201,7683.67221765199,0
374177.582667876,7714.49290101521,0
374200.583133009,7745.24416401858,0
374223.674713851,7775.9257333202,0
374246.857199857,7806.5373362388,0
374270.130379676,7837.07870075609,0
374293.494041164,7867.54955551779,0
374316.947971379,7897.94962983755,0
374340.491956586,7928.27865369853,0
374364.125782261,7958.53635775496,0
374387.84923309,7988.72247333602,0
374411.662092971,8018.83673244689,0
374435.56414502,8048.87886777093,0
374459.555171571,8078.84861267323,0
374483.634954177,8108.74570120134,0
374507.803273613,8138.56986808811,0
374532.059909881,8168.32084875466,0
374556.404642208,8197.99837931109,0
374580.837249051,8227.6021965598,0
374605.357508099,8257.13203799787,0
374629.965196273,8286.58764181789,0
374654.660089733,8315.96874691161,0
374679.441963876,8345.27509287177,0
374704.310593338,8374.50641999315,0
374729.265752001,8403.66246927641,0
374754.307212992,8432.74298242942,0
374779.434748682,8461.74770186863,0
374804.648130697,8490.6763707229,0
374829.947129911,8519.52873283446,0
374855.331516456,8548.3045327607,0
374880.801059719,8577.00351577772,0
374906.355528346,8605.62542788113,0
374931.994690246,8634.17001578821,0
374957.718312592,8662.63702694115,0
374983.526161822,8691.02620950775,0
375009.418003642,8719.33731238387,0
375035.393603033,8747.57008519642,0
375061.452724245,8775.72427830391,0
375087.595130807,8803.79964279926,0
375113.820585523,8831.79593051244,0
375140.128850481,8859.71289401104,0
375166.51968705,8887.55028660326,0
375192.992855883,8915.30786234025,0
375219.548116925,8942.98537601674,0
375246.185229406,8970.58258317417,0
375272.903951852,8998.09924010282,0
375299.704042083,9025.53510384239,0
375326.585257216,9052.88993218529,0
375353.547353668,9080.16348367859,0
375380.590087159,9107.35551762455,0
375407.713212711,9134.46579408408,0
375434.916484657,9161.49407387841,0
375462.199656635,9188.44011858977,0
375489.562481599,9215.30369056479,0
375517.004711816,9242.08455291609,0
375544.526098867,9268.78246952295,0
375572.126393656,9295.39720503477,0
375599.805346408,9321.9285248725,0
375627.562706671,9348.37619522934,0
375655.398223319,9374.73998307424,0
375683.311644557,9401.01965615319,0
375711.302717921,9427.21498298999,0
375739.371190281,9453.32573288963,0
375767.516807842,9479.35167593965,0
375795.73931615,9505.29258301082,0
375824.038460092,9531.14822576049,0
375852.413983899,9556.91837663401,0
375880.865631146,9582.60280886525,0
375909.393144761,9608.20129648003,0
375937.996267021,9633.71361429745,0
375966.674739557,9659.13953793046,0
375995.428303358,9684.47884378915,0
376024.256698769,9709.73130908215,0
376053.1596655,9734.89671181716,0
376082.136942622,9759.97483080413,0
376111.188268575,9784.96544565677,0
376140.313381166,9809.86833679299,0
376169.512017574,9834.68328543794,0
376198.783914352,9859.41007362569,0
376228.128807432,9884.04848419958,0
376257.546432121,9908.59830081512,0
376287.036523111,9933.05930794175,0
376316.598814477,9957.43129086325,0
376346.23303968,9981.71403568033,0
376375.938931572,10005.9073293127,0
376405.716222395,10030.0109594993,0
376435.564643787,10054.0247148006,0
376465.483926782,10077.9483846012,0
376495.473801814,10101.7817591098,0
376525.533998718,10125.5246293611,0
376555.664246736,10149.1767872189,0
376585.864274515,10172.7380253757,0
376616.133810112,10196.2081373549,0
376646.472580997,10219.5869175134,0
376676.880314056,10242.8741610418,0
376707.35673559,10266.069663966,0
376737.901571322,10289.1732231498,0
376768.514546397,10312.184636296,0
376799.195385384,10335.1037019464,0
376829.943812283,10357.9302194857,0
376860.759550522,10380.663989142,0
376891.642322961,10403.3048119871,0
376922.591851899,10425.8524899396,0
376953.60785907,10448.3068257663,0
376984.690065652,10470.6676230822,0
377015.838192262,10492.9346863533,0
377047.051958967,10515.107820898,0
377078.331085282,10537.1868328877,0
377109.67529017,10559.1715293485,0
377141.084292052,10581.0617181635,0
377172.557808804,10602.8572080732,0
377204.095557759,10624.5578086767,0
377235.697255715,10646.1633304344,0
377267.362618931,10667.6735846683,0
377299.091363137,10689.0883835632,0
377330.883203527,10710.4075401691,0
377362.737854774,10731.6308684021,0
377394.655031019,10752.7581830448,0
377426.634445884,10773.789299749,0
377458.675812473,10794.7240350371,0
377490.778843367,10815.5622063016,0
377522.943250637,10836.3036318082,0
377555.168745841,10856.9481306971,0
377587.455040026,10877.4955229829,0
377619.801843734,10897.9456295567,0
377652.208867002,10918.2982721884,0
377684.675819366,10938.5532735263,0
377717.202409862,10958.7104570985,0
377749.788347031,10978.7696473159,0
377782.433338922,10998.7306694718,0
377815.137093088,11018.593349743,0
377847.899316599,11038.3575151922,0
377880.719716037,11058.0229937692,0
377913.597997502,11077.5896143104,0
377946.533866612,11097.0572065418,0
377979.527028509,11116.4256010798,0
378012.577187861,11135.6946294321,0
378045.68404886,11154.8641239982,0
378078.847315231,11173.9339180724,0
378112.066690234,11192.9038458437,0
378145.34187666,11211.7737423963,0
378178.672576842,11230.5434437126,0
378212.058492652,11249.2127866733,0
378245.499325507,11267.781609058,0
378278.994776369,11286.2497495472,0
378312.54454575,11304.6170477236,0
378346.148333715,11322.8833440724,0
378379.805839881,11341.0484799823,0
378413.516763422,11359.112297748,0
378447.280803075,11377.07464057,0
378481.097657135,11394.9353525556,0
378514.967023465,11412.6942787209,0
378548.888599496,11430.3512649915,0
378582.862082227,11447.906158203,0
378616.887168233,11465.3588061025,0
378650.963553662,11482.7090573501,0
378685.090934243,11499.9567615194,0
378719.269005285,11517.1017690978,0
378753.497461681,11534.1439314891,0
378787.775997911,11551.0831010139,0
378822.104308043,11567.9191309096,0
378856.482085737,11584.6518753326,0
378890.909024251,11601.2811893593,0
378925.384816437,11617.8069289864,0
378959.909154746,11634.2289511316,0
378994.481731236,11650.547113636,0
379029.102237566,11666.761275264,0
379063.770365006,11682.871295704,0
379098.485804436,11698.8770355698,0
379133.248246349,11714.7783564022,0
379168.057380855,11730.5751206688,0
379202.912897681,11746.2671917649,0
379237.814486178,11761.8544340154,0
379272.761835321,11777.3367126757,0
379307.754633711,11792.7138939307,0
379342.792569578,11807.9858448979,0
379377.875330786,11823.1524336276,0
379413.002604835,11838.2135291035,0
379448.174078859,11853.1690012431,0
379483.389439636,11868.0187208996,0
379518.648373587,11882.7625598628,0
379553.950566777,11897.4003908584,0
379589.29570492,11911.9320875503,0
379624.683473383,11926.3575245414,0
379660.113557187,11940.6765773738,0
379695.585641006,11954.8891225293,0
379731.099409178,11968.9950374313,0
379766.654545702,11982.9942004453,0
379802.25073424,11996.8864908787,0
379837.887658124,12010.6717889827,0
379873.565000354,12024.3499759527,0
379909.282443606,12037.9209339296,0
379945.039670228,12051.3845459988,0
379980.83636225,12064.740696193,0
380016.67220138,12077.9892694925,0
380052.546869014,12091.130151825,0
380088.460046229,12104.1632300666,0
380124.411413796,12117.0883920436,0
380160.400652176,12129.9055265324,0
380196.427441526,12142.6145232599,0
380232.491461698,12155.2152729044,0
380268.592392246,12167.7076670971,0
380304.729912428,12180.0915984223,0
380340.903701204,12192.3669604169,0
380377.113437245,12204.5336475729,0
380413.358798934,12216.5915553376,0
380449.639464366,12228.5405801134,0
380485.955111351,12240.3806192591,0
380522.30541742,12252.1115710905,0
380558.690059828,12263.7333348815,0
380595.108715551,12275.2458108637,0
380631.561061294,12286.6489002275,0
380668.046773491,12297.9425051233,0
380704.565528311,12309.1265286616,0
380741.117001656,12320.2008749131,0
380777.700869168,12331.1654489099,0
380814.316806229,12342.0201566467,0
380850.964487966,12352.7649050804,0
380887.64358925,12363.3996021303,0
380924.353784702,12373.9241566801,0
380961.094748697,12384.3384785776,0
380997.866155362,12394.6424786356,0
381034.667678583,12404.8360686314,0
381071.498992003,12414.9191613089,0
381108.359769031,12424.8916703784,0
381145.249682842,12434.7535105172,0
381182.168406376,12444.5045973693,0
381219.115612344,12454.1448475474,0
381256.090973234,12463.6741786328,0
381293.094161308,12473.0925091757,0
381330.124848606,12482.3997586951,0
381367.182706952,12491.5958476807,0
381404.267407955,12500.680697593,0
381441.378623009,12509.6542308628,0
381478.516023298,12518.516370892,0
381515.679279799,12527.2670420553,0
381552.868063288,12535.9061696995,0
381590.082044334,12544.4336801439,0
381627.320893308,12552.8495006809,0
381664.584280387,12561.1535595769,0
381701.871875552,12569.3457860727,0
381739.183348596,12577.4261103831,0
381776.518369118,12585.3944636978,0
381813.876606537,12593.2507781821,0
381851.257730088,12600.9949869773,0
381888.661408825,12608.6270242006,0
381926.087311624,12616.1468249452,0
381963.535107186,12623.5543252819,0
382001.004464044,12630.849462259,0
382038.495050559,12638.032173902,0
382076.006534924,12645.1023992144,0
382113.538585169,12652.060078178,0
382151.090869167,12658.9051517539,0
382188.66305463,12665.6375618822,0
382226.254809111,12672.2572514818,0
382263.865800015,12678.7641644517,0
382301.495694595,12685.1582456711,0
382339.144159958,12691.4394409999,0
382376.810863064,12697.6076972781,0
382414.495470732,12703.6629623266,0
382452.197649643,12709.6051849482,0
382489.917066341,12715.4343149273,0
382527.653387236,12721.1503030298,0
382565.406278605,12726.7531010037,0
382603.175406599,12732.2426615797,0
382640.960437245,12737.6189384714,0
382678.761036445,12742.8818863751,0
382716.576869978,12748.03146097,0
382754.40760351,12753.0676189193,0
382792.252902593,12757.9903178698,0
382830.112432664,12762.7995164521,0
382867.98585905,12767.4951742808,0
382905.872846974,12772.0772519552,0
382943.773061556,12776.5457110592,0
382981.686167813,12780.9005141614,0
383019.611830663,12785.1416248151,0
383057.549714929,12789.2690075593,0
383095.499485344,12793.2826279182,0
383133.460806548,12797.1824524016,0
383171.433343091,12800.9684485048,0
383209.416759444,12804.6405847094,0
383247.410719994,12808.1988304829,0
383285.414889046,12811.643156279,0
383323.428930832,12814.9735335379,0
383361.452509507,12818.1899346862,0
383399.485289159,12821.2923331373,0
383437.526933804,12824.2807032913,0
383475.577107392,12827.1550205353,0
383513.635473815,12829.9152612434,0
383551.701696899,12832.5614027769,0
383589.775440416,12835.0934234843,0
383627.856368081,12837.5113027014,0
383665.944143561,12839.8150207518,0
383704.038430468,12842.0045589463,0
383742.138892371,12844.0798995833,0
383780.245192795,12846.0410259492,0
383818.356995223,12847.8879223179,0
383856.4739631,12849.6205739512,0
383894.595759835,12851.2389670989,0
383932.722048804,12852.7430889985,0
383970.852493353,12854.1329278758,0
384008.986756801,12855.4084729443,0
384047.124502441,12856.5697144057,0
384085.265393544,12857.6166434498,0
384123.409093363,12858.5492522543,0
384161.555265132,12859.3675339853,0
384199.703572074,12860.0714827966,0
384237.853677399,12860.6610938305,0
384276.005244309,12861.1363632171,0
384314.157935998,12861.4972880748,0
384352.311415661,12861.7438665099,0
384390.46534649,12861.8760976169,0
384428.61939168,12861.893981478,0
384466.773214431,12861.7975191636,0
384504.926477951,12861.586712732,0
384543.078845458,12861.2615652294,0
384581.229980184,12860.8220806897,0
384619.379545377,12860.2682641345,0
384657.527204303,12859.6001215732,0
384695.67262025,12858.8176600028,0
384733.81545653,12857.9208874077,0
384771.955376481,12856.9098127598,0
384810.092043472,12855.7844460184,0
384848.225120903,12854.5447981299,0
384886.35427221,12853.1908810278,0
384924.479160867,12851.7227076328,0
384962.599450387,12850.1402918523,0
385000.714804327,12848.4436485804,0
385038.82488629,12846.6327936982,0
385076.929359927,12844.7077440728,0
385115.027888941,12842.668517558,0
385153.120137088,12840.5151329935,0
385191.205768183,12838.2476102054,0
385229.284446096,12835.8659700054,0
385267.355834765,12833.3702341909,0
385305.419598189,12830.7604255448,0
385343.475400435,12828.0365678355,0
385381.522905641,12825.1986858165,0
385419.561778018,12822.2468052261,0
385457.591681852,12819.1809527875,0
385495.612281508,12816.0011562084,0
385533.623241434,12812.7074441807,0
385571.624226158,12809.2998463805,0
385609.614900296,12805.7783934681,0
385647.594928556,12802.1431170868,0
385685.563975736,12798.3940498636,0
385723.521706727,12794.5312254089,0
385761.467786519,12790.5546783158,0
385799.401880204,12786.4644441597,0
385837.323652975,12782.260559499,0
385875.232770129,12777.9430618739,0
385913.128897073,12773.5119898064,0
385951.011699328,12768.9673827998,0
385988.880842523,12764.3092813393,0
386026.735992405,12759.5377268906,0
386064.576814844,12754.6527619,0
386102.402975829,12749.6544297943,0
386140.214141472,12744.5427749804,0
386178.009978014,12739.3178428448,0
386215.790151826,12733.9796797533,0
386253.554329413,12728.5283330506,0
386291.302177411,12722.9638510607,0
386329.033362599,12717.2862830854,0
386366.747551894,12711.4956794046,0
386404.44441236,12705.5920912757,0
386442.1236112,12699.5755709338,0
386479.784815772,12693.4461715906,0
386517.427693585,12687.2039474342,0
386555.051912302,12680.8489536288,0
386592.657139739,12674.3812463149,0
386630.243043878,12667.8008826078,0
386667.80929286,12661.1079205976,0
386705.355554993,12654.302419349,0
386742.881498748,12647.3844389013,0
386780.386792772,12640.3540402672,0
386817.871105884,12633.2112854322,0
386855.334107079,12625.9562373547,0
386892.775465529,12618.5889599662,0
386930.194850586,12611.1095181695,0
386967.591931792,12603.5179778387,0
387004.966378872,12595.8144058188,0
387042.317861739,12587.998869926,0
387079.646050499,12580.0714389462,0
387116.950615455,12572.0321826345,0
387154.231227109,12563.8811717151,0
387191.487556157,12555.6184778812,0
387228.719273501,12547.2441737941,0
387265.926050252,12538.7583330819,0
387303.107557726,12530.16103034,0
387340.26346745,12521.4523411308,0
387377.393451165,12512.6323419825,0
387414.497180829,12503.7011103883,0
387451.574328621,12494.6587248061,0
387488.624566937,12485.5052646592,0
387525.647568402,12476.2408103341,0
387562.643005866,12466.8654431802,0
387599.610552411,12457.3792455094,0
387636.549881349,12447.7823005968,0
387673.460666229,12438.0746926781,0
387710.342580837,12428.25650695,0
387747.195299202,12418.3278295691,0
387784.018495593,12408.2887476529,0
387820.811844526,12398.139349277,0
387857.575020769,12387.8797234756,0
387894.307699339,12377.5099602407,0
387931.009555505,12367.030150522,0
387967.680264796,12356.4403862256,0
388004.319503001,12345.7407602129,0
388040.926946169,12334.9313663011,0
388077.502270613,12324.0122992624,0
388114.045152917,12312.9836548225,0
388150.555269934,12301.8455296601,0
388187.032298789,12290.5980214069,0
388223.475916883,12279.2412286469,0
388259.885801895,12267.7752509148,0
388296.261631788,12256.2001886954,0
388332.603084805,12244.5161434245,0
388368.909839475,12232.7232174864,0
388405.18157462,12220.8215142136,0
388441.417969352,12208.8111378863,0
388477.618703075,12196.6921937323,0
388513.783455492,12184.4647879251,0
388549.911906607,12172.1290275834,0
388586.003736726,12159.6850207708,0
388622.058626457,12147.1328764956,0
388658.07625672,12134.4727047083,0
388694.056308744,12121.7046163017,0
388729.99846407,12108.8287231111,0
388765.902404556,12095.8451379125,0
388801.767812378,12082.7539744211,0
388837.594370035,12069.5553472918,0
388873.381760346,12056.2493721184,0
388909.129666459,12042.836165432,0
388944.837771852,12029.3158446999,0
388980.505760335,12015.688528326,0
389016.133316049,12001.9543356495,0
389051.720123475,11988.1133869435,0
389087.265867435,11974.1658034141,0
389122.770233091,11960.1117072009,0
389158.23290595,11945.9512213749,0
389193.653571869,11931.6844699375,0
389229.031917055,11917.31157782,0
389264.367628067,11902.8326708838,0
389299.66039182,11888.2478759177,0
389334.909895589,11873.5573206373,0
389370.115827009,11858.7611336854,0
389405.277874077,11843.8594446302,0
389440.395725161,11828.8523839639,0
389475.469068995,11813.7400831024,0
389510.497594684,11798.5226743848,0
389545.480991708,11783.2002910716,0
389580.418949928,11767.7730673435,0
389615.311159578,11752.2411383016,0
389650.15731128,11736.6046399663,0
389684.957096037,11720.8637092749,0
389719.710205243,11705.0184840816,0
389754.416330681,11689.0691031574,0
389789.075164524,11673.0157061878,0
389823.686399347,11656.8584337716,0
389858.249728117,11640.597427421,0
389892.764844205,11624.2328295605,0
389927.231441386,11607.7647835247,0
389961.649213839,11591.1934335578,0
389996.017856152,11574.5189248141,0
390030.337063327,11557.7414033546,0
390064.606530777,11540.8610161466,0
390098.825954334,11523.8779110641,0
390132.995030248,11506.7922368852,0
390167.11345519,11489.6041432912,0
390201.18092626,11472.3137808657,0
390235.197140978,11454.9213010946,0
390269.1617973,11437.4268563629,0
390303.074593612,11419.8305999548,0
390336.935228736,11402.1326860531,0
390370.743401929,11384.3332697373,0
390404.498812893,11366.4325069821,0
390438.201161768,11348.4305546569,0
390471.850149143,11330.3275705256,0
390505.445476053,11312.123713243,0
390538.986843986,11293.8191423554,0
390572.47395488,11275.4140182999,0
390605.906511133,11256.9085024018,0
390639.284215598,11238.3027568735,0
390672.606771593,11219.5969448146,0
390705.873882895,11200.79123021,0
390739.085253752,11181.8857779281,0
390772.240588878,11162.88075372,0
390805.339593459,11143.7763242195,0
390838.381973157,11124.5726569397,0
390871.367434109,11105.2699202727,0
390904.295682932,11085.8682834897,0
390937.166426725,11066.3679167377,0
390969.979373071,11046.7689910388,0
391002.734230041,11027.0716782899,0
391035.430706196,11007.2761512609,0
391068.068510587,10987.3825835922,0
391100.647352762,10967.3911497954,0
391133.166942767,10947.3020252512,0
391165.626991146,10927.1153862075,0
391198.027208948,10906.8314097782,0
391230.367307724,10886.4502739435,0
391262.646999536,10865.9721575464,0
391294.865996955,10845.3972402922,0
391327.024013063,10824.7257027479,0
391359.120761462,10803.9577263401,0
391391.155956267,10783.0934933529,0
391423.129312118,10762.1331869282,0
391455.040544174,10741.0769910638,0
391486.889368123,10719.9250906108,0
391518.675500181,10698.6776712733,0
391550.398657091,10677.3349196079,0
391582.058556135,10655.8970230199,0
391613.654915126,10634.3641697636,0
391645.187452419,10612.7365489412,0
391676.655886907,10591.0143505001,0
391708.05993803,10569.1977652315,0
391739.39932577,10547.2869847706,0
391770.67377066,10525.2822015936,0
391801.882993785,10503.1836090161,0
391833.026716781,10480.9914011931,0
391864.104661842,10458.7057731163,0
391895.11655172,10436.3269206127,0
391926.062109729,10413.8550403434,0
391956.941059746,10391.2903298029,0
391987.753126214,10368.6329873154,0
392018.498034145,10345.8832120354,0
392049.175509122,10323.0412039459,0
392079.785277304,10300.1071638553,0
392110.327065423,10277.0812933973,0
392140.800600791,10253.9637950299,0
392171.205611302,10230.7548720317,0
392201.541825434,10207.4547285019,0
392231.808972249,10184.063569359,0
392262.006781399,10160.5816003382,0
392292.134983129,10137.0090279899,0
392322.193308276,10113.3460596791,0
392352.181488271,10089.592903583,0
392382.099255149,10065.7497686889,0
392411.946341542,10041.8168647939,0
392441.722480686,10017.7944025027,0
392471.427406425,9993.6825932249,0
392501.06085321,9969.48164917524,0
392530.622556102,9945.19178337091,0
392560.112250779,9920.81320962929,0
392589.529673531,9896.34614256762,0
392618.874561269,9871.79079760086,0
392648.146651524,9847.14739093905,0
392677.34568245,9822.41613958689,0
392706.471392826,9797.59726134193,0
392735.523522061,9772.69097479163,0
392764.501810193,9747.69749931289,0
392793.405997893,9722.61705507043,0
392822.235826469,9697.44986301371,0
392850.991037866,9672.19614487628,0
392879.671374667,9646.85612317448,0
392908.276580102,9621.43002120406,0
392936.806398043,9595.91806303955,0
392965.260573009,9570.32047353301,0
392993.638850172,9544.63747831063,0
393021.940975354,9518.86930377196,0
393050.166695031,9493.01617708878,0
393078.315756339,9467.07832620158,0
393106.38790707,9441.05597981878,0
393134.382895681,9414.94936741558,0
393162.30047129,9388.75871923048,0
393190.140383686,9362.48426626436,0
393217.902383322,9336.12624027942,0
393245.586221327,9309.68487379557,0
393273.1916495,9283.16040008958,0
393300.718420317,9256.55305319389,0
393328.166286934,9229.86306789312,0
393355.535003187,9203.09067972306,0
393382.824323595,9176.23612496952,0
393410.034003361,9149.29964066482,0
393437.163798379,9122.28146458672,0
393464.213465231,9095.18183525728,0
393491.182761191,9068.0009919393,0
393518.07144423,9040.73917463525,0
393544.879273014,9013.39662408611,0
393571.606006909,8985.97358176768,0
393598.251405983,8958.47028988972,0
393624.815231009,8930.88699139451,0
393651.297243465,8903.22392995326,0
393677.697205539,8875.48134996527,0
393704.014880128,8847.65949655634,0
393730.250030844,8819.75861557522,0
393756.402422013,8791.77895359284,0
393782.471818681,8763.72075790052,0
393808.457986612,8735.58427650645,0
393834.360692295,8707.36975813507,0
393860.179702939,8679.07745222496,0
393885.914786485,8650.70760892548,0
393911.5657116,8622.26047909623,0
393937.132247684,8593.73631430454,0
393962.614164869,8565.1353668225,0
393988.011234025,8536.45788962622,0
394013.323226758,8507.7041363932,0
394038.549915416,8478.87436149945,0
394063.691073088,8449.96882001885,0
394088.74647361,8420.98776772013,0
394113.715891563,8391.93146106431,0
394138.599102279,8362.80015720401,0
394163.395881839,8333.59411398009,0
394188.106007079,8304.31358991944,0
394212.729255592,8274.95884423417,0
394237.265405727,8245.53013681793,0
394261.714236595,8216.02772824415,0
394286.075528068,8186.45187976491,0
394310.349060782,8156.80285330717,0
394334.534616142,8127.08091147129,0
394358.63197632,8097.28631752967,0
394382.64092426,8067.41933542279,0
394406.561243679,8037.48022975822,0
394430.392719068,8007.46926580867,0
394454.135135697,7977.38670950825,0
394477.788279615,7947.23282745175,0
394501.351937653,7917.007886892,0
394524.825897426,7886.71215573665,0
394548.209947335,7856.34590254744,0
394571.503876567,7825.90939653699,0
394594.707475103,7795.40290756614,0
394617.820533713,7764.82670614309,0
394640.842843962,7734.18106341973,0
394663.774198213,7703.46625118954,0
394686.614389625,7672.68254188648,0
394709.36321216,7641.83020858093,0
394732.020460582,7610.90952497833,0
394754.585930458,7579.92076541736,0
394777.059418164,7548.86420486603,0
394799.440720884,7517.74011892078,0
394821.729636613,7486.54878380379,0
394843.925964157,7455.29047635966,0
394866.029503141,7423.96547405455,0
394888.040054002,7392.57405497281,0
394909.957418001,7361.11649781433,0
394931.781397215,7329.59308189353,0
394953.511794547,7298.00408713539,0
394975.148413726,7266.34979407364,0
394996.691059304,7234.63048384914,0
395018.139536665,7202.84643820587,0
395039.493652023,7170.99793948971,0
395060.753212425,7139.08527064597,0
395081.918025753,7107.10871521578,0
395102.987900725,7075.06855733524,0
395123.962646899,7042.96508173188,0
395144.842074672,7010.7985737221,0
395165.625995285,6978.56931920983,0
395186.314220823,6946.27760468265,0
395206.906564218,6913.92371720995,0
395227.402839249,6881.50794444099,0
395247.802860547,6849.03057460099,0
395268.106443594,6816.49189648993,0
395288.313404725,6783.89219947958,0
395308.423561135,6751.23177351031,0
395328.436730872,6718.51090908991,0
395348.352732846,6685.72989728982,0
395368.171386829,6652.88902974284,0
395387.892513456,6619.9885986415,0
395407.515934226,6587.02889673393,0
395427.041471506,6554.01021732253,0
395446.468948534,6520.93285426112,0
395465.798189415,6487.79710195157,0
395485.029019128,6454.60325534255,0
395504.161263528,6421.3516099258,0
395523.194749344,6388.04246173371,0
395542.129304185,6354.67610733761,0
395560.964756537,6321.25284384367,0
395579.70093577,6287.77296889143,0
395598.337672136,6254.23678065093,0
395616.874796774,6220.64457781929,0
395635.312141706,6186.99665961942,0
395653.649539846,6153.2933257961,0
395671.886824998,6119.53487661375,0
395690.023831856,6085.72161285443,0
395708.060396009,6051.85383581376,0
395725.996353943,6017.93184729957,0
395743.831543038,5983.95594962858,0
395761.565801575,5949.92644562332,0
395779.198968736,5915.84363861065,0
395796.730884604,5881.70783241755,0
395814.161390165,5847.51933136938,0
395831.490327314,5813.27844028718,0
395848.71753885,5778.98546448395,0
395865.842868482,5744.6407097633,0
395882.86616083,5710.24448241563,0
395899.787261425,5675.79708921553,0
395916.606016714,5641.29883741992,0
395933.322274058,5606.75003476372,0
395949.935881734,5572.15098945859,0
395966.446688939,5537.50201018929,0
395982.85454579,5502.80340611078,0
395999.159303326,5468.05548684643,0
396015.360813509,5433.25856248379,0
396031.458929226,5398.41294357295,0
396047.45350429,5363.51894112335,0
396063.344393442,5328.57686660038,0
396079.131452355,5293.58703192384,0
396094.814537631,5258.54974946368,0
396110.393506803,5223.46533203809,0
396125.868218341,5188.33409291059,0
396141.23853165,5153.15634578641,0
396156.504307071,5117.93240481088,0
396171.665405885,5082.66258456534,0
396186.721690313,5047.34720006498,0
396201.673023515,5011.98656675606,0
396216.519269598,4976.58100051214,0
396231.26029361,4941.13081763255,0
396245.895961547,4905.6363348382,0
396260.426140352,4870.09786926939,0
396274.850697916,4834.515738483,0
396289.16950308,4798.8902604488,0
396303.382425639,4763.22175354769,0
396317.489336337,4727.51053656759,0
396331.490106876,4691.75692870135,0
396345.384609912,4655.9612495436,0
396359.172719057,4620.12381908732,0
396372.854308884,4584.24495772196,0
396386.429254924,4548.32498622916,0
396399.897433669,4512.36422578095,0
396413.258722574,4476.36299793616,0
396426.513000059,4440.32162463737,0
396439.660145507,4404.24042820866,0
396452.700039267,4368.11973135154,0
396465.632562659,4331.95985714309,0
396478.457597968,4295.76112903208,0
396491.175028452,4259.52387083637,0
396503.784738338,4223.24840674019,0
396516.286612828,4186.93506129022,0
396528.680538097,4150.58415939383,0
396540.966401295,4114.19602631487,0
396553.144090548,4077.77098767144,0
396565.213494961,4041.30936943265,0
396577.174504616,4004.81149791522,0
396589.027010577,3968.27769978125,0
396600.770904887,3931.70830203415,0
396612.406080573,3895.1036320166,0
396623.932431644,3858.46401740673,0
396635.349853095,3821.78978621542,0
396646.658240907,3785.08126678337,0
396657.857492046,3748.33878777745,0
396668.947504468,3711.56267818853,0
396679.928177117,3674.75326732736,0
396690.799409928,3637.9108848225,0
396701.561103825,3601.03586061642,0
396712.213160729,3564.12852496284,0
396722.75548355,3527.18920842374,0
396733.187976194,3490.21824186562,0
396743.510543564,3453.21595645742,0
396753.723091557,3416.18268366624,0
396763.82552707,3379.11875525532,0
396773.817757998,3342.02450328004,0
396783.699693235,3304.90026008541,0
396793.471242675,3267.74635830268,0
396803.132317215,3230.56313084605,0
396812.682828755,3193.35091091011,0
396822.122690196,3156.11003196584,0
396831.451815448,3118.84082775846,0
396840.670119421,3081.54363230328,0
396849.777518035,3044.21877988348,0
396858.773928217,3006.86660504618,0
396867.6592679,2969.48744259981,0
396876.43345603,2932.08162761076,0
396885.096412559,2894.6494954,0
396893.648058452,2857.19138154049,0
396902.088315686,2819.70762185321,0
396910.417107248,2782.19855240485,0
396918.634357143,2744.66450950376,0
396926.739990386,2707.10582969762,0
396934.733933009,2669.52284976943,0
396942.616112059,2631.91590673505,0
396950.386455602,2594.28533783942,0
396958.044892719,2556.63148055378,0
396965.591353511,2518.95467257225,0
396973.025769096,2481.25525180858,0
396980.348071613,2443.53355639329,0
396987.558194223,2405.78992466986,0
396994.656071106,2368.02469519222,0
397001.641637465,2330.23820672085,0
397008.514829526,2292.43079822018,0
397015.275584539,2254.60280885476,0
397021.923840775,2216.7545779867,0
397028.459537534,2178.88644517168,0
397034.882615139,2140.99875015651,0
397041.193014939,2103.09183287517,0
397047.390679312,2065.16603344617,0
397053.475551661,2027.22169216881,0
397059.447576418,1989.25914952038,0
397065.306699044,1951.27874615253,0
397071.052866028,1913.2808228883,0
397076.686024891,1875.26572071869,0
397082.206124182,1837.23378079956,0
397087.613113484,1799.18534444816,0
397092.906943408,1761.12075314012,0
397098.087565599,1723.040348506,0
397103.154932736,1684.94447232811,0
397108.108998529,1646.83346653719,0
397112.949717721,1608.70767320926,0
397117.677046093,1570.56743456214,0
397122.290940456,1532.41309295242,0
397126.79135866,1494.24499087199,0
397131.178259589,1456.06347094487,0
397135.451603162,1417.86887592387,0
397139.611350336,1379.66154868738,0
397143.657463105,1341.44183223597,0
397147.5899045,1303.21006968932,0
397151.408638589,1264.96660428257,0
397155.11363048,1226.7117793635,0
397158.704846317,1188.44593838875,0
397162.182253286,1150.16942492101,0
397165.545819609,1111.88258262526,0
397168.795514551,1073.58575526587,0
397171.931308415,1035.27928670302,0
397174.953172544,996.963520889607,0
397177.861079323,958.638801867776,0
397180.655002178,920.305473765718,0
397183.334915574,881.963880794416,0
397185.90079502,843.614367244115,0
397188.352617065,805.257277481368,0
397190.690359303,766.892955945337,0
397192.914000367,728.521747144843,0
397195.023519934,690.143995654832,0
397197.018898723,651.760046113091,0
397198.900118498,613.370243217093,0
397200.667162064,574.974931720423,0
397202.32001327,536.574456429743,0
397203.85865701,498.169162201307,0
397205.283079219,459.759393937638,0
397206.593266878,421.34549658436,0
397207.789208012,382.927815126732,0
397208.87089169,344.506694586377,0
397209.838308023,306.082480018037,0
397210.69144817,267.655516506159,0
397211.430304332,229.226149161601,0
397212.054869757,190.794723118394,0
397212.565138733,152.361583530287,0
397212.961106599,113.927075567547,0
397213.242769734,75.491544413607,0
397213.410125563,37.0553352616919,0
397213.463172557,-1.38120668841588,0
397213.401910232,-39.8177362337344,0
397213.226339146,-78.2539081714416,0
397212.936460905,-116.689377302098,0
397212.532278159,-155.123798433074,0
397212.013794601,-193.556826381777,0
397211.381014972,-231.988115979008,0
397210.633945055,-270.417322072327,0
397209.772591679,-308.844099529278,0
397208.796962718,-347.268103240745,0
397207.707067088,-385.688988124333,0
397206.502914752,-424.106409127597,0
397205.184516717,-462.520021231363,0
397203.751885033,-500.929479453126,0
397202.205032794,-539.334438850286,0
397200.54397414,-577.734554523496,0
397198.768724252,-616.129481619951,0
397196.879299356,-654.518875336747,0
397194.875716721,-692.902390924142,0
397192.75799466,-731.279683688907,0
397190.526152527,-769.650408997643,0
397188.180210722,-808.014222280005,0
397185.720190684,-846.370779032158,0
397183.146114897,-884.719734819937,0
397180.458006884,-923.06074528228,0
397177.655891214,-961.393466134415,0
397174.739793495,-999.717553171263,0
397171.709740375,-1038.03266227073,0
397168.565759545,-1076.33844939688,0
397165.307879737,-1114.63457060349,0
397161.936130722,-1152.92068203704,0
397158.450543311,-1191.19643994032,0
397154.851149354,-1229.46150065545,0
397151.137981743,-1267.71552062737,0
397147.311074407,-1305.95815640708,0
397143.370462312,-1344.18906465483,0
397139.316181466,-1382.40790214365,0
397135.148268911,-1420.61432576229,0
397130.866762729,-1458.80799251891,0
397126.471702037,-1496.98855954395,0
397121.963126991,-1535.15568409386,0
397117.34107878,-1573.30902355387,0
397112.60559963,-1611.44823544183,0
397107.756732802,-1649.57297741094,0
397102.794522593,-1687.68290725349,0
397097.719014332,-1725.77768290376,0
397092.530254382,-1763.85696244164,0
397087.228290141,-1801.92040409552,0
397081.813170038,-1839.96766624596,0
397076.284943533,-1877.99840742853,0
397070.643661121,-1916.01228633753,0
397064.889374324,-1954.00896182876,0
397059.022135697,-1991.9880929233,0
397053.041998825,-2029.94933881021,0
397046.94901832,-2067.89235885032,0
397040.743249824,-2105.816812579,0
397034.424750008,-2143.72235970987,0
397027.993576568,-2181.60866013751,0
397021.449788229,-2219.47537394134,0
397014.793444741,-2257.32216138817,0
397008.024606879,-2295.14868293609,0
397001.143336444,-2332.95459923711,0
396994.14969626,-2370.73957114098,0
396987.043750175,-2408.50325969775,0
396979.82556306,-2446.24532616175,0
396972.495200807,-2483.96543199401,0
396965.052730329,-2521.66323886629,0
396957.498219561,-2559.33840866352,0
396949.831737457,-2596.99060348764,0
396942.053353991,-2634.61948566042,0
396934.163140152,-2672.22471772681,0
396926.161167951,-2709.8059624582,0
396918.047510411,-2747.36288285538,0
396909.822241576,-2784.89514215211,0
396901.4854365,-2822.40240381786,0
396893.037171254,-2859.88433156153,0
396884.477522922,-2897.34058933394,0
396875.806569601,-2934.7708413319,0
396867.024390399,-2972.1747520004,0
396858.131065434,-3009.5519860367,0
396849.126675836,-3046.90220839276,0
396840.011303742,-3084.22508427896,0
396830.785032298,-3121.5202791669,0
396821.447945658,-3158.78745879268,0
396812.000128981,-3196.02628916018,0
396802.441668432,-3233.23643654387,0
396792.772651181,-3270.41756749249,0
396782.993165401,-3307.56934883149,0
396773.103300267,-3344.69144766698,0
396763.103145956,-3381.78353138799,0
396752.992793645,-3418.84526767046,0
396742.772335512,-3455.8763244797,0
396732.441864733,-3492.87637007378,0
396722.001475481,-3529.84507300686,0
396711.451262925,-3566.78210213166,0
396700.791323231,-3603.68712660348,0
396690.021753558,-3640.55981588229,0
396679.142652061,-3677.39983973683,0
396668.154117883,-3714.20686824683,0
396657.056251162,-3750.98057180672,0
396645.849153025,-3787.72062112845,0
396634.532925587,-3824.42668724443,0
396623.107671953,-3861.09844151114,0
396611.573496212,-3897.73555561137,0
396599.930503442,-3934.33770155826,0
396588.178799702,-3970.9045516974,0
396576.318492038,-4007.43577871067,0
396564.349688476,-4043.93105561891,0
396552.272498024,-4080.39005578478,0
396540.087030668,-4116.81245291655,0
396527.793397375,-4153.19792107001,0
396515.39171009,-4189.5461346527,0
396502.882081731,-4225.85676842599,0
396490.264626194,-4262.12949750859,0
396477.539458347,-4298.36399737964,0
396464.706694033,-4334.5599438811,0
396451.766450064,-4370.71701322176,0
396438.718844224,-4406.83488197909,0
396425.563995263,-4442.91322710329,0
396412.302022902,-4478.9517259196,0
396398.933047826,-4514.95005613138,0
396385.457191685,-4550.90789582361,0
396371.874577094,-4586.82492346486,0
396358.185327629,-4622.7008179115,0
396344.389567828,-4658.53525840951,0
396330.487423188,-4694.32792459819,0
396316.479020165,-4730.078496513,0
396302.364486172,-4765.78665458789,0
396288.143949576,-4801.4520796594,0
396273.8175397,-4837.07445296832,0
396259.385386819,-4872.65345616354,0
396244.847622161,-4908.18877130475,0
396230.204377901,-4943.6800808648,0
396215.455787165,-4979.12706773376,0
396200.601984026,-5014.52941522044,0
396185.643103503,-5049.88680705648,0
396170.579281558,-5085.19892739868,0
396155.410655097,-5120.46546083162,0
396140.137361966,-5155.68609237152,0
396124.759540955,-5190.86050746778,0
396109.277331786,-5225.98839200706,0
396093.690875125,-5261.06943231555,0
396078.000312568,-5296.10331516159,0
396062.205786649,-5331.08972775944,0
396046.307440831,-5366.02835777088,0
396030.305419511,-5400.91889330919,0
396014.199868013,-5435.76102294139,0
395997.990932592,-5470.55443569085,0
395981.678760426,-5505.29882104106,0
395965.263499619,-5539.99386893716,0
395948.7452992,-5574.63926978982,0
395932.124309118,-5609.23471447766,0
395915.400680242,-5643.77989434954,0
395898.574564359,-5678.27450122853,0
395881.646114175,-5712.71822741335,0
395864.61548331,-5747.11076568208,0
395847.482826298,-5781.45180929482,0
395830.248298584,-5815.74105199566,0
395812.912056525,-5849.97818801677,0
395795.474257385,-5884.16291207988,0
395777.935059338,-5918.29491939968,0
395760.29462146,-5952.37390568683,0
395742.553103734,-5986.39956714953,0
395724.710667042,-6020.37160049776,0
395706.76747317,-6054.28970294492,0
395688.723684799,-6088.15357221063,0
395670.57946551,-6121.96290652431,0
395652.334979778,-6155.71740462646,0
395633.990392973,-6189.41676577266,0
395615.545871353,-6223.06068973572,0
395597.001582072,-6256.6488768078,0
395578.357693168,-6290.18102780436,0
395559.614373568,-6323.65684406556,0
395540.771793082,-6357.07602745951,0
395521.830122404,-6390.4382803853,0
395502.789533112,-6423.74330577438,0
395483.650197659,-6456.99080709473,0
395464.412289379,-6490.18048835255,0
395445.075982482,-6523.31205409463,0
395425.64145205,-6556.38520941225,0
395406.10887404,-6589.39965994221,0
395386.478425277,-6622.35511187041,0
395366.750283458,-6655.25127193459,0
395346.924627145,-6688.0878474257,0
395327.001635765,-6720.86454619205,0
395306.981489608,-6753.58107664091,0
395286.864369826,-6786.23714774083,0
395266.650458432,-6818.83246902547,0
395246.339938294,-6851.36675059462,0
395225.932993138,-6883.83970311766,0
395205.429807543,-6916.25103783627,0
395184.830566939,-6948.60046656577,0
395164.135457608,-6980.8877016991,0
395143.344666678,-7013.11245620859,0
395122.458382127,-7045.27444364791,0
395101.476792774,-7077.37337815609,0
395080.400088281,-7109.40897445848,0
395059.228459152,-7141.38094786984,0
395037.962096728,-7173.28901429742,0
395016.601193188,-7205.13289024202,0
394995.145941544,-7236.91229280176,0
394973.596535643,-7268.62693967419,0
394951.953170161,-7300.27654915781,0
394930.216040602,-7331.86084015609,0
394908.3853433,-7363.37953217876,0
394886.461275411,-7394.83234534413,0
394864.444034914,-7426.21900038272,0
394842.333820611,-7457.5392186382,0
394820.13083212,-7488.79272207052,0
394797.835269877,-7519.97923325876,0
394775.447335134,-7551.09847540217,0
394752.967229955,-7582.15017232384,0
394730.395157212,-7613.13404847279,0
394707.73132059,-7644.04982892527,0
394684.975924577,-7674.89723938879,0
394662.129174468,-7705.67600620341,0
394639.19127636,-7736.38585634375,0
394616.16243715,-7767.02651742268,0
394593.042864533,-7797.59771769231,0
394569.832767,-7828.09918604663,0
394546.532353838,-7858.53065202471,0
394523.141835125,-7888.89184581151,0
394499.661421728,-7919.18249824117,0
394476.091325304,-7949.40234079951,0
394452.431758294,-7979.55110562504,0
394428.682933924,-8009.62852551253,0
394404.8450662,-8039.63433391499,0
394380.91836991,-8069.56826494487,0
394356.903060617,-8099.43005337791,0
394332.799354659,-8129.21943465444,0
394308.607469148,-8158.93614488115,0
394284.327621968,-8188.57992083474,0
394259.96003177,-8218.15049996293,0
394235.504917972,-8247.64762038662,0
394210.962500755,-8277.07102090332,0
394186.333001066,-8306.42044098792,0
394161.616640608,-8335.69562079532,0
394136.813641845,-8364.89630116347,0
394111.924227993,-8394.02222361404,0
394086.948623026,-8423.07313035546,0
394061.887051665,-8452.04876428554,0
394036.739739383,-8480.94886899213,0
394011.5069124,-8509.7731887565,0
393986.188797677,-8538.52146855552,0
393960.785622922,-8567.19345406242,0
393935.29761658,-8595.78889165037,0
393909.725007835,-8624.30752839432,0
393884.068026607,-8652.74911207183,0
393858.326903551,-8681.11339116688,0
393832.501870049,-8709.40011487122,0
393806.593158216,-8737.60903308553,0
393780.601000892,-8765.73989642321,0
393754.525631641,-8793.79245621141,0
393728.367284751,-8821.76646449248,0
393702.126195229,-8849.66167402761,0
393675.802598798,-8877.47783829774,0
393649.3967319,-8905.21471150519,0
393622.908831687,-8932.87204857715,0
393596.339136022,-8960.44960516648,0
393569.687883479,-8987.94713765356,0
393542.955313336,-9015.36440314958,0
393516.141665575,-9042.70115949726,0
393489.24718088,-9069.95716527286,0
393462.272100635,-9097.13217978933,0
393435.216666919,-9124.22596309703,0
393408.081122509,-9151.23827598568,0
393380.86571087,-9178.16887998759,0
393353.570676162,-9205.01753737819,0
393326.196263227,-9231.78401117815,0
393298.742717597,-9258.46806515641,0
393271.210285485,-9285.0694638308,0
393243.599213785,-9311.58797247006,0
393215.909750068,-9338.02335709697,0
393188.142142583,-9364.37538448874,0
393160.296640251,-9390.64382217923,0
393132.373492665,-9416.82843846187,0
393104.372950087,-9442.92900239017,0
393076.295263445,-9468.94528377978,0
393048.14068433,-9494.87705321154,0
393019.909464996,-9520.72408203182,0
392991.601858357,-9546.48614235466,0
392963.218117983,-9572.16300706469,0
392934.758498097,-9597.75444981759,0
392906.223253577,-9623.26024504208,0
392877.612639949,-9648.68016794284,0
392848.926913386,-9674.01399450105,0
392820.166330708,-9699.26150147618,0
392791.331149375,-9724.42246640898,0
392762.421627488,-9749.49666762211,0
392733.438023787,-9774.48388422164,0
392704.380597645,-9799.38389610023,0
392675.249609069,-9824.19648393774,0
392646.045318696,-9848.92142920251,0
392616.767987792,-9873.55851415468,0
392587.417878248,-9898.10752184681,0
392557.995252577,-9922.56823612502,0
392528.500373913,-9946.94044163222,0
392498.933506009,-9971.22392380903,0
392469.294913235,-9995.41846889451,0
392439.584860571,-10019.5238639296,0
392409.803613609,-10043.5398967579,0
392379.95143855,-10067.4663560266,0
392350.028602203,-10091.3030311894,0
392320.035371975,-10115.0497125079,0
392289.972015879,-10138.7061910521,0
392259.838802524,-10162.2722587034,0
392229.636001116,-10185.7477081558,0
392199.363881453,-10209.1323329168,0
392169.022713927,-10232.4259273098,0
392138.612769515,-10255.6282864758,0
392108.134319783,-10278.7392063743,0
392077.587636879,-10301.7584837847,0
392046.972993533,-10324.6859163095,0
392016.290663051,-10347.5213023738,0
391985.54091932,-10370.2644412278,0
391954.724036796,-10392.9151329489,0
391923.840290509,-10415.4731784422,0
391892.889956055,-10437.9383794421,0
391861.873309598,-10460.3105385149,0
391830.790627865,-10482.5894590594,0
391799.642188145,-10504.7749453079,0
391768.428268284,-10526.8668023291,0
391737.149146683,-10548.8648360289,0
391705.805102299,-10570.768853151,0
391674.396414641,-10592.5786612798,0
391642.923363761,-10614.2940688415,0
391611.386230261,-10635.9148851047,0
391579.785295287,-10657.4409201825,0
391548.120840523,-10678.8719850346,0
391516.393148193,-10700.2078914671,0
391484.602501057,-10721.448452135,0
391452.749182406,-10742.593480544,0
391420.833476063,-10763.6427910511,0
391388.85566638,-10784.5961988655,0
391356.816038234,-10805.4535200517,0
391324.714877023,-10826.2145715299,0
391292.552468668,-10846.8791710764,0
391260.329099608,-10867.4471373267,0
391228.045056793,-10887.9182897764,0
391195.700627692,-10908.2924487813,0
391163.296100279,-10928.5694355603,0
391130.831763038,-10948.7490721964,0
391098.307904957,-10968.8311816373,0
391065.724815529,-10988.8155876967,0
391033.082784742,-11008.7021150572,0
391000.382103086,-11028.4905892701,0
390967.623061544,-11048.1808367563,0
390934.80595159,-11067.7726848093,0
390901.931065189,-11087.2659615954,0
390868.998694793,-11106.6604961546,0
390836.009133336,-11125.9561184029,0
