397213.46324636,-6.16636937366723e-09,0
397213.406091699,-38.4365359767643,0
397213.234628241,-76.8727267444508,0
397212.948857551,-115.308227109632,0
397212.548782243,-153.742691879353,0
397212.034405973,-192.175775870613,0
397211.405733442,-230.607133913694,0
397210.662770398,-269.036420855464,0
397209.805523632,-307.4632915627,0
397208.834000979,-345.887400925409,0
397207.748211319,-384.308403860163,0
397206.548164577,-422.725955313376,0
397205.233871722,-461.139710264636,0
397203.805344767,-499.549323730062,0
397202.262596769,-537.954450765562,0
397200.605641828,-576.354746470148,0
397198.834495091,-614.749865989334,0
397196.949172744,-653.139464518337,0
397194.94969202,-691.52319730544,0
397192.836071194,-729.900719655365,0
397190.608329583,-768.271686932439,0
397188.266487547,-806.635754564062,0
397185.810566491,-844.99257804392,0
397183.240588859,-883.341812935274,0
397180.556578139,-921.683114874411,0
397177.75855886,-960.016139573724,0
397174.846556594,-998.340542825261,0
397171.820597951,-1036.65598050383,0
397168.680710586,-1074.96210857039,0
397165.426923192,-1113.25858307542,0
397162.059265503,-1151.545060162,0
397158.577768292,-1189.82119606942,0
397154.982463374,-1228.08664713614,0
397151.273383601,-1266.34106980343,0
397147.450562866,-1304.5841206183,0
397143.514036098,-1342.81545623715,0
397139.463839266,-1381.03473342877,0
397135.300009377,-1419.2416090778,0
397131.022584474,-1457.43574018798,0
397126.631603639,-1495.61678388536,0
397122.127106987,-1533.78439742174,0
397117.509135672,-1571.93823817773,0
397112.777731883,-1610.07796366631,0
397107.932938845,-1648.20323153578,0
397102.974800814,-1686.31369957338,0
397097.903363086,-1724.40902570821,0
397092.718671984,-1762.4888680149,0
397087.420774871,-1800.55288471641,0
397082.009720136,-1838.60073418781,0
397076.485557206,-1876.63207495902,0
397070.848336535,-1914.6465657186,0
397065.09810961,-1952.64386531647,0
397059.23492895,-1990.62363276773,0
397053.2588481,-2028.58552725532,0
397047.169921637,-2066.52920813389,0
397040.968205166,-2104.45433493244,0
397034.653755321,-2142.36056735813,0
397028.226629761,-2180.24756529902,0
397021.686887173,-2218.11498882778,0
397015.034587271,-2255.96249820447,0
397008.269790794,-2293.78975388023,0
397001.392559506,-2331.59641650007,0
396994.402956193,-2369.3821469065,0
396987.301044667,-2407.14660614246,0
396980.086889762,-2444.8894554547,0
396972.760557333,-2482.61035629698,0
396965.322114258,-2520.3089703332,0
396957.771628434,-2557.9849594408,0
396950.109168779,-2595.63798571367,0
396942.334805228,-2633.26771146579,0
396934.448608737,-2670.87379923388,0
396926.450651277,-2708.45591178129,0
396918.341005839,-2746.01371210037,0
396910.119746425,-2783.54686341657,0
396901.786948057,-2821.05502919076,0
396893.342686767,-2858.53787312318,0
396884.787039605,-2895.99505915599,0
396876.120084628,-2933.42625147696,0
396867.341900911,-2970.83111452227,0
396858.452568534,-3008.20931297989,0
396849.452168591,-3045.56051179277,0
396840.340783183,-3082.88437616173,0
396831.11849542,-3120.18057154914,0
396821.78538942,-3157.44876368135,0
396812.341550305,-3194.68861855272,0
396802.787064204,-3231.89980242784,0
396793.122018252,-3269.08198184556,0
396783.346500584,-3306.23482362139,0
396773.460600341,-3343.35799485116,0
396763.464407662,-3380.45116291392,0
396753.358013691,-3417.51399547496,0
396743.141510568,-3454.54616048939,0
396732.814991432,-3491.54732620453,0
396722.378550422,-3528.51716116392,0
396711.832282672,-3565.45533420951,0
396701.176284311,-3602.36151448559,0
396690.410652462,-3639.23537144129,0
396679.535485244,-3676.07657483397,0
396668.550881766,-3712.88479473241,0
396657.45694213,-3749.65970151939,0
396646.253767425,-3786.40096589564,0
396634.941459734,-3823.10825888184,0
396623.520122124,-3859.78125182282,0
396611.98985865,-3896.41961638966,0
396600.350774354,-3933.02302458339,0
396588.60297526,-3969.5911487379,0
396576.746568378,-4006.1236615226,0
396564.781661699,-4042.62023594636,0
396552.708364195,-4079.08054535937,0
396540.526785819,-4115.50426345739,0
396528.237037501,-4151.89106428385,0
396515.839231151,-4188.24062223335,0
396503.333479653,-4224.55261205477,0
396490.719896867,-4260.82670885368,0
396477.998597627,-4297.06258809637,0
396465.169697741,-4333.25992561166,0
396452.233313984,-4369.41839759502,0
396439.189564107,-4405.53768061086,0
396426.038566826,-4441.61745159561,0
396412.780441825,-4477.65738786129,0
396399.415309755,-4513.65716709741,0
396385.943292233,-4549.61646737523,0
396372.364511838,-4585.53496714962,0
396358.679092112,-4621.41234526268,0
396344.887157557,-4657.24828094672,0
396330.988833638,-4693.0424538265,0
396316.984246775,-4728.79454392336,0
396302.873524346,-4764.50423165694,0
396288.656794686,-4800.17119784902,0
396274.334187081,-4835.79512372617,0
396259.905831774,-4871.37569092223,0
396245.371859957,-4906.91258148227,0
396230.732403773,-4942.40547786422,0
396215.987596312,-4977.85406294294,0
396201.137571614,-5013.25802001248,0
396186.182464664,-5048.61703278886,0
396171.122411389,-5083.93078541383,0
396155.957548662,-5119.19896245643,0
396140.688014297,-5154.42124891722,0
396125.313947046,-5189.59733023028,0
396109.835486603,-5224.72689226617,0
396094.252773594,-5259.80962133548,0
396078.565949586,-5294.84520419052,0
396062.775157077,-5329.83332802936,0
396046.880539499,-5364.77368049797,0
396030.882241213,-5399.66594969297,0
396014.780407512,-5434.50982416532,0
395998.575184614,-5469.30499292184,0
395982.266719668,-5504.0511454293,0
395965.855160743,-5538.74797161653,0
395949.340656834,-5573.39516187705,0
395932.723357857,-5607.99240707287,0
395916.003414649,-5642.53939853587,0
395899.180978965,-5677.03582807181,0
395882.256203476,-5711.48138796268,0
395865.22924177,-5745.8757709689,0
395848.100248347,-5780.21867033336,0
395830.869378621,-5814.50977978281,0
395813.536788916,-5848.74879353153,0
395796.102636463,-5882.93540628403,0
395778.567079403,-5917.0693132369,0
395760.930276781,-5951.15021008297,0
395743.192388545,-5985.17779301279,0
395725.353575547,-6019.15175871785,0
395707.413999539,-6053.07180439377,0
395689.373823172,-6086.93762774176,0
395671.233209992,-6120.74892697275,0
395652.992324443,-6154.50540080923,0
395634.651331863,-6188.20674848778,0
395616.210398479,-6221.85266976281,0
395597.669691412,-6255.44286490783,0
395579.029378667,-6288.97703471914,0
395560.289629141,-6322.45488051844,0
395541.450612612,-6355.87610415448,0
395522.512499742,-6389.24040800724,0
395503.475462076,-6422.54749498932,0
395484.339672038,-6455.79706854892,0
395465.105302929,-6488.98883267317,0
395445.772528927,-6522.12249188937,0
395426.341525084,-6555.1977512689,0
395406.812467324,-6588.21431642937,0
395387.185532443,-6621.17189353654,0
395367.460898105,-6654.07018930831,0
395347.638742841,-6686.90891101602,0
395327.719246047,-6719.68776648745,0
395307.702587983,-6752.40646411006,0
395287.58894977,-6785.06471283217,0
395267.378513389,-6817.66222216679,0
395247.071461679,-6850.19870219381,0
395226.667978333,-6882.6738635617,0
395206.168247899,-6915.08741749157,0
395185.57245578,-6947.43907577841,0
395164.880788224,-6979.72855079391,0
395144.093432332,-7011.95555548981,0
395123.210576048,-7044.11980339892,0
395102.232408162,-7076.22100863881,0
395081.159118306,-7108.2588859142,0
395059.990896954,-7140.23315051833,0
395038.727935417,-7172.14351833702,0
395017.370425843,-7203.98970585014,0
394995.918561216,-7235.77143013384,0
394974.37253535,-7267.48840886423,0
394952.732542894,-7299.14036031843,0
394930.998779322,-7330.72700337767,0
394909.171440936,-7362.24805753022,0
394887.250724865,-7393.70324287241,0
394865.236829057,-7425.09228011243,0
394843.129952285,-7456.41489057237,0
394820.930294138,-7487.67079618963,0
394798.638055022,-7518.85971952096,0
394776.25343616,-7549.9813837437,0
394753.776639586,-7581.03551265801,0
394731.207868145,-7612.02183069053,0
394708.547325491,-7642.9400628952,0
394685.795216085,-7673.78993495634,0
394662.951745191,-7704.57117319156,0
394640.017118879,-7735.28350455266,0
394616.991544015,-7765.9266566292,0
394593.875228267,-7796.50035765071,0
394570.668380097,-7827.00433648785,0
394547.371208764,-7857.43832265628,0
394523.983924317,-7887.8020463182,0
394500.506737596,-7918.09523828398,0
394476.939860227,-7948.31763001597,0
394453.283504626,-7978.4689536296,0
394429.537883988,-8008.54894189556,0
394405.703212293,-8038.55732824329,0
394381.7797043,-8068.4938467618,0
394357.767575543,-8098.35823220247,0
394333.667042335,-8128.15021998203,0
394309.478321759,-8157.86954618327,0
394285.201631671,-8187.51594755837,0
394260.837190694,-8217.08916153129,0
394236.385218218,-8246.58892619863,0
394211.8459344,-8276.01498033323,0
394187.219560156,-8305.36706338609,0
394162.506317163,-8334.64491548736,0
394137.706427857,-8363.84827745023,0
394112.820115429,-8392.97689077226,0
394087.847603824,-8422.03049763678,0
394062.789117737,-8451.00884091671,0
394037.644882614,-8479.91166417555,0
394012.415124646,-8508.73871166916,0
393987.100070772,-8537.48972834939,0
393961.699948668,-8566.16445986484,0
393936.214986757,-8594.76265256303,0
393910.645414194,-8623.28405349373,0
393884.991460874,-8651.72841040959,0
393859.253357423,-8680.09547176867,0
393833.4313352,-8708.38498673744,0
393807.525626292,-8736.59670519136,0
393781.536463514,-8764.73037771768,0
393755.464080403,-8792.78575561812,0
393729.308711222,-8820.7625909095,0
393703.070590951,-8848.66063632668,0
393676.749955288,-8876.47964532503,0
393650.347040649,-8904.21937208098,0
393623.862084161,-8931.87957149524,0
393597.295323662,-8959.45999919494,0
393570.646997698,-8986.96041153427,0
393543.917345524,-9014.38056559773,0
393517.106607096,-9041.72021920216,0
393490.215023074,-9068.97913089735,0
393463.242834815,-9096.15705996941,0
393436.190284374,-9123.25376644257,0
393409.057614503,-9150.26901107988,0
393381.845068643,-9177.20255538658,0
393354.552890927,-9204.0541616118,0
393327.181326174,-9230.82359274929,0
393299.730619892,-9257.51061254075,0
393272.201018268,-9284.1149854775,0
393244.592768171,-9310.63647680115,0
393216.906117151,-9337.07485250701,0
393189.141313429,-9363.42987934563,0
393161.298605904,-9389.70132482348,0
393133.378244145,-9415.88895720636,0
393105.380478388,-9441.99254552089,0
393077.305559539,-9468.01185955518,0
393049.153739165,-9493.94666986219,0
393020.925269496,-9519.79674776122,0
392992.620403422,-9545.56186533856,0
392964.23939449,-9571.2417954508,0
392935.782496899,-9596.83631172633,0
392907.249965503,-9622.34518856593,0
392878.642055807,-9647.76820114605,0
392849.959023959,-9673.10512542034,0
392821.201126755,-9698.35573812023,0
392792.368621634,-9723.51981675801,0
392763.461766673,-9748.59713962856,0
392734.480820589,-9773.58748580982,0
392705.426042733,-9798.49063516574,0
392676.297693088,-9823.30636834819,0
392647.096032271,-9848.03446679727,0
392617.821321522,-9872.6747127442,0
392588.473822711,-9897.22688921331,0
392559.05379833,-9921.69078002235,0
392529.561511489,-9946.06616978516,0
392499.997225921,-9970.35284391381,0
392470.36120597,-9994.55058861898,0
392440.653716597,-10018.6591909122,0
392410.875023372,-10042.6784386085,0
392381.025392474,-10066.6081203264,0
392351.105090689,-10090.4480254902,0
392321.114385404,-10114.1979443324,0
392291.053544609,-10137.8576678944,0
392260.922836893,-10161.4269880279,0
392230.72253144,-10184.9056973978,0
392200.452898026,-10208.2935894827,0
392170.114207022,-10231.5904585763,0
392139.706729386,-10254.79609979,0
392109.23073666,-10277.9103090544,0
392078.686500972,-10300.9328831192,0
392048.074295032,-10323.8636195569,0
392017.394392125,-10346.7023167636,0
391986.647066117,-10369.4487739597,0
391955.832591444,-10392.1027911924,0
391924.951243114,-10414.6641693375,0
391894.003296704,-10437.1327100995,0
391862.989028358,-10459.5082160146,0
391831.908714782,-10481.7904904517,0
391800.762633244,-10503.9793376134,0
391769.551061572,-10526.0745625379,0
391738.274278146,-10548.0759711011,0
391706.932561903,-10569.983370017,0
391675.526192332,-10591.7965668392,0
391644.055449467,-10613.5153699638,0
391612.520613889,-10635.1395886294,0
391580.921966725,-10656.6690329184,0
391549.259789639,-10678.1035137598,0
391517.534364836,-10699.4428429299,0
391485.745975056,-10720.686833053,0
391453.894903573,-10741.8352976037,0
391421.981434189,-10762.8880509089,0
391390.005851239,-10783.8449081473,0
391357.968439579,-10804.705685352,0
391325.86948459,-10825.4701994127,0
391293.709272173,-10846.1382680754,0
391261.488088748,-10866.709709944,0
391229.206221249,-10887.1843444833,0
391196.863957124,-10907.5619920188,0
391164.461584331,-10927.8424737377,0
391131.999391334,-10948.0256116919,0
391099.477667104,-10968.1112287983,0
391066.896701115,-10988.0991488396,0
391034.256783339,-11007.9891964667,0
391001.558204246,-11027.7811971999,0
390968.801254801,-11047.474977429,0
390935.986226463,-11067.0703644157,0
390903.113411177,-11086.5671862952,0
390870.183101378,-11105.9652720763,0
390837.195589985,-11125.264451643,0
390804.151170397,-11144.4645557566,0
390771.050136493,-11163.5654160564,0
390737.892782632,-11182.56686506,0
390704.679403643,-11201.4687361661,0
390671.410294827,-11220.2708636554,0
390638.085751956,-11238.9730826907,0
390604.706071268,-11257.5752293189,0
390571.271549462,-11276.077140473,0
390537.7824837,-11294.4786539718,0
390504.239171603,-11312.7796085216,0
390470.641911248,-11330.9798437181,0
390436.991001163,-11349.079200047,0
390403.28674033,-11367.0775188844,0
390369.529428176,-11384.9746424996,0
390335.719364575,-11402.7704140552,0
390301.856849844,-11420.4646776083,0
390267.94218474,-11438.0572781114,0
390233.975670456,-11455.5480614147,0
390199.957608622,-11472.9368742662,0
390165.888301301,-11490.2235643122,0
390131.768050982,-11507.4079801002,0
390097.597160585,-11524.489971079,0
390063.375933453,-11541.4693875992,0
390029.104673351,-11558.3460809151,0
389994.783684461,-11575.1199031861,0
389960.413271386,-11591.790707477,0
389925.99373914,-11608.3583477587,0
389891.525393149,-11624.8226789105,0
389857.008539246,-11641.1835567209,0
389822.443483673,-11657.4408378872,0
389787.830533075,-11673.594380018,0
389753.169994495,-11689.6440416345,0
389718.462175376,-11705.58968217,0
389683.707383558,-11721.4311619717,0
389648.905927272,-11737.1683423022,0
389614.058115137,-11752.8010853402,0
389579.164256165,-11768.3292541806,0
389544.22465975,-11783.7527128364,0
389509.239635666,-11799.07132624,0
389474.20949407,-11814.2849602434,0
389439.134545496,-11829.3934816187,0
389404.01510085,-11844.3967580606,0
389368.85147141,-11859.2946581865,0
389333.643968826,-11874.0870515368,0
389298.39290511,-11888.7738085767,0
389263.098592642,-11903.3548006972,0
389227.761344159,-11917.8299002157,0
389192.38147276,-11932.198980376,0
389156.959291898,-11946.4619153511,0
389121.495115377,-11960.618580243,0
389085.989257356,-11974.6688510832,0
389050.442032338,-11988.6126048341,0
389014.853755174,-12002.4497193903,0
388979.224741053,-12016.1800735791,0
388943.55530551,-12029.8035471602,0
388907.845764411,-12043.3200208285,0
388872.096433961,-12056.7293762142,0
388836.307630693,-12070.031495883,0
388800.479671473,-12083.2262633372,0
388764.61287349,-12096.3135630174,0
388728.707554259,-12109.2932803026,0
388692.764031614,-12122.1653015106,0
388656.782623711,-12134.9295138992,0
388620.763649017,-12147.5858056677,0
388584.707426315,-12160.134065957,0
388548.614274699,-12172.5741848496,0
388512.484513569,-12184.9060533718,0
388476.31846263,-12197.1295634942,0
388440.11644189,-12209.2446081317,0
388403.878771657,-12221.2510811443,0
388367.605772537,-12233.1488773389,0
388331.297765427,-12244.9378924695,0
388294.955071518,-12256.6180232372,0
388258.578012291,-12268.1891672915,0
388222.166909511,-12279.6512232315,0
388185.722085227,-12291.0040906064,0
388149.24386177,-12302.247669915,0
388112.732561749,-12313.3818626079,0
388076.188508048,-12324.406571088,0
388039.612023823,-12335.3216987106,0
388003.003432503,-12346.1271497838,0
387966.363057783,-12356.82282957,0
387929.691223621,-12367.4086442868,0
387892.988254239,-12377.8845011067,0
387856.254474119,-12388.2503081577,0
387819.490208,-12398.5059745248,0
387782.695780872,-12408.6514102506,0
387745.871517978,-12418.6865263352,0
387709.017744813,-12428.6112347369,0
387672.134787113,-12438.4254483734,0
387635.222970859,-12448.1290811225,0
387598.282622274,-12457.7220478219,0
387561.314067818,-12467.2042642699,0
387524.317634186,-12476.5756472268,0
387487.293648305,-12485.8361144152,0
387450.242437333,-12494.9855845199,0
387413.164328655,-12504.0239771887,0
387376.05964988,-12512.9512130338,0
387338.928728839,-12521.7672136318,0
387301.77189358,-12530.4719015238,0
387264.589472372,-12539.0652002162,0
387227.381793695,-12547.5470341817,0
387190.149186238,-12555.9173288599,0
387152.8919789,-12564.1760106568,0
387115.610500788,-12572.323006946,0
387078.305081209,-12580.3582460693,0
387040.97604967,-12588.2816573376,0
387003.623735875,-12596.0931710302,0
386966.248469728,-12603.7927183959,0
386928.850581318,-12611.3802316537,0
386891.430400928,-12618.8556439937,0
386853.988259025,-12626.2188895764,0
386816.524486262,-12633.4699035335,0
386779.039413473,-12640.608621969,0
386741.53337167,-12647.6349819595,0
386704.006692038,-12654.5489215543,0
386666.459705941,-12661.3503797753,0
386628.892744912,-12668.0392966187,0
386591.306140647,-12674.6156130548,0
386553.700225011,-12681.0792710285,0
386516.075330031,-12687.4302134591,0
386478.431787894,-12693.6683842415,0
386440.769930944,-12699.7937282467,0
386403.090091676,-12705.8061913215,0
386365.392602739,-12711.7057202894,0
386327.677796934,-12717.4922629503,0
386289.946007204,-12723.1657680819,0
386252.197566633,-12728.7261854396,0
386214.432808452,-12734.1734657566,0
386176.652066027,-12739.5075607441,0
386138.85567286,-12744.7284230927,0
386101.043962582,-12749.8360064716,0
386063.217268958,-12754.8302655297,0
386025.375925881,-12759.711155895,0
385987.520267365,-12764.4786341762,0
385949.650627546,-12769.1326579622,0
385911.76734068,-12773.6731858225,0
385873.870741142,-12778.1001773072,0
385835.961163416,-12782.4135929481,0
385798.038942099,-12786.6133942587,0
385760.104411897,-12790.6995437338,0
385722.15790762,-12794.6720048507,0
385684.199764183,-12798.530742069,0
385646.230316597,-12802.2757208309,0
385608.249899973,-12805.9069075616,0
385570.258849519,-12809.4242696693,0
385532.25750053,-12812.8277755457,0
385494.246188392,-12816.1173945664,0
385456.22524858,-12819.2930970904,0
385418.19501665,-12822.3548544611,0
385380.15582824,-12825.3026390063,0
385342.108019065,-12828.1364240382,0
385304.051924919,-12830.8561838538,0
385265.987881666,-12833.4618937349,0
385227.916225239,-12835.9535299488,0
385189.837291643,-12838.3310697478,0
385151.751416945,-12840.5944913699,0
385113.658937273,-12842.7437740389,0
385075.560188816,-12844.7788979642,0
385037.45550782,-12846.6998443413,0
384999.345230585,-12848.5065953522,0
384961.229693459,-12850.1991341648,0
384923.109232842,-12851.7774449339,0
384884.98418518,-12853.2415128006,0
384846.854886959,-12854.5913238929,0
384808.721674708,-12855.8268653258,0
384770.584884992,-12856.9481252011,0
384732.444854413,-12857.9550926079,0
384694.301919602,-12858.8477576223,0
384656.156417222,-12859.6261113081,0
384618.008683962,-12860.2901457163,0
384579.859056536,-12860.8398538852,0
384541.707871677,-12861.2752298412,0
384503.555466138,-12861.596268598,0
384465.402176689,-12861.8029661571,0
384427.248340111,-12861.895319508,0
384389.094293197,-12861.8733266279,0
384350.940372746,-12861.7369864818,0
384312.786915564,-12861.486299023,0
384274.634258459,-12861.1212651925,0
384236.482738238,-12860.6418869195,0
384198.332691703,-12860.0481671213,0
384160.184455654,-12859.340109703,0
384122.03836688,-12858.5177195581,0
384083.894762158,-12857.581002568,0
384045.753978253,-12856.5299656024,0
384007.616351912,-12855.3646165189,0
383969.482219863,-12854.0849641633,0
383931.351918811,-12852.6910183695,0
383893.225785438,-12851.1827899592,0
383855.104156396,-12849.5602907424,0
383816.987368307,-12847.823533517,0
383778.875757763,-12845.9725320687,0
383740.769661315,-12844.0073011712,0
383702.66941548,-12841.927856586,0
383664.575356732,-12839.7342150625,0
383626.487821501,-12837.4263943375,0
383588.407146169,-12835.0044131356,0
383550.333667072,-12832.468291169,0
383512.267720492,-12829.8180491373,0
383474.209642653,-12827.0537087273,0
383436.159769727,-12824.1752926133,0
383398.118437823,-12821.1828244567,0
383360.085982986,-12818.0763289058,0
383322.062741197,-12814.8558315959,0
383284.049048368,-12811.5213591493,0
383246.04524034,-12808.0729391747,0
383208.051652878,-12804.5106002672,0
383170.068621674,-12800.8343720088,0
383132.096482339,-12797.0442849673,0
383094.1355704,-12793.1403706967,0
383056.186221301,-12789.1226617368,0
383018.2487704,-12784.9911916134,0
382980.323552962,-12780.7459948378,0
382942.41090416,-12776.3871069064,0
382904.511159072,-12771.9145643011,0
382866.624652677,-12767.3284044889,0
382828.751719852,-12762.6286659212,0
382790.892695371,-12757.815388034,0
382753.047913902,-12752.8886112482,0
382715.217710004,-12747.8483769685,0
382677.402418121,-12742.6947275834,0
382639.602372584,-12737.4277064652,0
382601.817907608,-12732.0473579699,0
382564.049357288,-12726.5537274366,0
382526.297055591,-12720.9468611869,0
382488.561336363,-12715.2268065256,0
382450.842533322,-12709.3936117399,0
382413.140980054,-12703.4473260991,0
382375.457010007,-12697.3879998542,0
382337.790956497,-12691.2156842376,0
382300.143152702,-12684.9304314639,0
382262.513931654,-12678.5322947279,0
382224.903626242,-12672.0213282052,0
382187.312569206,-12665.3975870517,0
382149.74109314,-12658.661127404,0
382112.189530481,-12651.812006378,0
382074.658213511,-12644.8502820687,0
382037.147474354,-12637.7760135504,0
381999.657644974,-12630.5892608767,0
381962.189057172,-12623.290085079,0
381924.742042578,-12615.8785481667,0
381887.316932655,-12608.3547131267,0
381849.914058698,-12600.7186439238,0
381812.533751822,-12592.9704054997,0
381775.176342966,-12585.1100637719,0
381737.842162889,-12577.1376856342,0
381700.531542167,-12569.0533389568,0
381663.244811194,-12560.8570925851,0
381625.982300169,-12552.5490163387,0
381588.744339103,-12544.129181012,0
381551.531257815,-12535.597658374,0
381514.343385926,-12526.9545211673,0
381477.181052858,-12518.199843107,0
381440.044587828,-12509.3336988813,0
381402.934319854,-12500.356164151,0
381365.850577744,-12491.267315549,0
381328.793690093,-12482.0672306788,0
381291.763985286,-12472.7559881151,0
381254.761791494,-12463.3336674035,0
381217.787436667,-12453.8003490595,0
381180.841248534,-12444.1561145675,0
381143.923554601,-12434.401046381,0
381107.034682147,-12424.5352279228,0
381070.174958225,-12414.5587435831,0
381033.34470965,-12404.4716787193,0
380996.544263006,-12394.2741196558,0
380959.773944641,-12383.966153684,0
380923.034080662,-12373.5478690609,0
380886.324996929,-12363.0193550081,0
380849.647019061,-12352.3807017126,0
380813.00047243,-12341.6320003261,0
380776.385682152,-12330.7733429631,0
380739.802973093,-12319.8048227011,0
380703.25266986,-12308.7265335805,0
380666.735096804,-12297.538570604,0
380630.250578012,-12286.2410297349,0
380593.799437306,-12274.8340078971,0
380557.381998242,-12263.3176029751,0
380520.998584107,-12251.6919138132,0
380484.649517911,-12239.9570402135,0
380448.335122393,-12228.1130829368,0
380412.055720011,-12216.160143702,0
380375.811632945,-12204.0983251847,0
380339.603183087,-12191.9277310163,0
380303.430692046,-12179.648465784,0
380267.294481143,-12167.2606350309,0
380231.194871403,-12154.7643452534,0
380195.13218356,-12142.1597039015,0
380159.106738049,-12129.4468193788,0
380123.118855006,-12116.6258010412,0
380087.168854264,-12103.6967591955,0
380051.25705535,-12090.6598050993,0
380015.383777484,-12077.5150509614,0
379979.549339576,-12064.2626099392,0
379943.754060219,-12050.9025961387,0
379907.998257693,-12037.435124614,0
379872.282249959,-12023.8603113671,0
379836.606354655,-12010.1782733456,0
379800.970889093,-11996.3891284427,0
379765.376170262,-11982.4929954974,0
379729.82251482,-11968.4899942925,0
379694.31023909,-11954.3802455538,0
379658.839659062,-11940.1638709499,0
379623.411090387,-11925.8409930918,0
379588.024848377,-11911.4117355311,0
379552.681247999,-11896.876222759,0
379517.380603874,-11882.2345802069,0
379482.123230276,-11867.486934245,0
379446.909441126,-11852.6334121804,0
379411.739549989,-11837.6741422571,0
379376.613870079,-11822.6092536562,0
379341.532714244,-11807.4388764933,0
379306.496394973,-11792.163141818,0
379271.505224389,-11776.7821816139,0
379236.559514249,-11761.2961287975,0
379201.659575937,-11745.7051172163,0
379166.805720465,-11730.0092816487,0
379131.998258471,-11714.2087578037,0
379097.237500212,-11698.3036823191,0
379062.523755565,-11682.2941927601,0
379027.857334022,-11666.1804276198,0
378993.23854469,-11649.9625263179,0
378958.667696285,-11633.6406291986,0
378924.145097133,-11617.2148775306,0
378889.671055164,-11600.6854135068,0
378855.245877911,-11584.0523802422,0
378820.869872506,-11567.3159217727,0
378786.543345679,-11550.4761830556,0
378752.266603756,-11533.5333099677,0
378718.039952652,-11516.4874493039,0
378683.863697872,-11499.3387487767,0
378649.738144511,-11482.0873570159,0
378615.663597242,-11464.7334235664,0
378581.640360323,-11447.2770988871,0
378547.668737589,-11429.7185343515,0
378513.749032451,-11412.0578822451,0
378479.881547894,-11394.2952957646,0
378446.066586472,-11376.4309290171,0
378412.304450307,-11358.46493702,0
378378.595441086,-11340.3974756978,0
378344.939860058,-11322.2287018824,0
378311.338008033,-11303.9587733126,0
378277.790185378,-11285.5878486317,0
378244.296692011,-11267.1160873865,0
378210.857827405,-11248.5436500272,0
378177.473890582,-11229.8706979061,0
378144.145180109,-11211.0973932751,0
378110.871994094,-11192.2238992859,0
378077.654630192,-11173.2503799893,0
378044.493385593,-11154.1770003324,0
378011.388557019,-11135.0039261583,0
377978.340440733,-11115.7313242056,0
377945.349332521,-11096.3593621065,0
377912.415527699,-11076.8882083849,0
377879.53932111,-11057.3180324569,0
377846.721007118,-11037.6490046289,0
377813.960879604,-11017.8812960954,0
377781.25923197,-10998.015078939,0
377748.61635713,-10978.0505261293,0
377716.03254751,-10957.9878115207,0
377683.508095045,-10937.8271098512,0
377651.043291177,-10917.5685967428,0
377618.638426852,-10897.2124486984,0
377586.293792514,-10876.7588431008,0
377554.00967811,-10856.2079582127,0
377521.78637308,-10835.5599731742,0
377489.624166357,-10814.8150680015,0
377457.523346365,-10793.9734235864,0
377425.484201017,-10773.035221695,0
377393.50701771,-10752.0006449651,0
377361.592083323,-10730.8698769061,0
377329.739684217,-10709.643101898,0
377297.950106228,-10688.3205051886,0
377266.223634668,-10666.9022728929,0
377234.560554321,-10645.3885919928,0
377202.961149441,-10623.779650334,0
377171.425703747,-10602.075636625,0
377139.954500423,-10580.2767404374,0
377108.547822117,-10558.3831522024,0
377077.205950932,-10536.3950632101,0
377045.929168429,-10514.3126656088,0
377014.717755625,-10492.136152403,0
376983.571992984,-10469.8657174516,0
376952.492160421,-10447.501555467,0
376921.478537298,-10425.0438620143,0
376890.531402417,-10402.4928335083,0
376859.651034023,-10379.848667213,0
376828.837709799,-10357.1115612407,0
376798.091706863,-10334.2817145491,0
376767.413301765,-10311.3593269407,0
376736.802770489,-10288.3445990618,0
376706.260388442,-10265.2377323999,0
376675.786430459,-10242.0389292825,0
376645.381170796,-10218.7483928766,0
376615.044883131,-10195.3663271859,0
376584.777840558,-10171.8929370493,0
376554.580315586,-10148.3284281407,0
376524.452580136,-10124.6730069664,0
376494.394905539,-10100.9268808631,0
376464.407562533,-10077.0902579975,0
376434.490821261,-10053.1633473646,0
376404.644951268,-10029.1463587847,0
376374.870221498,-10005.0395029034,0
376345.166900292,-9980.84299118999,0
376315.535255384,-9956.55703593418,0
376285.975553902,-9932.18185024628,0
376256.488062363,-9907.71764805522,0
376227.073046669,-9883.16464410578,0
376197.730772107,-9858.52305395816,0
376168.461503346,-9833.79309398649,0
376139.265504433,-9808.97498137576,0
376110.143038793,-9784.06893412131,0
376081.094369223,-9759.07517102754,0
376052.119757894,-9733.99391170465,0
376023.219466344,-9708.82537656809,0
375994.393755478,-9683.56978683736,0
375965.642885564,-9658.22736453271,0
375936.967116233,-9632.79833247438,0
375908.366706474,-9607.28291428162,0
375879.841914632,-9581.68133436924,0
375851.392998407,-9555.99381794679,0
375823.020214849,-9530.22059101763,0
375794.723820358,-9504.36188037547,0
375766.504070679,-9478.41791360339,0
375738.361220902,-9452.38891907303,0
375710.295525459,-9426.27512594104,0
375682.307238118,-9400.07676414808,0
375654.396611987,-9373.79406441797,0
375626.563899506,-9347.42725825414,0
375598.809352447,-9320.97657793859,0
375571.133221909,-9294.44225653101,0
375543.535758322,-9267.82452786521,0
375516.017211435,-9241.12362654806,0
375488.577830322,-9214.33978795854,0
375461.217863376,-9187.47324824423,0
375433.937558304,-9160.52424432012,0
375406.73716213,-9133.49301386777,0
375379.61692119,-9106.37979533154,0
375352.577081126,-9079.18482791771,0
375325.617886891,-9051.90835159327,0
375298.73958274,-9024.55060708236,0
375271.942412232,-8997.11183586527,0
375245.226618223,-8969.5922801772,0
375218.592442868,-8941.99218300467,0
375192.040127618,-8914.3117880846,0
375165.569913214,-8886.55133990288,0
375139.182039689,-8858.7110836908,0
375112.876746361,-8830.79126542426,0
375086.654271837,-8802.79213182207,0
375060.514854003,-8774.7139303425,0
375034.458730029,-8746.55690918249,0
375008.486136361,-8718.3213172758,0
374982.59730872,-8690.00740428956,0
374956.792482103,-8661.61542062368,0
374931.071890775,-8633.14561740858,0
374905.435768272,-8604.59824650199,0
374879.884347394,-8575.97356048839,0
374854.417860208,-8547.27181267638,0
374829.036538039,-8518.49325709574,0
374803.740611474,-8489.63814849692,0
374778.530310356,-8460.70674234797,0
374753.40586378,-8431.69929483197,0
374728.367500098,-8402.61606284642,0
374703.415446909,-8373.4573039999,0
374678.549931059,-8344.22327660979,0
374653.77117864,-8314.91423970156,0
374629.079414988,-8285.53045300506,0
374604.474864679,-8256.07217695276,0
374579.957751525,-8226.53967267872,0
374555.528298579,-8196.93320201468,0
374531.186728123,-8167.25302748872,0
374506.933261673,-8137.49941232384,0
374482.768119973,-8107.67262043403,0
374458.691522995,-8077.77291642333,0
374434.703689935,-8047.80056558373,0
374410.804839212,-8017.75583389167,0
374386.995188464,-7987.63898800714,0
374363.274954548,-7957.45029527108,0
374339.644353537,-7927.19002370222,0
374316.103600715,-7896.85844199632,0
374292.652910581,-7866.45581952293,0
374269.292496839,-7835.98242632278,0
374246.022572403,-7805.4385331069,0
374222.84334939,-7774.82441125292,0
374199.755039118,-7744.14033280301,0
374176.757852109,-7713.38657046274,0
374153.851998079,-7682.56339759703,0
374131.037685942,-7651.67108822878,0
374108.315123804,-7620.70991703703,0
374085.684518964,-7589.68015935306,0
374063.14607791,-7558.5820911595,0
374040.700006315,-7527.41598908757,0
374018.34650904,-7496.18213041379,0
373996.085790126,-7464.88079305915,0
373973.918052797,-7433.51225558565,0
373951.843499453,-7402.07679719368,0
373929.862331672,-7370.57469772099,0
373907.974750206,-7339.00623763869,0
373886.180954978,-7307.37169804949,0
373864.481145083,-7275.67136068597,0
373842.875518782,-7243.90550790659,0
373821.364273502,-7212.0744226945,0
373799.947605835,-7180.17838865497,0
373778.625711533,-7148.21769001183,0
373757.398785508,-7116.19261160656,0
373736.26702183,-7084.10343889474,0
373715.230613723,-7051.95045794343,0
373694.289753567,-7019.73395542993,0
373673.44463289,-6987.45421863768,0
373652.695442372,-6955.11153545458,0
373632.042371838,-6922.70619437095,0
373611.485610258,-6890.23848447549,0
373591.025345749,-6857.70869545429,0
373570.661765563,-6825.1171175876,0
373550.395056097,-6792.46404174671,0
373530.225402881,-6759.7497593928,0
373510.152990582,-6726.97456257295,0
373490.178002999,-6694.13874391807,0
373470.300623064,-6661.24259664102,0
373450.521032836,-6628.28641453252,0
373430.839413502,-6595.27049195988,0
373411.255945375,-6562.19512386392,0
373391.770807891,-6529.06060575573,0
373372.384179607,-6495.86723371537,0
373353.096238198,-6462.6153043879,0
373333.90716046,-6429.30511498123,0
373314.817122301,-6395.93696326415,0
373295.826298745,-6362.51114756219,0
373276.934863927,-6329.02796675631,0
373258.142991091,-6295.48772027969,0
373239.450852591,-6261.8907081145,0
373220.858619886,-6228.2372307905,0
373202.366463538,-6194.52758938095,0
373183.974553213,-6160.76208550059,0
373165.683057678,-6126.94102130333,0
373147.492144796,-6093.0646994782,0
373129.40198153,-6059.13342324815,0
373111.412733937,-6025.14749636628,0
373093.524567165,-5991.10722311313,0
373075.737645457,-5957.01290829485,0
373058.052132143,-5922.86485723903,0
373040.468189642,-5888.66337579301,0
373022.985979457,-5854.40877032091,0
373005.605662179,-5820.10134770001,0
372988.327397477,-5785.74141531941,0
372971.151344105,-5751.3292810758,0
372954.077659892,-5716.86525337136,0
372937.106501747,-5682.34964111123,0
372920.238025653,-5647.78275369956,0
372903.472386667,-5613.16490103811,0
372886.809738918,-5578.49639352226,0
372870.250235607,-5543.77754203847,0
372853.794029001,-5509.0086579621,0
372837.441270434,-5474.19005315324,0
372821.192110308,-5439.32203995512,0
372805.046698086,-5404.40493119048,0
372789.005182294,-5369.43904015858,0
372773.067710516,-5334.42468063328,0
372757.234429399,-5299.36216685866,0
372741.505484644,-5264.25181354746,0
372725.881021006,-5229.09393587744,0
372710.361182297,-5193.8888494883,0
372694.946111379,-5158.63687047974,0
372679.635950166,-5123.33831540707,0
372664.430839619,-5087.99350127955,0
372649.330919747,-5052.60274555686,0
372634.336329606,-5017.16636614578,0
372619.447207295,-4981.68468139836,0
372604.663689956,-4946.15801010747,0
372589.985913772,-4910.58667150513,0
372575.414013966,-4874.97098525877,0
372560.948124798,-4839.31127146819,0
372546.588379566,-4803.60785066338,0
372532.334910601,-4767.86104380026,0
372518.187849271,-4732.07117225887,0
372504.147325971,-4696.23855783958,0
372490.213470132,-4660.36352276012,0
372476.386410211,-4624.44638965328,0
372462.666273692,-4588.4874815626,0
372449.053187088,-4552.48712194066,0
372435.547275935,-4516.44563464502,0
372422.148664792,-4480.36334393559,0
372408.857477242,-4444.2405744718,0
372395.673835885,-4408.07765130871,0
372382.597862345,-4371.8748998951,0
372369.62967726,-4335.63264606919,0
372356.769400284,-4299.35121605642,0
372344.017150091,-4263.03093646605,0
372331.373044362,-4226.67213428771,0
372318.837199796,-4190.27513688919,0
372306.409732099,-4153.84027201215,0
372294.09075599,-4117.36786777012,0
372281.880385194,-4080.85825264454,0
372269.778732443,-4044.311755482,0
372257.785909478,-4007.72870549129,0
372245.90202704,-3971.10943223955,0
372234.127194876,-3934.45426565015,0
372222.461521736,-3897.76353599844,0
372210.905115368,-3861.03757390949,0
372199.45808252,-3824.2767103544,0
372188.120528941,-3787.48127664715,0
372176.892559374,-3750.65160444192,0
372165.774277559,-3713.78802572901,0
372154.765786231,-3676.89087283273,0
372143.867187118,-3639.96047840713,0
372133.078580941,-3602.99717543372,0
372122.400067412,-3566.00129721766,0
372111.831745232,-3528.9731773847,0
372101.373712091,-3491.91314987828,0
372091.02606467,-3454.82154895563,0
372080.788898632,-3417.69870918546,0
372070.662308628,-3380.54496544369,0
372060.646388293,-3343.36065291124,0
372050.741230246,-3306.14610706995,0
372040.946926087,-3268.90166369981,0
372031.263566398,-3231.62765887565,0
372021.691240743,-3194.32442896359,0
372012.230037661,-3156.99231061837,0
372002.880044672,-3119.63164077923,0
371993.641348273,-3082.24275666767,0
371984.514033937,-3044.82599578311,0
371975.498186111,-3007.38169590057,0
371966.593888218,-2969.91019506664,0
371957.801222652,-2932.41183159667,0
371949.12027078,-2894.88694407127,0
371940.551112942,-2857.33587133295,0
371932.093828446,-2819.75895248317,0
371923.74849557,-2782.1565268784,0
371915.515191562,-2744.52893412765,0
371907.393992636,-2706.87651408824,0
371899.384973972,-2669.19960686337,0
371891.488209718,-2631.49855279795,0
371883.703772986,-2593.77369247609,0
371876.031735851,-2556.02536671705,0
371868.472169354,-2518.25391657243,0
371861.025143496,-2480.45968332253,0
371853.69072724,-2442.64300847314,0
371846.46898851,-2404.80423375218,0
371839.359994191,-2366.94370110624,0
371832.363810126,-2329.06175269749,0
371825.480501118,-2291.15873089991,0
371818.710130926,-2253.23497829648,0
371812.052762266,-2215.29083767514,0
371805.508456812,-2177.32665202619,0
371799.077275191,-2139.34276453811,0
371792.759276989,-2101.33951859501,0
371786.55452074,-2063.31725777244,0
371780.463063937,-2025.27632583476,0
371774.484963024,-1987.2170667311,0
371768.620273394,-1949.13982459258,0
371762.869049397,-1911.04494372829,0
371757.231344329,-1872.93276862256,0
371751.707210438,-1834.80364393092,0
371746.296698923,-1796.6579144773,0
371740.999859929,-1758.49592525005,0
371735.816742552,-1720.31802139912,0
371730.747394834,-1682.12454823208,0
371725.791863766,-1643.91585121125,0
371720.950195283,-1605.69227594978,0
371716.222434269,-1567.45416820872,0
371711.608624553,-1529.20187389312,0
371707.108808906,-1490.93573904913,0
371702.723029049,-1452.65610986001,0
371698.451325642,-1414.36333264329,0
371694.293738291,-1376.05775384677,0
371690.250305546,-1337.73972004565,0
371686.321064898,-1299.40957793856,0
371682.506052781,-1261.06767434462,0
371678.80530457,-1222.71435619959,0
371675.218854583,-1184.34997055277,0
371671.746736078,-1145.97486456329,0
371668.388981253,-1107.58938549685,0
371665.145621248,-1069.19388072221,0
371662.01668614,-1030.78869770771,0
371659.00220495,-992.374184017938,0
371656.102205633,-953.950687310109,0
371653.316715087,-915.518555330844,0
371650.645759146,-877.078135912439,0
371648.089362583,-838.629776969693,0
371645.64754911,-800.17382649626,0
371643.320341374,-761.710632561259,0
371641.107760963,-723.240543305869,0
371639.009828398,-684.763906939718,0
371637.02656314,-646.28107173766,0
371635.157983586,-607.792386036064,0
371633.404107069,-569.298198229526,0
371631.764949857,-530.798856767361,0
371630.240527157,-492.294710150081,0
371628.83085311,-453.78610692604,0
371627.535940792,-415.273395687873,0
371626.355802215,-376.756925069051,0
371625.290448329,-338.237043740495,0
371624.339889015,-299.71410040699,0
371623.504133091,-261.188443803781,0
371622.783188312,-222.660422693116,0
371622.177061365,-184.130385860765,0
371621.685757873,-145.598682112516,0
371621.309282394,-107.065660270757,0
371621.047638421,-68.5316691709782,0
371620.900828381,-29.9970576583275,0
371620.868853636,8.53782541589207,0
371620.951714482,47.0726311976884,0
371621.149410152,85.6070108338238,0
371621.46193881,124.140615475285,0
371621.889297557,162.673096280787,0
371622.43148243,201.204104420218,0
371623.088488397,239.733291078121,0
371623.860309365,278.260307457135,0
371624.746938172,316.784804781498,0
371625.748366594,355.306434300494,0
371626.86458534,393.824847291957,0
371628.095584057,432.339695065668,0
371629.441351323,470.850628966876,0
371630.901874656,509.35730037978,0
371632.477140506,547.859360730954,0
371634.16713426,586.356461492779,0
371635.971840243,624.848254187035,0
371637.891241713,663.334390388227,0
371639.925320867,701.814521727106,0
371642.074058835,740.288299894167,0
371644.337435687,778.755376643009,0
371646.715430428,817.215403793911,0
371649.208021003,855.668033237232,0
371651.815184291,894.112916936796,0
371654.536896111,932.54970693355,0
371657.373131219,970.978055348759,0
371660.32386331,1009.39761438771,0
371663.389065018,1047.80803634295,0
371666.568707914,1086.20897359788,0
371669.862762511,1124.60007863018,0
371673.27119826,1162.98100401513,0
371676.793983551,1201.35140242931,0
371680.431085718,1239.71092665372,0
371684.182471033,1278.05922957757,0
371688.048104709,1316.39596420137,0
371692.027950902,1354.72078364067,0
371696.121972709,1393.0333411293,0
371700.330132169,1431.33329002289,0
371704.652390267,1469.62028380231,0
371709.088706927,1507.89397607699,0
371713.63904102,1546.15402058857,0
371718.30335036,1584.40007121402,0
371723.081591706,1622.63178196941,0
371727.973720761,1660.84880701295,0
371732.979692178,1699.05080064883,0
371738.099459551,1737.2374173302,0
371743.332975425,1775.40831166301,0
371748.68019129,1813.56313840897,0
371754.141057585,1851.70155248949,0
371759.715523699,1889.82320898849,0
371765.403537967,1927.9277631564,0
371771.205047677,1966.01487041297,0
371777.119999066,2004.08418635127,0
371783.148337322,2042.13536674049,0
371789.290006584,2080.1680675299,0
371795.544949946,2118.18194485166,0
371801.913109452,2156.17665502483,0
371808.394426102,2194.1518545581,0
371814.988839849,2232.10720015381,0
371821.696289602,2270.0423487107,0
371828.516713225,2307.95695732791,0
371835.45004754,2345.85068330772,0
371842.496228324,2383.72318415953,0
371849.655190314,2421.57411760263,0
371856.926867205,2459.40314157012,0
371864.311191653,2497.20991421177,0
371871.808095271,2534.99409389775,0
371879.417508638,2572.75533922175,0
371887.13936129,2610.4933090044,0
371894.97358173,2648.20766229668,0
371902.920097421,2685.89805838303,0
371910.978834794,2723.56415678507,0
371919.149719243,2761.20561726439,0
371927.432675129,2798.82209982657,0
371935.827625779,2836.41326472365,0
371944.334493491,2873.97877245839,0
371952.953199528,2911.51828378664,0
371961.683664126,2949.03145972154,0
371970.52580649,2986.517961536,0
371979.479544797,3023.97745076671,0
371988.544796197,3061.40958921691,0
371997.721476812,3098.81403895998,0
372007.009501743,3136.19046234266,0
372016.40878506,3173.53852198814,0
372025.919239816,3210.85788079982,0
372035.540778037,3248.14820196385,0
372045.273310729,3285.40914895326,0
372055.116747879,3322.64038553033,0
372065.070998452,3359.84157575074,0
372075.135970398,3397.01238396601,0
372085.311570646,3434.15247482734,0
372095.597705112,3471.26151328859,0
372105.994278695,3508.33916460944,0
372116.501195281,3545.38509435903,0
372127.118357743,3582.39896841849,0
372137.845667943,3619.38045298508,0
372148.68302673,3656.32921457439,0
372159.630333945,3693.24492002454,0
372170.687488423,3730.12723649859,0
372181.854387987,3766.97583148821,0
372193.130929458,3803.79037281686,0
372204.517008651,3840.57052864249,0
372216.012520376,3877.31596746165,0
372227.617358444,3914.02635811154,0
372239.33141566,3950.70136977431,0
372251.154583835,3987.34067197926,0
372263.086753775,4023.94393460666,0
372275.127815294,4060.51082789076,0
372287.277657206,4097.04102242253,0
372299.536167332,4133.53418915366,0
372311.9032325,4169.9899993986,0
372324.378738543,4206.40812483884,0
372336.962570305,4242.78823752512,0
372349.654611641,4279.13000988101,0
372362.454745415,4315.43311470615,0
372375.362853507,4351.69722517871,0
372388.378816809,4387.92201485953,0
372401.502515229,4424.10715769401,0
372414.733827693,4460.25232801632,0
372428.072632144,4496.3572005518,0
372441.518805547,4532.42145042009,0
372455.072223886,4568.44475313879,0
372468.732762168,4604.42678462547,0
372482.500294424,4640.367221202,0
372496.374693713,4676.26573959652,0
372510.355832116,4712.12201694704,0
372524.443580747,4747.93573080464,0
372538.637809747,4783.70655913572,0
372552.938388288,4819.4341803262,0
372567.345184578,4855.11827318331,0
372581.858065855,4890.75851693958,0
372596.476898395,4926.35459125548,0
372611.201547512,4961.90617622203,0
372626.031877556,4997.4129523648,0
372640.96775192,5032.87460064566,0
372656.009033037,5068.29080246685,0
372671.155582384,5103.66123967341,0
372686.407260484,5138.98559455592,0
372701.763926904,5174.26354985442,0
372717.225440261,5209.49478876001,0
372732.79165822,5244.67899491911,0
372748.462437499,5279.8158524356,0
372764.237633869,5314.90504587377,0
372780.117102153,5349.94626026201,0
372796.100696231,5384.93918109448,0
372812.188269043,5419.8834943353,0
372828.379672585,5454.77888642069,0
372844.674757916,5489.62504426181,0
372861.073375158,5524.42165524852,0
372877.575373494,5559.16840725091,0
372894.180601178,5593.86498862349,0
372910.888905527,5628.51108820739,0
372927.70013293,5663.10639533296,0
372944.614128847,5697.65059982367,0
372961.63073781,5732.14339199759,0
372978.749803424,5766.58446267138,0
372995.971168375,5800.97350316273,0
373013.294674421,5835.31020529259,0
373030.720162404,5869.59426138931,0
373048.247472245,5903.82536429004,0
373065.87644295,5938.0032073444,0
373083.60691261,5972.12748441737,0
373101.4387184,6006.19788989105,0
373119.371696587,6040.21411866892,0
373137.405682527,6074.17586617737,0
373155.540510667,6108.08282836894,0
373173.776014551,6141.9347017256,0
373192.112026815,6175.73118326021,0
373210.548379196,6209.47197052069,0
373229.084902528,6243.15676159192,0
373247.721426748,6276.78525509831,0
373266.457780897,6310.35715020756,0
373285.293793117,6343.87214663199,0
373304.229290662,6377.32994463225,0
373323.264099891,6410.73024501996,0
373342.398046275,6444.07274915944,0
373361.6309544,6477.35715897182,0
373380.962647962,6510.58317693663,0
373400.392949777,6543.75050609461,0
373419.921681777,6576.85885005126,0
373439.548665016,6609.90791297795,0
373459.27371967,6642.89739961598,0
373479.096665039,6675.82701527871,0
373499.017319547,6708.69646585348,0
373519.03550075,6741.50545780566,0
373539.15102533,6774.25369817997,0
373559.363709105,6806.94089460352,0
373579.673367023,6839.56675528904,0
373600.079813172,6872.13098903606,0
373620.582860774,6904.63330523486,0
373641.182322194,6937.07341386859,0
373661.878008937,6969.45102551499,0
373682.669731655,7001.76585135054,0
373703.557300141,7034.01760315164,0
373724.540523341,7066.2059932975,0
373745.619209349,7098.33073477346,0
373766.793165411,7130.39154117206,0
373788.062197927,7162.38812669673,0
373809.426112455,7194.32020616421,0
373830.884713709,7226.18749500588,0
373852.437805565,7257.9897092719,0
373874.085191061,7289.72656563264,0
373895.8266724,7321.39778138092,0
373917.662050951,7353.00307443575,0
373939.591127252,7384.54216334331,0
373961.613701013,7416.01476728011,0
373983.729571116,7447.42060605592,0
374005.938535616,7478.75940011479,0
374028.24039175,7510.03087053881,0
374050.634935931,7541.23473905021,0
374073.121963755,7572.37072801278,0
374095.701269999,7603.43856043581,0
374118.372648631,7634.43795997549,0
374141.135892802,7665.36865093698,0
374163.990794855,7696.23035827815,0
374186.937146327,7727.02280761042,0
374209.974737946,7757.74572520176,0
374233.103359641,7788.39883797964,0
374256.322800536,7818.98187353193,0
374279.632848958,7849.49456011045,0
374303.033292438,7879.93662663317,0
374326.52391771,7910.30780268537,0
374350.104510718,7940.60781852348,0
374373.774856617,7970.83640507665,0
374397.53473977,8000.99329394832,0
374421.383943757,8031.07821742005,0
374445.322251377,8061.09090845261,0
374469.349444642,8091.03110068811,0
374493.465304792,8120.89852845352,0
374517.669612284,8150.69292676147,0
374541.962146806,8180.41403131297,0
374566.34268727,8210.06157850044,0
374590.81101182,8239.63530540842,0
374615.366897833,8269.13494981678,0
374640.01012192,8298.5602502032,0
374664.740459929,8327.91094574394,0
374689.557686947,8357.18677631744,0
374714.461577303,8386.38748250622,0
374739.451904571,8415.51280559788,0
374764.52844157,8444.56248758885,0
374789.690960368,8473.53627118585,0
374814.939232284,8502.43389980716,0
374840.27302789,8531.25511758643,0
374865.692117013,8559.99966937369,0
374891.196268739,8588.66730073704,0
374916.785251414,8617.25775796626,0
374942.458832647,8645.77078807363,0
374968.21677931,8674.20613879591,0
374994.058857544,8702.56355859775,0
375019.98483276,8730.84279667234,0
375045.994469639,8759.04360294371,0
375072.087532139,8787.16572806987,0
375098.263783493,8815.20892344335,0
375124.522986213,8843.17294119383,0
375150.864902093,8871.05753419093,0
375177.289292212,8898.86245604474,0
375203.795916934,8926.58746110865,0
375230.384535911,8954.23230448194,0
375257.054908088,8981.79674201022,0
375283.806791703,9009.28053028849,0
375310.639944288,9036.68342666344,0
375337.554122676,9064.00518923396,0
375364.549082999,9091.24557685424,0
375391.624580693,9118.40434913598,0
375418.780370499,9145.48126644878,0
375446.016206467,9172.47608992347,0
375473.331841957,9199.38858145401,0
375500.727029641,9226.21850369801,0
375528.201521507,9252.96562008005,0
375555.755068861,9279.62969479345,0
375583.38742233,9306.21049280083,0
375611.098331861,9332.70777983742,0
375638.88754673,9359.12132241275,0
375666.754815538,9385.4508878112,0
375694.699886216,9411.69624409533,0
375722.722506028,9437.85716010748,0
375750.822421575,9463.93340547033,0
375778.999378792,9489.92475059019,0
375807.253122956,9515.83096665856,0
375835.583398688,9541.65182565273,0
375863.98994995,9567.38710033893,0
375892.472520055,9593.03656427399,0
375921.030851665,9618.59999180583,0
375949.664686792,9644.07715807656,0
375978.373766808,9669.46783902423,0
376007.157832437,9694.7718113832,0
376036.016623767,9719.98885268719,0
376064.949880247,9745.1187412711,0
376093.95734069,9770.16125627133,0
376123.038743277,9795.1161776287,0
376152.193825562,9819.98328609037,0
376181.422324468,9844.76236321011,0
376210.723976293,9869.45319135109,0
376240.098516715,9894.05555368789,0
376269.545680792,9918.5692342068,0
376299.065202961,9942.99401770833,0
376328.65681705,9967.32968980943,0
376358.32025627,9991.57603694377,0
376388.055253224,10015.732846364,0
376417.861539909,10039.7999061441,0
376447.738847717,10063.7770051798,0
376477.686907435,10087.6639331904,0
376507.705449256,10111.4604807215,0
376537.794202771,10135.1664391452,0
376567.952896979,10158.7816006618,0
376598.181260288,10182.3057583026,0
376628.479020517,10205.7387059303,0
376658.845904894,10229.0802382405,0
376689.281640069,10252.330150764,0
376719.785952107,10275.4882398682,0
376750.358566494,10298.5543027575,0
376780.999208142,10321.5281374765,0
376811.707601389,10344.4095429106,0
376842.483469998,10367.1983187869,0
376873.326537168,10389.8942656769,0
376904.23652553,10412.4971849978,0
376935.213157152,10435.0068790128,0
376966.256153542,10457.4231508337,0
376997.365235649,10479.7458044226,0
377028.540123866,10501.974644592,0
377059.780538033,10524.109477007,0
377091.086197443,10546.1501081876,0
377122.456820837,10568.0963455086,0
377153.892126412,10589.9479972013,0
377185.391831823,10611.7048723564,0
377216.955654188,10633.3667809236,0
377248.583310081,10654.9335337133,0
377280.274515548,10676.404942399,0
377312.0289861,10697.7808195181,0
377343.846436717,10719.0609784723,0
377375.726581856,10740.2452335306,0
377407.669135448,10761.3333998301,0
377439.673810902,10782.325293376,0
377471.740321108,10803.2207310449,0
377503.868378441,10824.0195305854,0
377536.057694762,10844.7215106187,0
377568.307981419,10865.3264906405,0
377600.618949256,10885.8342910227,0
377632.990308607,10906.2447330143,0
377665.421769305,10926.5576387418,0
377697.913040683,10946.7728312122,0
377730.463831574,10966.8901343133,0
377763.073850319,10986.9093728142,0
377795.742804764,11006.8303723682,0
377828.470402266,11026.6529595133,0
377861.256349696,11046.3769616725,0
377894.100353437,11066.0022071564,0
377927.002119396,11085.5285251641,0
377959.961352995,11104.9557457839,0
377992.977759182,11124.2836999943,0
378026.051042432,11143.5122196666,0
378059.180906747,11162.6411375648,0
378092.367055661,11181.6702873465,0
378125.609192243,11200.5995035654,0
378158.907019098,11219.428621672,0
378192.26023837,11238.1574780135,0
378225.668551745,11256.7859098364,0
378259.131660456,11275.3137552877,0
378292.649265282,11293.7408534149,0
378326.22106655,11312.0670441675,0
378359.846764144,11330.292168399,0
378393.5260575,11348.4160678672,0
378427.258645613,11366.4385852347,0
378461.04422704,11384.3595640713,0
378494.882499901,11402.1788488548,0
378528.773161882,11419.896284971,0
378562.715910237,11437.5117187156,0
378596.710441793,11455.024997296,0
378630.75645295,11472.4359688308,0
378664.853639686,11489.7444823513,0
378699.001697558,11506.9503878034,0
378733.200321706,11524.0535360481,0
378767.449206853,11541.0537788617,0
378801.748047312,11557.9509689378,0
378836.096536986,11574.7449598887,0
378870.494369369,11591.4356062449,0
378904.941237553,11608.022763457,0
378939.436834227,11624.506287897,0
378973.980851683,11640.886036859,0
379008.572981814,11657.161868559,0
379043.212916121,11673.3336421376,0
379077.900345716,11689.4012176607,0
379112.63496132,11705.3644561191,0
379147.416453269,11721.2232194303,0
379182.244511519,11736.97737044,0
379217.118825643,11752.6267729223,0
379252.039084837,11768.1712915802,0
379287.004977924,11783.6107920475,0
379322.016193354,11798.9451408893,0
379357.072419208,11814.1742056027,0
379392.173343201,11829.2978546173,0
379427.318652682,11844.3159572974,0
379462.508034644,11859.2283839418,0
379497.741175715,11874.0350057843,0
379533.017762172,11888.7356949957,0
379568.337479938,11903.3303246842,0
379603.700014584,11917.8187688958,0
379639.105051336,11932.200902615,0
379674.552275073,11946.476601767,0
379710.041370335,11960.6457432174,0
379745.572021318,11974.7082047724,0
379781.143911883,11988.6638651808,0
379816.75672556,12002.5126041348,0
379852.410145546,12016.25430227,0
379888.103854705,12029.8888411661,0
379923.837535581,12043.4161033485,0
379959.610870394,12056.8359722891,0
379995.423541041,12070.1483324058,0
380031.275229101,12083.3530690642,0
380067.165615842,12096.4500685785,0
380103.094382217,12109.4392182121,0
380139.061208868,12122.3204061773,0
380175.065776131,12135.0935216375,0
380211.107764042,12147.7584547073,0
380247.18685233,12160.3150964531,0
380283.302720427,12172.7633388934,0
380319.455047469,12185.1030750005,0
380355.643512301,12197.3341987007,0
380391.867793475,12209.4566048746,0
380428.127569254,12221.4701893578,0
380464.422517618,12233.3748489425,0
380500.752316266,12245.1704813775,0
380537.116642613,12256.8569853681,0
380573.5151738,12268.4342605779,0
380609.947586693,12279.9022076293,0
380646.413557888,12291.2607281038,0
380682.912763709,12302.5097245419,0
380719.444880216,12313.6491004451,0
380756.009583205,12324.678760276,0
380792.606548213,12335.5986094587,0
380829.235450515,12346.4085543788,0
380865.895965135,12357.1085023853,0
380902.587766843,12367.6983617907,0
380939.31053016,12378.178041871,0
380976.063929356,12388.5474528662,0
381012.847638462,12398.8065059821,0
381049.661331265,12408.9551133901,0
381086.504681313,12418.9931882272,0
381123.377361917,12428.9206445968,0
381160.279046156,12438.7373975701,0
381197.20940688,12448.4433631862,0
381234.168116707,12458.0384584516,0
381271.15484803,12467.5226013415,0
381308.169273023,12476.8957108011,0
381345.211063639,12486.157706745,0
381382.279891612,12495.3085100576,0
381419.375428461,12504.3480425941,0
381456.497345497,12513.2762271811,0
381493.645313821,12522.0929876171,0
381530.819004326,12530.7982486718,0
381568.018087701,12539.3919360878,0
381605.242234436,12547.8739765809,0
381642.491114826,12556.2442978406,0
381679.764398963,12564.5028285294,0
381717.061756753,12572.6494982844,0
381754.382857908,12580.6842377176,0
381791.727371958,12588.6069784164,0
381829.094968243,12596.417652943,0
381866.485315923,12604.1161948356,0
381903.898083981,12611.7025386092,0
381941.332941223,12619.1766197555,0
381978.78955628,12626.5383747429,0
382016.267597612,12633.787741017,0
382053.766733513,12640.9246570018,0
382091.286632111,12647.9490620997,0
382128.826961373,12654.860896691,0
382166.387389101,12661.6601021348,0
382203.967582943,12668.3466207699,0
382241.567210395,12674.9203959147,0
382279.185938798,12681.3813718673,0
382316.823435345,12687.7294939057,0
382354.479367081,12693.9647082887,0
382392.153400911,12700.0869622562,0
382429.845203598,12706.0962040291,0
382467.554441765,12711.9923828094,0
382505.280781899,12717.7754487808,0
382543.023890359,12723.4453531095,0
382580.783433371,12729.0020479439,0
382618.559077033,12734.4454864146,0
382656.35048732,12739.7756226349,0
382694.157330085,12744.9924117017,0
382731.979271063,12750.0958096952,0
382769.81597587,12755.0857736785,0
382807.667110009,12759.962261699,0
382845.532338876,12764.7252327881,0
382883.411327756,12769.3746469616,0
382921.303741826,12773.9104652193,0
382959.209246165,12778.332649546,0
382997.127505749,12782.6411629113,0
383035.05818546,12786.8359692703,0
383073.000950081,12790.9170335626,0
383110.955464305,12794.8843217137,0
383148.921392739,12798.737800635,0
383186.898399901,12802.4774382233,0
383224.886150224,12806.1032033614,0
383262.884308062,12809.6150659185,0
383300.892537692,12813.01299675,0
383338.910503313,12816.2969676977,0
383376.937869052,12819.46695159,0
383414.974298967,12822.522922242,0
383453.019457049,12825.4648544558,0
383491.073007222,12828.2927240202,0
383529.134613351,12831.0065077114,0
383567.203939241,12833.6061832927,0
383605.28064864,12836.0917295145,0
383643.364405242,12838.4631261149,0
383681.454872691,12840.7203538193,0
383719.551714583,12842.8633943407,0
383757.654594468,12844.89223038,0
383795.763175854,12846.8068456253,0
383833.877122207,12848.6072247532,0
383871.996096958,12850.2933534274,0
383910.119763502,12851.8652183001,0
383948.247785202,12853.3228070112,0
383986.379825394,12854.6661081886,0
384024.515547384,12855.8951114482,0
384062.654614457,12857.009807394,0
384100.796689877,12858.0101876182,0
384138.941436888,12858.8962447008,0
384177.088518719,12859.6679722101,0
384215.237598588,12860.3253647025,0
384253.3883397,12860.8684177225,0
384291.540405256,12861.2971278026,0
384329.693458448,12861.6114924635,0
384367.84716247,12861.8115102137,0
384406.001180515,12861.8971805501,0
384444.15517578,12861.8685039573,0
384482.308811467,12861.7254819078,0
384520.461750789,12861.4681168623,0
384558.613656968,12861.096412269,0
384596.764193244,12860.6103725642,0
384634.91302287,12860.0100031717,0
384673.059809121,12859.295310503,0
384711.204215296,12858.4663019571,0
384749.345904715,12857.5229859206,0
384787.484540731,12856.4653717674,0
384825.619786723,12855.2934698588,0
384863.751306107,12854.0072915432,0
384901.878762333,12852.606849156,0
384940.00181889,12851.0921560196,0
384978.120139311,12849.4632264434,0
385016.233387168,12847.7200757233,0
385054.341226086,12845.8627201419,0
385092.443319736,12843.891176968,0
385130.539331842,12841.8054644571,0
385168.628926184,12839.6056018505,0
385206.711766599,12837.2916093754,0
385244.787516985,12834.863508245,0
385282.855841302,12832.3213206582,0
385320.916403579,12829.6650697991,0
385358.968867911,12826.8947798372,0
385397.012898464,12824.010475927,0
385435.048159481,12821.0121842079,0
385473.074315281,12817.8999318039,0
385511.091030259,12814.6737468237,0
385549.097968896,12811.3336583599,0
385587.094795758,12807.8796964893,0
385625.081175497,12804.3118922724,0
385663.056772855,12800.6302777533,0
385701.021252669,12796.8348859595,0
385738.974279873,12792.9257509013,0
385776.915519495,12788.9029075719,0
385814.844636667,12784.7663919473,0
385852.761296625,12780.5162409853,0
385890.665164713,12776.1524926259,0
385928.555906381,12771.675185791,0
385966.433187193,12767.0843603839,0
386004.29667283,12762.3800572885,0
386042.146029086,12757.5623183701,0
386079.980921878,12752.6311864746,0
386117.801017245,12747.5867054276,0
386155.605981354,12742.4289200348,0
386193.395480496,12737.1578760816,0
386231.169181097,12731.7736203327,0
386268.926749715,12726.2762005315,0
386306.667853045,12720.6656653998,0
386344.392157921,12714.942064638,0
386382.099331317,12709.1054489243,0
386419.789040355,12703.1558699141,0
386457.460952305,12697.0933802398,0
386495.114734582,12690.918033511,0
386532.750054756,12684.6298843138,0
386570.366580554,12678.2289882094,0
386607.963979861,12671.7154017351,0
386645.541920721,12665.0891824035,0
386683.100071342,12658.3503887019,0
386720.638100099,12651.4990800917,0
386758.155675537,12644.5353170081,0
386795.65246637,12637.4591608602,0
386833.128141487,12630.2706740303,0
386870.582369956,12622.9699198727,0
386908.014821024,12615.5569627141,0
386945.42516412,12608.0318678528,0
386982.813068856,12600.3947015592,0
387020.178205035,12592.6455310734,0
387057.520242651,12584.7844246061,0
387094.838851889,12576.8114513379,0
387132.13370313,12568.7266814192,0
387169.404466956,12560.5301859687,0
387206.650814148,12552.2220370732,0
387243.872415693,12543.8023077879,0
387281.068942782,12535.2710721356,0
387318.240066818,12526.6284051052,0
387355.385459416,12517.8743826518,0
387392.504792405,12509.0090816968,0
387429.597737831,12500.0325801269,0
387466.663967961,12490.944956793,0
387503.703155287,12481.7462915101,0
387540.714972524,12472.4366650569,0
387577.699092613,12463.0161591755,0
387614.655188732,12453.4848565699,0
387651.58293429,12443.8428409057,0
387688.482002931,12434.0901968102,0
387725.352068539,12424.2270098718,0
387762.19280524,12414.2533666381,0
387799.003887406,12404.1693546161,0
387835.784989655,12393.9750622722,0
387872.535786852,12383.6705790313,0
387909.255954119,12373.255995275,0
387945.945166832,12362.7314023419,0
387982.603100623,12352.0968925277,0
388019.229431387,12341.3525590837,0
388055.823835281,12330.4984962153,0
388092.385988729,12319.5347990826,0
388128.915568423,12308.4615638002,0
388165.412251325,12297.2788874351,0
388201.875714674,12285.9868680064,0
388238.305635985,12274.5856044848,0
388274.701693049,12263.0751967929,0
388311.063563944,12251.4557458027,0
388347.39092703,12239.7273533357,0
388383.683460956,12227.8901221625,0
388419.940844658,12215.9441560022,0
388456.162757369,12203.8895595207,0
388492.348878615,12191.7264383303,0
388528.498888221,12179.4548989899,0
388564.612466312,12167.0750490037,0
388600.689293318,12154.5869968194,0
388636.729049975,12141.9908518285,0
388672.731417325,12129.2867243662,0
388708.696076726,12116.4747257093,0
388744.622709848,12103.5549680755,0
388780.510998678,12090.5275646232,0
388816.360625522,12077.3926294513,0
388852.17127301,12064.1502775967,0
388887.942624095,12050.8006250344,0
388923.674362059,12037.3437886771,0
388959.366170513,12023.7798863743,0
388995.017733402,12010.1090369101,0
389030.628735009,11996.3313600037,0
389066.198859948,11982.4469763091,0
389101.727793182,11968.4560074125,0
389137.215220013,11954.3585758323,0
389172.66082609,11940.1548050185,0
389208.064297412,11925.8448193519,0
389243.425320329,11911.4287441425,0
389278.743581546,11896.9067056285,0
389314.018768122,11882.278830977,0
389349.250567479,11867.5452482816,0
389384.4386674,11852.7060865612,0
389419.582756033,11837.7614757604,0
389454.682521892,11822.7115467484,0
389489.737653863,11807.5564313167,0
389524.747841206,11792.2962621792,0
389559.712773554,11776.9311729717,0
389594.632140917,11761.4612982502,0
389629.505633691,11745.8867734896,0
389664.332942651,11730.2077350835,0
389699.113758958,11714.4243203436,0
389733.847774164,11698.5366674972,0
389768.534680213,11682.5449156872,0
389803.174169439,11666.4492049715,0
389837.765934576,11650.2496763215,0
389872.309668758,11633.9464716203,0
389906.805065517,11617.5397336629,0
389941.251818793,11601.0296061553,0
389975.649622933,11584.416233712,0
390009.998172692,11567.699761856,0
390044.297163239,11550.8803370181,0
390078.546290156,11533.9581065353,0
390112.745249447,11516.9332186491,0
390146.893737533,11499.8058225055,0
390180.991451258,11482.576068154,0
390215.038087893,11465.2441065455,0
390249.033345137,11447.8100895314,0
390282.976921118,11430.2741698639,0
390316.868514401,11412.6365011933,0
390350.707823985,11394.8972380668,0
390384.494549307,11377.0565359288,0
390418.228390246,11359.1145511192,0
390451.909047127,11341.0714408712,0
390485.53622072,11322.927363311,0
390519.109612242,11304.6824774578,0
390552.628923365,11286.3369432202,0
390586.093856215,11267.8909213966,0
390619.504113374,11249.3445736741,0
390652.859397884,11230.6980626271,0
390686.159413249,11211.9515517148,0
390719.403863439,11193.1052052822,0
390752.59245289,11174.159188558,0
390785.724886509,11155.1136676524,0
390818.800869676,11135.9688095567,0
390851.820108244,11116.7247821433,0
390884.782308547,11097.381754162,0
390917.687177397,11077.93989524,0
390950.534422089,11058.3993758816,0
390983.323750406,11038.7603674654,0
391016.054870618,11019.0230422432,0
391048.727491484,10999.1875733397,0
391081.341322259,10979.2541347509,0
391113.896072692,10959.2229013418,0
391146.391453031,10939.094048846,0
391178.827174027,10918.8677538651,0
391211.202946931,10898.5441938657,0
391243.518483504,10878.1235471787,0
391275.773496014,10857.6059929992,0
391307.967697239,10836.9917113836,0
391340.100800474,10816.2808832483,0
391372.172519528,10795.4736903696,0
391404.18256873,10774.5703153817,0
391436.130662932,10753.5709417743,0
391468.016517507,10732.4757538928,0
391499.839848358,10711.2849369367,0
391531.600371915,10689.9986769567,0
391563.297805141,10668.6171608548,0
391594.931865532,10647.1405763832,0
391626.502271124,10625.5691121411,0
391658.008740489,10603.9029575745,0
391689.450992743,10582.1423029753,0
391720.828747545,10560.2873394786,0
391752.141725104,10538.3382590615,0
391783.389646176,10516.2952545426,0
391814.572232068,10494.1585195799,0
391845.689204646,10471.9282486685,0
391876.74028633,10449.6046371406,0
391907.7252001,10427.1878811635,0
391938.643669499,10404.6781777374,0
391969.495418634,10382.0757246945,0
392000.280172179,10359.3807206982,0
392030.99765538,10336.5933652399,0
392061.647594054,10313.7138586386,0
392092.22971459,10290.7424020398,0
392122.743743959,10267.6791974126,0
392153.189409709,10244.5244475488,0
392183.566439971,10221.2783560621,0
392213.87456346,10197.9411273855,0
392244.11350948,10174.5129667695,0
392274.283007922,10150.994080282,0
392304.382789272,10127.3846748055,0
392334.41258461,10103.6849580351,0
392364.372125612,10079.8951384787,0
392394.261144555,10056.0154254536,0
392424.079374317,10032.0460290855,0
392453.826548382,10007.9871603071,0
392483.50240084,9983.83903085669,0
392513.10666639,9959.60185327509,0
392542.639080345,9935.27584090582,0
392572.099378631,9910.86120789265,0
392601.487297791,9886.35816917715,0
392630.802574988,9861.76694049831,0
392660.044948006,9837.08773839059,0
392689.214155254,9812.32078018109,0
392718.309935767,9787.46628398913,0
392747.332029208,9762.52446872456,0
392776.280175876,9737.49555408468,0
392805.154116699,9712.37976055376,0
392833.953593243,9687.17730940155,0
392862.678347715,9661.88842267998,0
392891.32812296,9636.51332322269,0
392919.902662468,9611.05223464358,0
392948.401710375,9585.50538133351,0
392976.825011467,9559.8729884596,0
393005.172311178,9534.155281964,0
393033.443355598,9508.35248856048,0
393061.637891471,9482.46483573362,0
393089.755666198,9456.49255173768,0
393117.796427844,9430.43586559311,0
393145.759925134,9404.29500708569,0
393173.645907459,9378.07020676543,0
393201.454124877,9351.76169594302,0
393229.184328117,9325.36970668897,0
393256.83626858,9298.89447183245,0
393284.409698341,9272.33622495777,0
393311.904370153,9245.69520040339,0
393339.320037447,9218.9716332609,0
393366.656454338,9192.16575937132,0
393393.913375624,9165.2778153242,0
393421.090556787,9138.30803845647,0
393448.187754002,9111.25666684879,0
393475.204724133,9084.12393932465,0
393502.141224736,9056.9100954491,0
393528.997014066,9029.61537552511,0
393555.771851074,9002.24002059275,0
393582.465495411,8974.78427242773,0
393609.077707432,8947.24837353782,0
393635.608248196,8919.63256716207,0
393662.05687947,8891.93709726917,0
393688.423363731,8864.16220855397,0
393714.707464167,8836.30814643666,0
393740.90894468,8808.37515706104,0
393767.027569889,8780.36348729104,0
393793.063105133,8752.27338471002,0
393819.015316469,8724.10509761875,0
393844.88397068,8695.85887503206,0
393870.668835273,8667.53496667822,0
393896.369678484,8639.13362299664,0
393921.986269279,8610.65509513468,0
393947.518377354,8582.09963494705,0
393972.965773143,8553.46749499322,0
393998.328227814,8524.75892853448,0
394023.605513276,8495.97418953331,0
394048.797402179,8467.11353265046,0
394073.903667914,8438.17721324232,0
394098.924084621,8409.16548736022,0
394123.858427187,8380.07861174725,0
394148.706471248,8350.91684383581,0
394173.467993192,8321.68044174699,0
394198.142770164,8292.36966428696,0
394222.730580064,8262.98477094496,0
394247.231201552,8233.52602189245,0
394271.644414046,8203.99367797924,0
394295.969997731,8174.38800073197,0
394320.207733555,8144.70925235287,0
394344.357403236,8114.9576957158,0
394368.418789259,8085.13359436514,0
394392.391674883,8055.23721251402,0
394416.275844139,8025.26881504056,0
394440.071081837,7995.228667487,0
394463.777173563,7965.11703605733,0
394487.393905683,7934.9341876139,0
394510.921065349,7904.68038967667,0
394534.358440494,7874.35591042028,0
394557.705819839,7843.96101867107,0
394580.962992895,7813.4959839064,0
394604.129749963,7782.96107625104,0
394627.205882138,7752.35656647496,0
394650.191181308,7721.68272599227,0
394673.08544016,7690.93982685732,0
394695.888452182,7660.12814176303,0
394718.600011659,7629.2479440394,0
394741.219913684,7598.29950764954,0
394763.747954153,7567.28310718853,0
394786.183929769,7536.19901788114,0
394808.527638048,7505.04751557829,0
394830.778877314,7473.82887675608,0
394852.937446706,7442.54337851284,0
394875.003146181,7411.19129856606,0
394896.975776509,7379.77291525157,0
394918.855139284,7348.28850751976,0
394940.64103692,7316.73835493341,0
394962.333272656,7285.12273766634,0
394983.931650553,7253.4419364995,0
395005.435975506,7221.69623281934,0
395026.846053233,7189.88590861586,0
395048.16169029,7158.01124647876,0
395069.382694061,7126.07252959637,0
395090.508872769,7094.07004175276,0
395111.540035475,7062.00406732452,0
395132.475992077,7029.87489127975,0
395153.316553317,6997.68279917437,0
395174.061530778,6965.42807714978,0
395194.71073689,6933.11101193141,0
395215.263984929,6900.73189082471,0
395235.721089022,6868.29100171363,0
395256.081864145,6835.78863305824,0
395276.346126129,6803.22507389108,0
395296.513691658,6770.60061381605,0
395316.584378272,6737.91554300503,0
395336.558004373,6705.1701521951,0
395356.434389221,6672.36473268716,0
395376.213352937,6639.49957634201,0
395395.89471651,6606.57497557844,0
395415.478301792,6573.59122337117,0
395434.963931504,6540.54861324691,0
395454.351429235,6507.44743928316,0
395473.640619449,6474.28799610498,0
395492.831327479,6441.07057888193,0
395511.923379537,6407.79548332678,0
395530.916602709,6374.46300569145,0
395549.810824961,6341.07344276514,0
395568.60587514,6307.62709187204,0
395587.301582974,6274.12425086752,0
395605.897779076,6240.5652181368,0
395624.394294944,6206.95029259156,0
395642.790962964,6173.27977366703,0
395661.087616412,6139.5539613205,0
395679.284089453,6105.77315602716,0
395697.380217146,6071.9376587784,0
395715.375835446,6038.04777107917,0
395733.270781201,6004.1037949443,0
395751.064892159,5970.10603289719,0
395768.758006967,5936.05478796601,0
395786.349965174,5901.95036368124,0
395803.84060723,5867.79306407367,0
395821.229774492,5833.58319367038,0
395838.517309221,5799.32105749321,0
395855.703054588,5765.00696105546,0
395872.786854673,5730.64121035881,0
395889.768554466,5696.22411189167,0
395906.647999871,5661.75597262508,0
395923.425037706,5627.23710001084,0
395940.099515706,5592.66780197872,0
395956.671282522,5558.04838693284,0
395973.140187725,5523.3791637502,0
395989.506081809,5488.66044177666,0
396005.768816186,5453.89253082474,0
396021.928243196,5419.07574117111,0
396037.984216103,5384.21038355276,0
396053.936589097,5349.29676916547,0
396069.7852173,5314.33520965996,0
396085.52995676,5279.32601713935,0
396101.17066446,5244.26950415698,0
396116.707198314,5209.16598371223,0
396132.139417174,5174.01576924908,0
396147.467180823,5138.81917465237,0
396162.690349987,5103.57651424494,0
396177.808786327,5068.28810278566,0
396192.822352449,5032.95425546513,0
396207.730911897,4997.5752879042,0
396222.534329161,4962.15151615022,0
396237.232469676,4926.68325667415,0
396251.825199822,4891.17082636853,0
396266.312386928,4855.6145425432,0
396280.693899272,4820.01472292376,0
396294.969606084,4784.37168564776,0
396309.139377544,4748.68574926189,0
396323.203084787,4712.95723271975,0
396337.160599902,4677.18645537773,0
396351.011795936,4641.37373699329,0
396364.75654689,4605.51939772115,0
396378.394727728,4569.62375811062,0
396391.926214372,4533.68713910303,0
396405.350883707,4497.70986202784,0
396418.668613579,4461.69224860084,0
396431.879282801,4425.63462092016,0
396444.982771149,4389.53730146387,0
396457.978959367,4353.400613087,0
396470.867729168,4317.22487901796,0
396483.648963233,4281.01042285659,0
396496.322545214,4244.75756856997,0
396508.888359736,4208.46664049044,0
396521.346292396,4172.13796331195,0
396533.696229767,4135.77186208713,0
396545.938059394,4099.36866222485,0
396558.071669804,4062.92868948607,0
396570.096950499,4026.45226998214,0
396582.013791959,3989.93973017064,0
396593.822085649,3953.39139685296,0
396605.521724011,3916.80759717124,0
396617.112600472,3880.18865860477,0
396628.594609442,3843.53490896794,0
396639.967646319,3806.84667640597,0
396651.231607483,3770.12428939294,0
396662.386390303,3733.36807672797,0
396673.431893139,3696.57836753246,0
396684.368015336,3659.75549124715,0
396695.194657234,3622.89977762848,0
396705.911720161,3586.01155674639,0
396716.519106441,3549.09115898017,0
396727.016719391,3512.13891501641,0
396737.40446332,3475.15515584503,0
396747.682243538,3438.14021275669,0
396757.849966349,3401.09441733965,0
396767.907539054,3364.01810147619,0
396777.854869957,3326.91159734034,0
396787.691868357,3289.7752373937,0
396797.418444559,3252.60935438339,0
396807.034509866,3215.414281338,0
396816.539976587,3178.19035156509,0
396825.934758032,3140.93789864773,0
396835.218768519,3103.65725644136,0
396844.39192337,3066.34875907096,0
396853.454138914,3029.0127409273,0
396862.405332487,2991.64953666456,0
396871.245422436,2954.25948119631,0
396879.974328115,2916.84290969325,0
396888.591969889,2879.40015757914,0
396897.098269134,2841.93156052842,0
396905.49314824,2804.4374544625,0
396913.776530608,2766.91817554676,0
396921.948340653,2729.37406018754,0
396930.008503804,2691.80544502854,0
396937.956946508,2654.21266694816,0
396945.793596225,2616.59606305572,0
396953.518381435,2578.95597068891,0
396961.131231634,2541.29272740988,0
396968.632077337,2503.60667100281,0
396976.020850078,2465.89813946989,0
396983.297482412,2428.16747102889,0
396990.461907914,2390.41500410928,0
396997.514061182,2352.64107734952,0
397004.453877834,2314.84602959354,0
397011.281294513,2277.0301998876,0
397017.996248886,2239.19392747714,0
397024.598679642,2201.33755180341,0
397031.088526497,2163.4614125004,0
397037.465730192,2125.56584939138,0
397043.730232496,2087.65120248606,0
397049.881976203,2049.71781197673,0
397055.920905135,2011.76601823578,0
397061.846964143,1973.79616181168,0
397067.660099107,1935.80858342645,0
397073.360256936,1897.80362397175,0
397078.94738557,1859.78162450625,0
397084.421433978,1821.74292625176,0
397089.782352162,1783.6878705906,0
397095.030091154,1745.61679906168,0
397100.164603019,1707.53005335794,0
397105.185840857,1669.42797532233,0
397110.093758798,1631.31090694532,0
397114.888312009,1593.17919036092,0
397119.569456688,1555.03316784397,0
397124.137150071,1516.87318180642,0
397128.591350427,1478.69957479451,0
397132.932017062,1440.51268948493,0
397137.159110319,1402.31286868218,0
397141.272591577,1364.10045531467,0
397145.27242325,1325.87579243195,0
397149.158568793,1287.63922320105,0
397152.930992698,1249.39109090343,0
397156.589660493,1211.13173893154,0
397160.134538748,1172.86151078565,0
397163.565595069,1134.58075007046,0
397166.882798105,1096.28980049183,0
397170.086117541,1057.98900585356,0
397173.175524105,1019.67871005393,0
397176.150989564,981.359257082662,0
397179.012486726,943.030991017235,0
397181.759989441,904.69425602003,0
397184.3934726,866.349396334654,0
397186.912912133,827.996756282847,0
397189.318285017,789.63668026113,0
397191.609569267,751.269512737405,0
397193.786743942,712.895598247847,0
397195.849789143,674.515281393361,0
397197.798686015,636.128906836458,0
397199.633416746,597.736819297839,0
397201.353964565,559.339363553133,0
397202.960313747,520.936884429571,0
397204.45244961,482.529726802644,0
397205.830358515,444.118235592836,0
397207.094027868,405.702755762304,0
397208.243446118,367.28363231152,0
397209.27860276,328.86121027599,0
397210.199488332,290.435834722946,0
397211.006094415,252.007850748002,0
397211.698413638,213.577603471838,0
397212.276439671,175.145438036933,0
397212.740167233,136.711699604142,0
397213.089592083,98.2767333494984,0
397213.324711028,59.8408844608388,0
397213.445521918,21.4044981344431,0
