372396.801189602,-4411.18314834878,0
372383.715969989,-4374.98380268883,0
372370.738528515,-4338.74492663408,0
372357.86898492,-4302.4668463769,0
372345.107457958,-4266.14988849365,0
372332.4540654,-4229.79437994145,0
372319.908924027,-4193.40064805579,0
372307.47214963,-4156.96902054627,0
372295.143857014,-4120.49982549474,0
372282.924159988,-4083.99339135109,0
372270.813171371,-4047.45004693076,0
372258.811002987,-4010.87012141154,0
372246.917765665,-3974.25394432991,0
372235.133569236,-3937.60184557888,0
372223.458522535,-3900.91415540358,0
372211.892733398,-3864.19120439932,0
372200.436308658,-3827.43332350752,0
372189.089354149,-3790.64084401293,0
372177.851974702,-3753.81409754061,0
372166.724274141,-3716.95341605212,0
372155.70635529,-3680.0591318433,0
372144.798319961,-3643.13157753994,0
372134.000268963,-3606.17108609565,0
372123.312302094,-3569.17799078785,0
372112.734518141,-3532.15262521496,0
372102.267014884,-3495.09532329327,0
372091.909889086,-3458.00641925317,0
372081.663236501,-3420.88624763681,0
372071.527151866,-3383.73514329382,0
372061.501728903,-3346.55344137913,0
372051.587060318,-3309.3414773488,0
372041.783237799,-3272.09958695743,0
372032.090352015,-3234.82810625463,0
372022.508492617,-3197.52737158165,0
372013.037748233,-3160.19771956859,0
372003.678206471,-3122.8394871304,0
371994.429953914,-3085.45301146449,0
371985.293076124,-3048.03863004653,0
371976.267657636,-3010.59668062805,0
371967.353781961,-2973.12750123241,0
371958.551531581,-2935.63143015208,0
371949.860987952,-2898.10880594498,0
371941.282231502,-2860.55996743131,0
371932.815341626,-2822.9852536904,0
371924.460396693,-2785.38500405697,0
371916.217474037,-2747.75955811852,0
371908.086649962,-2710.10925571111,0
371900.067999738,-2672.43443691705,0
371892.1615976,-2634.73544206058,0
371884.367516748,-2597.01261170546,0
371876.685829349,-2559.26628665082,0
371869.11660653,-2521.49680792853,0
371861.659918382,-2483.70451679933,0
371854.315833958,-2445.88975474983,0
371847.084421272,-2408.05286348898,0
371839.965747296,-2370.19418494476,0
371832.959877963,-2332.31406126096,0
371826.066878166,-2294.4128347935,0
371819.286811753,-2256.49084810757,0
371812.619741531,-2218.54844397364,0
371806.065729261,-2180.58596536478,0
371799.624835663,-2142.60375545258,0
371793.297120409,-2104.60215760451,0
371787.082642126,-2066.58151537979,0
371780.981458395,-2028.54217252676,0
371774.99362575,-1990.48447297877,0
371769.119199676,-1952.40876085148,0
371763.358234609,-1914.31538043881,0
371757.710783939,-1876.20467621023,0
371752.176900003,-1838.07699280666,0
371746.756634089,-1799.93267503775,0
371741.450036434,-1761.77206787783,0
371736.257156222,-1723.59551646316,0
371731.178041588,-1685.40336608787,0
371726.212739611,-1647.19596220117,0
371721.361296319,-1608.97365040336,0
371716.623756684,-1570.73677644297,0
371712.000164626,-1532.48568621279,0
371707.490563008,-1494.22072574701,0
371703.09499364,-1455.94224121724,0
371698.813497274,-1417.65057892965,0
371694.646113606,-1379.34608532096,0
371690.592881277,-1341.02910695559,0
371686.653837867,-1302.69999052171,0
371682.829019903,-1264.35908282823,0
371679.118462851,-1226.00673080103,0
371675.522201119,-1187.6432814798,0
371672.040268055,-1149.26908201438,0
371668.672695949,-1110.88447966145,0
371665.419516032,-1072.48982178108,0
371662.280758473,-1034.08545583317,0
371659.256452382,-995.671729374213,0
371656.346625806,-957.248990053578,0
371653.551305734,-918.817585610368,0
371650.870518091,-880.377863869651,0
371648.304287742,-841.930172739291,0
371645.852638489,-803.4748602063,0
371643.515593071,-765.012274333452,0
371641.293173166,-726.542763255888,0
371639.185399388,-688.06667517749,0
371637.192291289,-649.584358367648,0
371635.313867356,-611.096161157589,0
371633.550145014,-572.602431937045,0
371631.901140623,-534.103519150781,0
371630.36686948,-495.599771295033,0
371628.947345818,-457.091536914193,0
371627.642582804,-418.579164597234,0
371626.452592543,-380.063002974257,0
371625.377386073,-341.5434007131,0
371624.41697337,-303.020706515781,0
371623.571363342,-264.495269115063,0
371622.840563835,-225.967437271024,0
371622.224581627,-187.437559767536,0
371621.723422434,-148.905985408809,0
371621.337090905,-110.373063015946,0
371621.065590623,-71.8391414234543,0
371620.908924108,-33.304569475776,0
371620.867092813,5.23030397617904,0
371620.940097125,43.7651300785007,0
371621.127936368,82.2995599777492,0
371621.4306088,120.833244824425,0
371621.848111611,159.365835776439,0
371622.380440929,197.896984002582,0
371623.027591816,236.426340686,0
371623.789558268,274.953557027652,0
371624.666333216,313.478284249782,0
371625.657908526,352.000173599386,0
371626.764275,390.518876351708,0
371627.985422374,429.034043813662,0
371629.321339321,467.545327327308,0
371630.772013446,506.05237827337,0
371632.337431294,544.554848074642,0
371634.017578343,583.052388199446,0
371635.812439007,621.544650165185,0
371637.721996637,660.031285541701,0
371639.74623352,698.511945954771,0
371641.885130879,736.986283089646,0
371644.138668875,775.453948694361,0
371646.506826603,813.914594583338,0
371648.9895821,852.367872640782,0
371651.586912336,890.813434824079,0
371654.298793221,929.250933167428,0
371657.125199603,967.680019785054,0
371660.066105267,1006.10034687489,0
371663.121482938,1044.51156672189,0
371666.29130428,1082.91333170148,0
371669.575539895,1121.30529428314,0
371672.974159325,1159.68710703363,0
371676.487131053,1198.05842262071,0
371680.114422501,1236.41889381626,0
371683.856000034,1274.76817350008,0
371687.711828955,1313.10591466299,0
371691.681873512,1351.43177041053,0
371695.766096891,1389.74539396626,0
371699.964461224,1428.04643867519,0
371704.276927584,1466.33455800734,0
371708.703455987,1504.60940556094,0
371713.244005396,1542.87063506618,0
371717.898533713,1581.11790038824,0
371722.666997789,1619.35085553115,0
371727.549353418,1657.56915464076,0
371732.545555342,1695.77245200863,0
371737.655557247,1733.96040207495,0
371742.879311767,1772.13265943246,0
371748.216770483,1810.28887882934,0
371753.667883925,1848.42871517317,0
371759.232601571,1886.55182353378,0
371764.910871846,1924.65785914718,0
371770.702642129,1962.74647741845,0
371776.607858747,2000.81733392568,0
371782.626466977,2038.87008442275,0
371788.758411049,2076.90438484339,0
371795.003634147,2114.91989130391,0
371801.362078404,2152.91626010722,0
371807.83368491,2190.89314774555,0
371814.418393708,2228.85021090454,0
371821.116143797,2266.7871064659,0
371827.92687313,2304.70349151147,0
371834.850518618,2342.59902332593,0
371841.887016129,2380.4733594008,0
371849.036300488,2418.32615743719,0
371856.29830548,2456.15707534977,0
371863.67296385,2493.96577126951,0
371871.160207302,2531.7519035476,0
371878.7599665,2569.51513075836,0
371886.472171073,2607.25511170286,0
371894.296749611,2644.97150541212,0
371902.233629667,2682.66397115045,0
371910.28273776,2720.33216841898,0
371918.443999373,2757.97575695856,0
371926.717338956,2795.5943967537,0
371935.102679925,2833.18774803515,0
371943.599944665,2870.75547128406,0
371952.209054529,2908.29722723436,0
371960.92992984,2945.81267687705,0
371969.762489892,2983.30148146254,0
371978.706652951,3020.76330250482,0
371987.762336254,3058.19780178406,0
371996.929456013,3095.60464135038,0
372006.207927413,3132.98348352687,0
372015.597664617,3170.33399091292,0
372025.098580761,3207.65582638772,0
372034.710587962,3244.948653113,0
372044.433597313,3282.21213453711,0
372054.267518887,3319.4459343973,0
372064.212261738,3356.649716724,0
372074.267733903,3393.82314584314,0
372084.433842398,3430.96588638015,0
372094.710493226,3468.07760326272,0
372105.097591374,3505.15796172419,0
372115.595040815,3542.20662730701,0
372126.202744508,3579.22326586538,0
372136.920604401,3616.20754356934,0
372147.748521431,3653.15912690698,0
372158.686395527,3690.07768268867,0
372169.734125607,3726.96287804939,0
372180.891609584,3763.81438045253,0
372192.158744362,3800.63185769291,0
372203.535425844,3837.41497789967,0
372215.021548927,3874.1634095402,0
372226.617007506,3910.87682142225,0
372238.321694474,3947.55488269832,0
372250.135501724,3984.19726286773,0
372262.058320153,4020.80363178058,0
372274.090039656,4057.37365964053,0
372286.230549135,4093.90701700784,0
372298.479736495,4130.40337480314,0
372310.83748865,4166.86240430957,0
372323.303691518,4203.28377717706,0
372335.878230029,4239.66716542445,0
372348.56098812,4276.01224144327,0
372361.351848743,4312.31867800071,0
372374.25069386,4348.58614824232,0
372387.25740445,4384.81432569603,0
372400.371860503,4421.00288427403,0
372413.593941032,4457.15149827709,0
372426.923524062,4493.25984239677,0
372440.360486643,4529.32759171879,0
372453.904704842,4565.35442172649,0
372467.556053752,4601.34000830293,0
372481.314407486,4637.28402773525,0
372495.179639187,4673.18615671646,0
372509.151621019,4709.04607234942,0
372523.23022418,4744.86345214955,0
372537.415318894,4780.63797404748,0
372551.706774417,4816.36931639307,0
372566.104459037,4852.05715795717,0
372580.608240078,4887.7011779358,0
372595.217983898,4923.30105595248,0
372609.933555893,4958.8564720612,0
372624.754820495,4994.36710675017,0
372639.681641181,5029.83264094356,0
372654.713880464,5065.25275600586,0
372669.851399906,5100.62713374383,0
372685.094060108,5135.95545640979,0
372700.441720721,5171.23740670508,0
372715.894240444,5206.47266778191,0
372731.451477024,5241.66092324759,0
372747.113287259,5276.80185716653,0
372762.879527001,5311.89515406344,0
372778.750051155,5346.94049892678,0
372794.724713682,5381.93757721053,0
372810.803367602,5416.88607483849,0
372826.985864993,5451.78567820612,0
372843.272056993,5486.63607418376,0
372859.661793804,5521.43695012008,0
372876.154924693,5556.18799384377,0
372892.751297989,5590.88889366777,0
372909.450761093,5625.5393383912,0
372926.253160472,5660.13901730237,0
372943.158341666,5694.68762018236,0
372960.166149285,5729.18483730655,0
372977.276427017,5763.63035944884,0
372994.489017623,5798.02387788368,0
373011.803762943,5832.36508438877,0
373029.220503897,5866.65367124884,0
373046.739080485,5900.88933125714,0
373064.359331792,5935.07175771932,0
373082.081095985,5969.20064445596,0
373099.90421032,6003.27568580462,0
373117.828511142,6037.29657662404,0
373135.853833884,6071.26301229548,0
373153.980013071,6105.17468872631,0
373172.206882325,6139.03130235294,0
373190.534274359,6172.83255014248,0
373208.962020988,6206.57812959693,0
373227.489953124,6240.26773875488,0
373246.11790078,6273.90107619434,0
373264.845693072,6307.47784103636,0
373283.673158222,6340.99773294625,0
373302.600123559,6374.46045213765,0
373321.626415519,6407.8656993747,0
373340.75185965,6441.21317597414,0
373359.976280611,6474.50258380933,0
373379.299502178,6507.73362531162,0
373398.721347239,6540.90600347357,0
373418.241637805,6574.0194218521,0
373437.860195003,6607.07358456982,0
373457.576839085,6640.06819631914,0
373477.391389425,6673.00296236412,0
373497.303664525,6705.87758854272,0
373517.313482012,6738.69178127072,0
373537.420658646,6771.44524754284,0
373557.625010317,6804.13769493621,0
373577.926352049,6836.76883161321,0
373598.324498002,6869.33836632279,0
373618.819261474,6901.84600840456,0
373639.410454902,6934.29146779059,0
373660.097889867,6966.67445500748,0
373680.881377091,6998.99468118032,0
373701.760726443,7031.25185803379,0
373722.735746941,7063.44569789533,0
373743.806246751,7095.57591369819,0
373764.972033193,7127.64221898258,0
373786.23291274,7159.64432789953,0
373807.588691021,7191.58195521297,0
373829.039172822,7223.45481630139,0
373850.584162092,7255.26262716186,0
373872.223461941,7287.00510441129,0
373893.956874643,7318.68196528903,0
373915.784201638,7350.29292766032,0
373937.705243536,7381.83771001727,0
373959.719800117,7413.31603148229,0
373981.827670335,7444.72761181073,0
374004.028652317,7476.07217139195,0
374026.322543367,7507.34943125336,0
374048.709139971,7538.55911306207,0
374071.188237794,7569.70093912665,0
374093.759631685,7600.77463240104,0
374116.423115679,7631.77991648567,0
374139.178482997,7662.71651562996,0
374162.025526054,7693.58415473573,0
374184.964036454,7724.38255935807,0
374207.993804995,7755.11145570861,0
374231.114621673,7785.77057065816,0
374254.326275683,7816.35963173766,0
374277.62855542,7846.87836714199,0
374301.021248482,7877.32650573183,0
374324.504141673,7907.70377703499,0
374348.077021004,7938.00991125037,0
374371.739671696,7968.24463924917,0
374395.491878182,7998.40769257685,0
374419.333424109,8028.49880345683,0
374443.264092342,8058.51770479131,0
374467.283664961,8088.46413016391,0
374491.391923272,8118.33781384281,0
374515.588647799,8148.13849078152,0
374539.873618296,8177.86589662202,0
374564.246613742,8207.51976769732,0
374588.707412347,8237.09984103229,0
374613.255791553,8266.60585434721,0
374637.891528036,8296.03754605976,0
374662.614397711,8325.39465528602,0
374687.424175729,8354.67692184424,0
374712.320636485,8383.88408625636,0
374737.303553617,8413.01588974928,0
374762.372700009,8442.07207425869,0
374787.527847793,8471.05238243013,0
374812.768768352,8499.95655762072,0
374838.095232322,8528.78434390274,0
374863.507009596,8557.53548606452,0
374889.003869321,8586.20972961247,0
374914.585579907,8614.80682077446,0
374940.251909027,8643.32650650051,0
374966.002623615,8671.76853446519,0
374991.837489876,8700.13265307068,0
375017.756273282,8728.41861144738,0
375043.758738578,8756.62615945661,0
375069.844649783,8784.75504769339,0
375096.013770192,8812.80502748693,0
375122.265862379,8840.77585090368,0
375148.600688202,8868.66727074972,0
375175.018008797,8896.47904057133,0
375201.517584591,8924.21091465818,0
375228.099175299,8951.86264804546,0
375254.762539924,8979.43399651448,0
375281.507436765,9006.924716596,0
375308.333623416,9034.33456557211,0
375335.240856769,9061.66330147689,0
375362.228893015,9088.91068309983,0
375389.297487652,9116.07646998749,0
375416.446395479,9143.16042244419,0
375443.675370605,9170.16230153555,0
375470.984166449,9197.08186908989,0
375498.372535743,9223.91888769908,0
375525.840230533,9250.67312072196,0
375553.387002184,9277.34433228576,0
375581.01260138,9303.93228728687,0
375608.716778128,9330.43675139429,0
375636.49928176,9356.85749105098,0
375664.359860935,9383.19427347463,0
375692.298263642,9409.44686666108,0
375720.314237202,9435.61503938565,0
375748.407528273,9461.69856120382,0
375776.577882846,9487.69720245475,0
375804.825046257,9513.61073426245,0
375833.148763179,9539.43892853654,0
375861.548777634,9565.18155797564,0
375890.02483299,9590.83839606863,0
375918.576671963,9616.4092170953,0
375947.204036623,9641.89379612971,0
375975.906668395,9667.2919090415,0
376004.68430806,9692.60333249645,0
376033.536695759,9717.82784395979,0
376062.463570997,9742.96522169757,0
376091.464672641,9768.01524477716,0
376120.539738926,9792.97769307044,0
376149.68850746,9817.85234725529,0
376178.91071522,9842.63898881602,0
376208.206098557,9867.33740004642,0
376237.574393203,9891.94736405138,0
376267.015334268,9916.46866474727,0
376296.528656244,9940.9010868648,0
376326.11409301,9965.24441595083,0
376355.771377829,9989.49843836866,0
376385.500243358,10013.6629413007,0
376415.300421645,10037.7377127505,0
376445.171644133,10061.722541543,0
376475.113641662,10085.6172173268,0
376505.126144475,10109.4215305766,0
376535.208882215,10133.1352725933,0
376565.361583933,10156.7582355062,0
376595.583978086,10180.2902122753,0
376625.875792542,10203.7309966917,0
376656.236754584,10227.0803833794,0
376686.666590907,10250.3381677978,0
376717.165027629,10273.5041462422,0
376747.731790285,10296.578115845,0
376778.366603836,10319.5598745787,0
376809.069192668,10342.4492212566,0
376839.839280595,10365.2459555333,0
376870.676590863,10387.9498779079,0
376901.580846153,10410.5607897251,0
376932.55176858,10433.0784931751,0
376963.5890797,10455.5027912969,0
376994.692500511,10477.8334879798,0
377025.861751453,10500.0703879629,0
377057.096552413,10522.2132968383,0
377088.396622731,10544.2620210525,0
377119.761681195,10566.2163679068,0
377151.191446049,10588.0761455591,0
377182.685634996,10609.8411630262,0
377214.243965197,10631.511230184,0
377245.866153274,10653.0861577688,0
377277.551915318,10674.5657573803,0
377309.300966887,10695.9498414816,0
377341.113023005,10717.2382234,0
377372.987798174,10738.4307173301,0
377404.925006371,10759.5271383345,0
377436.924361048,10780.5273023437,0
377468.985575141,10801.4310261595,0
377501.108361069,10822.2381274558,0
377533.292430736,10842.9484247785,0
377565.537495535,10863.5617375484,0
377597.843266352,10884.0778860623,0
377630.209453566,10904.4966914935,0
377662.635767052,10924.8179758933,0
377695.121916185,10945.0415621932,0
377727.667609844,10965.1672742052,0
377760.272556408,10985.1949366227,0
377792.936463768,11005.1243750232,0
377825.659039323,11024.9554158686,0
377858.439989984,11044.6878865059,0
377891.279022177,11064.3216151695,0
377924.175841849,11083.8564309822,0
377957.130154464,11103.2921639558,0
377990.141665011,11122.6286449925,0
378023.210078004,11141.8657058869,0
378056.335097488,11161.0031793263,0
378089.516427034,11180.0408988915,0
378122.753769753,11198.9786990594,0
378156.046828289,11217.8164152034,0
378189.395304826,11236.5538835935,0
378222.798901088,11255.1909413993,0
378256.257318348,11273.7274266903,0
378289.770257423,11292.1631784366,0
378323.337418679,11310.4980365103,0
378356.958502038,11328.7318416874,0
378390.633206975,11346.8644356478,0
378424.361232522,11364.8956609764,0
378458.142277273,11382.8253611653,0
378491.976039386,11400.6533806142,0
378525.862216584,11418.3795646309,0
378559.800506158,11436.0037594331,0
378593.790604972,11453.5258121499,0
378627.832209463,11470.9455708214,0
378661.925015643,11488.2628844006,0
378696.068719107,11505.4776027551,0
378730.26301503,11522.5895766671,0
378764.507598171,11539.5986578343,0
378798.802162877,11556.5046988716,0
378833.146403087,11573.3075533124,0
378867.54001233,11590.0070756083,0
378901.982683732,11606.6031211309,0
378936.474110017,11623.0955461732,0
378971.013983511,11639.4842079499,0
379005.60199614,11655.768964598,0
379040.237839441,11671.9496751787,0
379074.921204557,11688.0261996784,0
379109.651782243,11703.9983990084,0
379144.429262868,11719.8661350066,0
379179.25333642,11735.6292704392,0
379214.123692506,11751.2876690006,0
379249.040020353,11766.8411953137,0
379284.002008817,11782.2897149326,0
379319.00934638,11797.6330943426,0
379354.061721154,11812.8712009603,0
379389.158820884,11828.0039031356,0
379424.300332953,11843.0310701525,0
379459.485944382,11857.9525722295,0
379494.715341832,11872.7682805201,0
379529.988211609,11887.4780671145,0
379565.304239666,11902.0818050408,0
379600.663111606,11916.5793682641,0
379636.064512682,11930.9706316885,0
379671.508127805,11945.2554711584,0
379706.993641542,11959.4337634586,0
379742.520738119,11973.5053863145,0
379778.089101427,11987.4702183941,0
379813.698415023,12001.3281393085,0
379849.348362132,12015.0790296124,0
379885.038625648,12028.7227708042,0
379920.768888141,12042.2592453283,0
379956.538831859,12055.6883365755,0
379992.348138727,12069.009928882,0
380028.196490352,12082.2239075323,0
380064.083568027,12095.3301587593,0
380100.009052732,12108.3285697447,0
380135.972625136,12121.2190286193,0
380171.973965603,12134.0014244648,0
380208.012754192,12146.6756473145,0
380244.088670659,12159.2415881526,0
380280.201394462,12171.6991389161,0
380316.350604762,12184.0481924953,0
380352.535980428,12196.2886427349,0
380388.757200038,12208.4203844331,0
380425.01394188,12220.4433133437,0
380461.305883957,12232.357326177,0
380497.632703993,12244.1623205994,0
380533.994079427,12255.858195234,0
380570.389687423,12267.4448496623,0
380606.819204872,12278.9221844245,0
380643.282308392,12290.2901010194,0
380679.778674329,12301.5485019054,0
380716.307978766,12312.6972905014,0
380752.869897524,12323.7363711878,0
380789.46410616,12334.6656493057,0
380826.090279972,12345.4850311583,0
380862.748094004,12356.1944240119,0
380899.437223051,12366.7937360965,0
380936.157341651,12377.2828766049,0
380972.908124099,12387.6617556948,0
381009.689244445,12397.9302844888,0
381046.500376497,12408.0883750757,0
381083.341193822,12418.1359405091,0
381120.211369753,12428.0728948098,0
381157.110577389,12437.899152966,0
381194.038489599,12447.6146309335,0
381230.994779019,12457.2192456356,0
381267.979118065,12466.7129149646,0
381304.991178926,12476.0955577824,0
381342.030633577,12485.3670939204,0
381379.097153767,12494.5274441796,0
381416.190411037,12503.5765303318,0
381453.310076714,12512.5142751205,0
381490.455821918,12521.3406022605,0
381527.627317557,12530.0554364381,0
381564.82423434,12538.6587033126,0
381602.046242774,12547.1503295162,0
381639.293013169,12555.5302426547,0
381676.564215636,12563.798371307,0
381713.859520094,12571.9546450266,0
381751.178596276,12579.9989943421,0
381788.521113725,12587.9313507568,0
381825.886741796,12595.7516467492,0
381863.275149666,12603.4598157739,0
381900.686006333,12611.0557922621,0
381938.118980618,12618.5395116215,0
381975.573741166,12625.9109102366,0
382013.049956453,12633.1699254692,0
382050.547294786,12640.3164956595,0
382088.065424309,12647.3505601256,0
382125.604013,12654.2720591639,0
382163.162728676,12661.0809340496,0
382200.741238999,12667.7771270373,0
382238.339211478,12674.3605813614,0
382275.956313467,12680.8312412359,0
382313.59221217,12687.1890518545,0
382351.246574646,12693.433959392,0
382388.919067812,12699.565911004,0
382426.609358443,12705.5848548272,0
382464.317113172,12711.4907399793,0
382502.041998501,12717.2835165598,0
382539.783680798,12722.9631356507,0
382577.541826301,12728.5295493159,0
382615.316101118,12733.9827106016,0
382653.106171233,12739.322573537,0
382690.911702513,12744.5490931345,0
382728.732360701,12749.6622253897,0
382766.567811423,12754.6619272815,0
382804.417720192,12759.5481567727,0
382842.281752413,12764.3208728105,0
382880.15957338,12768.9800353258,0
382918.05084828,12773.5256052342,0
382955.955242199,12777.9575444359,0
382993.872420123,12782.275815816,0
383031.802046942,12786.4803832448,0
383069.743787446,12790.5712115776,0
383107.697306338,12794.5482666553,0
383145.66226823,12798.4115153044,0
383183.638337649,12802.1609253374,0
383221.625179033,12805.7964655524,0
383259.622456745,12809.3181057338,0
383297.629835068,12812.7258166525,0
383335.646978207,12816.0195700656,0
383373.673550296,12819.1993387167,0
383411.709215397,12822.2650963363,0
383449.753637509,12825.2168176418,0
383487.806480561,12828.0544783372,0
383525.867408421,12830.7780551141,0
383563.9360849,12833.3875256509,0
383602.012173753,12835.8828686134,0
383640.095338675,12838.2640636548,0
383678.185243317,12840.5310914159,0
383716.281551279,12842.6839335249,0
383754.383926113,12844.7225725978,0
383792.49203133,12846.6469922381,0
383830.605530403,12848.4571770373,0
383868.724086763,12850.1531125748,0
383906.847363808,12851.7347854176,0
383944.975024905,12853.2021831209,0
383983.106733391,12854.5552942278,0
384021.242152575,12855.7941082694,0
384059.380945745,12856.918615765,0
384097.522776164,12857.9288082219,0
384135.667307079,12858.8246781352,0
384173.814201721,12859.6062189886,0
384211.963123308,12860.2734252536,0
384250.113735046,12860.8262923898,0
384288.265700136,12861.2648168449,0
384326.418681771,12861.5889960548,0
384364.572343145,12861.7988284434,0
384402.726347451,12861.8943134226,0
384440.880357884,12861.8754513921,0
384479.034037648,12861.7422437399,0
384517.187049952,12861.4946928417,0
384555.339058021,12861.132802061,0
384593.489725089,12860.6565757492,0
384631.638714411,12860.0660192455,0
384669.785689259,12859.3611388764,0
384707.930312929,12858.5419419564,0
384746.07224874,12857.6084367873,0
384784.211160042,12856.5606326581,0
384822.346710212,12855.3985398455,0
384860.478562662,12854.122169613,0
384898.606380838,12852.7315342114,0
384936.729828228,12851.2266468785,0
384974.848568359,12849.6075218389,0
385012.962264802,12847.8741743037,0
385051.070581174,12846.026620471,0
385089.173181145,12844.0648775249,0
385127.269728432,12841.9889636362,0
385165.359886812,12839.7988979616,0
385203.443320116,12837.4947006437,0
385241.519692236,12835.0763928111,0
385279.588667129,12832.543996578,0
385317.649908815,12829.897535044,0
385355.703081385,12827.137032294,0
385393.747848999,12824.2625133981,0
385431.783875892,12821.274004411,0
385469.810826376,12818.1715323723,0
385507.828364842,12814.9551253062,0
385545.836155761,12811.6248122208,0
385583.833863693,12808.1806231084,0
385621.821153282,12804.6225889451,0
385659.797689262,12800.9507416908,0
385697.763136463,12797.1651142883,0
385735.717159808,12793.2657406636,0
385773.659424318,12789.2526557257,0
385811.589595117,12785.1258953662,0
385849.507337432,12780.8854964585,0
385887.412316597,12776.5314968586,0
385925.304198052,12772.0639354039,0
385963.182647352,12767.4828519135,0
386001.047330167,12762.7882871871,0
386038.897912282,12757.980283006,0
386076.734059603,12753.0588821317,0
386114.555438159,12748.0241283058,0
386152.361714106,12742.8760662499,0
386190.152553723,12737.6147416654,0
386227.927623425,12732.2402012329,0
386265.686589759,12726.7524926118,0
386303.429119408,12721.1516644398,0
386341.154879193,12715.4377663336,0
386378.863536077,12709.6108488873,0
386416.55475717,12703.6709636725,0
386454.228209726,12697.6181632377,0
386491.88356115,12691.4525011088,0
386529.520478998,12685.1740317878,0
386567.138630983,12678.7828107526,0
386604.737684979,12672.2788944563,0
386642.317309012,12665.6623403282,0
386679.877171277,12658.9332067718,0
386717.416940137,12652.0915531649,0
386754.936284121,12645.137439859,0
386792.434871927,12638.0709281799,0
386829.912372431,12630.8920804263,0
386867.368454683,12623.6009598689,0
386904.802787918,12616.197630751,0
386942.215041545,12608.6821582879,0
386979.604885163,12601.0546086662,0
387016.971988559,12593.3150490429,0
387054.31602171,12585.4635475452,0
387091.636654783,12577.5001732708,0
387128.933558143,12569.4249962868,0
387166.206402354,12561.2380876287,0
387203.454858182,12552.9395193002,0
387240.678596594,12544.5293642737,0
387277.877288764,12536.0076964886,0
387315.050606077,12527.3745908511,0
387352.19822013,12518.6301232332,0
387389.319802732,12509.7743704736,0
387426.415025912,12500.8074103762,0
387463.483561917,12491.729321709,0
387500.52508322,12482.5401842041,0
387537.539262515,12473.240078558,0
387574.525772727,12463.8290864298,0
387611.484287011,12454.307290441,0
387648.414478756,12444.6747741746,0
387685.316021587,12434.9316221757,0
387722.188589366,12425.07791995,0
387759.0318562,12415.1137539626,0
387795.845496439,12405.0392116384,0
387832.629184677,12394.8543813617,0
387869.382595762,12384.5593524748,0
387906.105404791,12374.1542152773,0
387942.79728712,12363.6390610257,0
387979.457918357,12353.0139819337,0
388016.086974375,12342.2790711704,0
388052.68413131,12331.4344228594,0
388089.249065561,12320.4801320789,0
388125.781453797,12309.4162948618,0
388162.280972957,12298.2430081931,0
388198.747300257,12286.9603700101,0
388235.180113187,12275.5684792022,0
388271.579089516,12264.0674356102,0
388307.943907295,12252.4573400246,0
388344.274244861,12240.7382941853,0
388380.569780837,12228.9104007818,0
388416.830194136,12216.9737634516,0
388453.055163964,12204.9284867793,0
388489.244369823,12192.774676296,0
388525.39749151,12180.5124384797,0
388561.514209127,12168.1418807531,0
388597.594203076,12155.663111483,0
388633.637154066,12143.0762399802,0
388669.642743115,12130.3813764988,0
388705.610651551,12117.5786322347,0
388741.54056102,12104.6681193248,0
388777.432153479,12091.6499508471,0
388813.285111207,12078.5242408196,0
388849.099116807,12065.2911041988,0
388884.873853205,12051.9506568789,0
388920.609003653,12038.5030156928,0
388956.304251734,12024.9482984091,0
388991.959281366,12011.2866237317,0
389027.573776799,11997.5181112999,0
389063.147422622,11983.6428816873,0
389098.679903766,11969.6610564002,0
389134.170905505,11955.5727578768,0
389169.620113459,11941.3781094874,0
389205.027213594,11927.0772355331,0
389240.391892232,11912.6702612437,0
389275.713836046,11898.1573127781,0
389310.992732065,11883.5385172238,0
389346.228267681,11868.8140025946,0
389381.420130644,11853.9838978301,0
389416.568009072,11839.0483327957,0
389451.671591447,11824.0074382811,0
389486.730566623,11808.8613459986,0
389521.744623828,11793.610188583,0
389556.713452661,11778.2540995913,0
389591.636743103,11762.7932135003,0
389626.514185514,11747.2276657059,0
389661.345470637,11731.5575925232,0
389696.1302896,11715.783131185,0
389730.868333922,11699.9044198401,0
389765.559295511,11683.9215975527,0
389800.202866671,11667.8348043026,0
389834.798740099,11651.6441809824,0
389869.346608894,11635.349869397,0
389903.846166556,11618.9520122634,0
389938.297106989,11602.4507532094,0
389972.699124503,11585.8462367715,0
390007.051913821,11569.1386083947,0
390041.355170074,11552.3280144322,0
390075.608588811,11535.414602143,0
390109.811865998,11518.3985196909,0
390143.964698019,11501.2799161447,0
390178.066781683,11484.0589414762,0
390212.117814224,11466.7357465588,0
390246.117493304,11449.3104831668,0
390280.065517015,11431.7833039753,0
390313.961583883,11414.1543625572,0
390347.80539287,11396.4238133828,0
390381.596643377,11378.5918118201,0
390415.335035243,11360.6585141316,0
390449.020268755,11342.6240774738,0
390482.652044644,11324.4886598968,0
390516.23006409,11306.2524203429,0
390549.754028725,11287.9155186444,0
390583.223640637,11269.4781155233,0
390616.638602368,11250.9403725908,0
390649.998616919,11232.3024523448,0
390683.303387757,11213.5645181688,0
390716.55261881,11194.7267343319,0
390749.746014475,11175.7892659868,0
390782.883279617,11156.7522791681,0
390815.964119576,11137.6159407917,0
390848.988240165,11118.3804186543,0
390881.955347675,11099.0458814304,0
390914.865148879,11079.612498672,0
390947.71735103,11060.0804408083,0
390980.511661867,11040.4498791426,0
391013.24778962,11020.720985852,0
391045.925443006,11000.8939339864,0
391078.544331236,10980.9688974669,0
391111.104164017,10960.9460510839,0
391143.604651556,10940.8255704968,0
391176.045504557,10920.6076322326,0
391208.426434232,10900.2924136835,0
391240.747152295,10879.8800931066,0
391273.007370971,10859.3708496228,0
391305.206802996,10838.7648632144,0
391337.345161619,10818.0623147241,0
391369.422160604,10797.2633858547,0
391401.437514237,10776.3682591667,0
391433.390937324,10755.3771180761,0
391465.282145194,10734.2901468555,0
391497.110853702,10713.1075306307,0
391528.876779236,10691.8294553795,0
391560.579638711,10670.4561079309,0
391592.219149579,10648.9876759643,0
391623.795029827,10627.424348006,0
391655.306997983,10605.7663134296,0
391686.754773115,10584.0137624545,0
391718.138074837,10562.1668861432,0
391749.456623308,10540.2258764007,0
391780.710139238,10518.1909259737,0
391811.898343889,10496.0622284478,0
391843.020959076,10473.8399782464,0
391874.077707172,10451.5243706303,0
391905.068311108,10429.1156016948,0
391935.992494381,10406.6138683685,0
391966.849981048,10384.0193684128,0
391997.640495735,10361.3323004194,0
392028.363763638,10338.5528638088,0
392059.019510524,10315.681258829,0
392089.607462735,10292.7176865548,0
392120.127347191,10269.6623488843,0
392150.57889139,10246.515448539,0
392180.961823413,10223.2771890623,0
392211.275871925,10199.9477748165,0
392241.520766179,10176.5274109822,0
392271.696236016,10153.0163035574,0
392301.80201187,10129.4146593545,0
392331.837824771,10105.7226859989,0
392361.803406343,10081.940591929,0
392391.698488812,10058.0685863926,0
392421.522805004,10034.1068794458,0
392451.27608835,10010.0556819527,0
392480.958072888,9985.91520558195,0
392510.568493267,9961.6856628057,0
392540.107084745,9937.36726689885,0
392569.573583196,9912.96023193637,0
392598.967725109,9888.46477279131,0
392628.289247595,9863.88110513458,0
392657.537888383,9839.20944543224,0
392686.71338583,9814.45001094332,0
392715.815478917,9789.60301971949,0
392744.843907252,9764.66869060265,0
392773.79841108,9739.64724322245,0
392802.678731274,9714.53889799597,0
392831.484609347,9689.34387612546,0
392860.215787448,9664.06239959566,0
392888.87200837,9638.69469117342,0
392917.453015546,9613.24097440566,0
392945.958553058,9587.70147361644,0
392974.388365634,9562.07641390659,0
393002.742198654,9536.36602115172,0
393031.01979815,9510.57052199927,0
393059.22091081,9484.69014386797,0
393087.345283981,9458.72511494603,0
393115.392665668,9432.67566418803,0
393143.36280454,9406.54202131436,0
393171.255449932,9380.32441680947,0
393199.070351843,9354.02308191864,0
393226.807260946,9327.63824864745,0
393254.465928582,9301.17014976001,0
393282.04610677,9274.61901877569,0
393309.547548204,9247.98508996852,0
393336.970006257,9221.26859836548,0
393364.313234985,9194.46977974315,0
393391.576989126,9167.58887062715,0
393418.761024106,9140.62610829028,0
393445.865096038,9113.58173074926,0
393472.888961728,9086.45597676412,0
393499.832378672,9059.24908583629,0
393526.695105065,9031.96129820531,0
393553.476899798,9004.59285484829,0
393580.177522462,8977.14399747779,0
393606.796733352,8949.6149685387,0
393633.334293466,8922.00601120757,0
393659.789964511,8894.3173693905,0
393686.163508901,8866.5492877199,0
393712.454689764,8838.70201155406,0
393738.663270941,8810.77578697463,0
393764.789016989,8782.77086078367,0
393790.831693185,8754.68748050313,0
393816.791065524,8726.52589437213,0
393842.666900728,8698.2863513442,0
393868.45896624,8669.96910108672,0
393894.167030235,8641.57439397796,0
393919.790861614,8613.10248110451,0
393945.330230013,8584.55361426071,0
393970.7849058,8555.92804594543,0
393996.154660082,8527.22602935976,0
394021.439264703,8498.4478184063,0
394046.638492249,8469.59366768576,0
394071.75211605,8440.66383249489,0
394096.779910178,8411.65856882568,0
394121.721649458,8382.57813336166,0
394146.577109461,8353.42278347624,0
394171.346066511,8324.19277723164,0
394196.028297687,8294.88837337506,0
394220.623580824,8265.50983133733,0
394245.131694517,8236.05741123151,0
394269.55241812,8206.53137384906,0
394293.885531751,8176.93198065881,0
394318.130816292,8147.25949380506,0
394342.288053396,8117.51417610394,0
394366.357025481,8087.6962910426,0
394390.33751574,8057.80610277675,0
394414.229308138,8027.84387612741,0
394438.032187417,7997.80987658013,0
394461.745939097,7967.70437028204,0
394485.370349478,7937.52762403901,0
394508.905205642,7907.27990531489,0
394532.350295457,7876.96148222797,0
394555.705407576,7846.57262354879,0
394578.970331441,7816.11359869908,0
394602.144857286,7785.58467774794,0
394625.228776136,7754.98613141012,0
394648.221879814,7724.31823104463,0
394671.123960937,7693.58124865076,0
394693.934812923,7662.77545686688,0
394716.65422999,7631.90112896837,0
394739.282007161,7600.95853886396,0
394761.817940262,7569.94796109478,0
394784.261825929,7538.86967083154,0
394806.613461606,7507.72394387141,0
394828.872645548,7476.51105663716,0
394851.039176825,7445.23128617361,0
394873.112855322,7413.88491014521,0
394895.093481741,7382.47220683498,0
394916.980857605,7350.99345514044,0
394938.774785256,7319.448934572,0
394960.475067862,7287.83892525122,0
394982.081509416,7256.16370790682,0
395003.593914739,7224.42356387358,0
395025.012089479,7192.61877508972,0
395046.33584012,7160.74962409343,0
395067.564973975,7128.81639402201,0
395088.699299195,7096.81936860831,0
395109.738624768,7064.75883217815,0
395130.682760521,7032.63506964913,0
395151.531517123,7000.4483665266,0
395172.284706086,6968.19900890192,0
395192.942139765,6935.88728345054,0
395213.503631366,6903.51347742803,0
395233.968994941,6871.07787866902,0
395254.338045393,6838.5807755841,0
395274.610598481,6806.02245715671,0
395294.786470813,6773.40321294201,0
395314.865479859,6740.72333306305,0
395334.847443945,6707.98310820852,0
395354.732182256,6675.18282963117,0
395374.519514842,6642.3227891436,0
395394.209262615,6609.40327911705,0
395413.801247354,6576.42459247853,0
395433.295291705,6543.38702270735,0
395452.691219183,6510.29086383408,0
395471.988854176,6477.13641043669,0
395491.188021943,6443.92395763814,0
395510.288548619,6410.65380110479,0
395529.290261217,6377.3262370422,0
395548.192987627,6343.94156219374,0
395566.996556619,6310.50007383772,0
395585.700797846,6277.00206978391,0
395604.305541846,6243.44784837236,0
395622.810620039,6209.83770846949,0
395641.215864736,6176.17194946578,0
395659.521109136,6142.45087127385,0
395677.726187328,6108.6747743244,0
395695.830934295,6074.84395956481,0
395713.835185913,6040.95872845593,0
395731.738778956,6007.0193829689,0
395749.541551092,5973.02622558374,0
395767.243340892,5938.97955928522,0
395784.843987827,5904.87968756091,0
395802.343332271,5870.72691439879,0
395819.741215501,5836.5215442833,0
395837.037479702,5802.26388219413,0
395854.231967967,5767.95423360235,0
395871.324524296,5733.59290446786,0
395888.314993602,5699.18020123748,0
395905.203221711,5664.71643084079,0
395921.989055362,5630.2019006886,0
395938.672342211,5595.63691866966,0
395955.252930831,5561.02179314745,0
395971.730670713,5526.35683295864,0
395988.105412272,5491.64234740877,0
396004.377006842,5456.87864627057,0
396020.545306682,5422.06603978092,0
396036.610164977,5387.20483863736,0
396052.571435839,5352.29535399653,0
396068.428974307,5317.33789747006,0
396084.182636353,5282.33278112249,0
396099.832278877,5247.28031746855,0
396115.377759714,5212.18081946941,0
396130.818937634,5177.03460053113,0
396146.155672343,5141.84197450067,0
396161.387824483,5106.60325566352,0
396176.515255637,5071.31875874118,0
396191.537828328,5035.98879888726,0
396206.455406021,5000.61369168592,0
396221.267853124,4965.19375314786,0
396235.975034991,4929.72929970791,0
396250.57681792,4894.22064822251,0
396265.073069159,4858.66811596574,0
396279.463656906,4823.07202062775,0
396293.748450307,4787.4326803107,0
396307.927319461,4751.75041352639,0
396322.000135422,4716.02553919358,0
396335.966770196,4680.25837663413,0
396349.827096747,4644.44924557134,0
396363.580988997,4608.59846612578,0
396377.228321824,4572.70635881315,0
396390.76897107,4536.77324454116,0
396404.202813536,4500.79944460607,0
396417.529726986,4464.78528069073,0
396430.749590149,4428.73107486041,0
396443.86228272,4392.63714956085,0
396456.86768536,4356.50382761472,0
396469.765679696,4320.33143221853,0
396482.556148328,4284.12028694043,0
396495.238974825,4247.87071571597,0
396507.814043728,4211.58304284637,0
396520.281240549,4175.25759299458,0
396532.640451779,4138.89469118263,0
396544.891564879,4102.49466278888,0
396557.034468292,4066.0578335442,0
396569.069051434,4029.58452953003,0
396580.995204705,3993.07507717425,0
396592.812819482,3956.52980324898,0
396604.521788124,3919.94903486714,0
396616.122003974,3883.33309947925,0
396627.613361359,3846.68232487107,0
396638.995755589,3809.99703915945,0
396650.269082961,3773.27757079052,0
396661.43324076,3736.52424853545,0
396672.48812726,3699.73740148824,0
396683.433641722,3662.91735906227,0
396694.269684399,3626.064450987,0
396704.996156536,3589.17900730563,0
396715.612960371,3552.26135837096,0
396726.119999134,3515.3118348434,0
396736.517177052,3478.33076768686,0
396746.804399347,3441.31848816641,0
396756.981572237,3404.2753278448,0
396767.048602939,3367.20161857925,0
396777.00539967,3330.09769251886,0
396786.851871644,3292.96388210065,0
396796.587929079,3255.80052004742,0
396806.213483193,3218.60793936362,0
396815.728446208,3181.38647333309,0
396825.132731349,3144.1364555153,0
396834.426252846,3106.85821974249,0
396843.608925936,3069.5521001166,0
396852.680666861,3032.21843100569,0
396861.641392871,2994.85754704152,0
396870.491022225,2957.46978311545,0
396879.229474192,2920.05547437629,0
396887.85666905,2882.61495622614,0
396896.372528088,2845.14856431814,0
396904.776973607,2807.65663455252,0
396913.069928924,2770.13950307396,0
396921.251318365,2732.59750626813,0
396929.321067274,2695.03098075854,0
396937.279102008,2657.44026340359,0
396945.125349943,2619.82569129285,0
396952.859739468,2582.18760174458,0
396960.482199994,2544.52633230176,0
396967.992661949,2506.84222072967,0
396975.391056778,2469.13560501187,0
396982.677316948,2431.4068233478,0
396989.851375949,2393.65621414883,0
396996.913168288,2355.8841160357,0
397003.862629498,2318.09086783471,0
397010.699696133,2280.27680857498,0
397017.42430577,2242.44227748492,0
397024.036397014,2204.58761398913,0
397030.53590949,2166.71315770518,0
397036.922783854,2128.81924844022,0
397043.196961783,2090.90622618806,0
397049.358385985,2052.97443112549,0
397055.407000194,2015.02420360954,0
397061.342749172,1977.05588417369,0
397067.165578711,1939.06981352522,0
397072.875435631,1901.06633254132,0
397078.472267784,1863.04578226649,0
397083.956024051,1825.00850390863,0
397089.326654345,1786.95483883644,0
397094.584109609,1748.8851285755,0
397099.728341821,1710.79971480566,0
397104.75930399,1672.69893935712,0
397109.676950159,1634.58314420784,0
397114.481235405,1596.4526714796,0
397119.172115838,1558.30786343532,0
397123.749548605,1520.14906247528,0
397128.213491886,1481.97661113432,0
397132.563904899,1443.7908520781,0
397136.800747897,1405.59212810024,0
397140.92398217,1367.38078211866,0
397144.933570043,1329.15715717264,0
397148.829474883,1290.92159641925,0
397152.611661091,1252.67444313025,0
397156.280094107,1214.41604068873,0
397159.834740412,1176.14673258578,0
397163.275567523,1137.86686241731,0
397166.602543998,1099.5767738806,0
397169.815639436,1061.27681077119,0
397172.914824472,1022.96731697938,0
397175.900070786,984.648636487152,0
397178.771351097,946.3211133646,0
397181.528639164,907.985091766952,0
397184.171909788,869.640915930957,0
397186.701138813,831.288930171788,0
397189.116303124,792.929478879669,0
397191.417380646,754.562906516519,0
397193.60435035,716.189557612782,0
397195.677192247,677.809776763914,0
397197.635887393,639.423908627287,0
397199.480417885,601.032297918747,0
397201.210766864,562.635289409308,0
397202.826918515,524.233227921934,0
397204.328858066,485.826458328071,0
397205.716571789,447.415325544505,0
397206.990047,409.000174529935,0
397208.149272058,370.581350281655,0
397209.194236369,332.159197832314,0
397210.12493038,293.734062246556,0
397210.941345585,255.306288617664,0
397211.643474522,216.876222064323,0
397212.231310771,178.444207727243,0
397212.704848961,140.010590765868,0
397213.064084762,101.575716355039,0
397213.309014891,63.1399296816988,0
397213.439637109,24.7035759415473,0
397213.455950222,-13.7329996642432,0
397213.357954082,-52.1694519323877,0
397213.145649583,-90.6054356607788,0
397212.819038666,-129.04060565182,0
397212.378124317,-167.474616715718,0
397211.822910567,-205.907123673842,0
397211.153402489,-244.337781362021,0
397210.369606204,-282.766244633864,0
397209.471528877,-321.192168364052,0
397208.459178715,-359.615207451703,0
397207.332564973,-398.035016823677,0
397206.091697948,-436.451251437873,0
397204.736588982,-474.86356628652,0
397203.267250462,-513.271616399591,0
397201.683695816,-551.67505684802,0
397199.98593952,-590.073542747039,0
397198.173997091,-628.466729259546,0
397196.24788509,-666.854271599342,0
397194.20762112,-705.235825034477,0
397192.053223831,-743.611044890626,0
397189.784712912,-781.979586554228,0
397187.402109096,-820.34110547601,0
397184.905434158,-858.695257174141,0
397182.294710918,-897.041697237575,0
397179.569963234,-935.380081329438,0
397176.731216008,-973.710065190164,0
397173.778495182,-1012.03130464103,0
397170.711827742,-1050.34345558723,0
397167.531241711,-1088.64617402133,0
397164.236766156,-1126.93911602651,0
397160.828431181,-1165.22193777984,0
397157.306267932,-1203.49429555572,0
397153.670308594,-1241.75584572886,0
397149.920586392,-1280.00624477803,0
397146.057135588,-1318.24514928888,0
397142.079991483,-1356.47221595765,0
397137.989190418,-1394.68710159408,0
397133.784769769,-1432.88946312503,0
397129.46676795,-1471.07895759754,0
397125.035224413,-1509.25524218224,0
397120.490179644,-1547.41797417654,0
397115.831675167,-1585.56681100798,0
397111.059753541,-1623.70141023754,0
397106.174458359,-1661.82142956273,0
397101.17583425,-1699.92652682117,0
397096.063926875,-1738.01635999351,0
397090.83878293,-1776.09058720706,0
397085.500450145,-1814.1488667387,0
397080.048977279,-1852.19085701852,0
397074.484414126,-1890.21621663266,0
397068.806811509,-1928.22460432705,0
397063.016221285,-1966.21567901016,0
397057.112696338,-2004.18909975676,0
397051.096290584,-2042.14452581072,0
397044.967058965,-2080.08161658865,0
397038.725057455,-2118.00003168278,0
397032.370343054,-2155.89943086459,0
397025.902973789,-2193.77947408768,0
397019.323008713,-2231.63982149134,0
397012.630507907,-2269.48013340349,0
397005.825532476,-2307.30007034418,0
396998.908144548,-2345.09929302864,0
396991.878407278,-2382.87746237058,0
396984.736384842,-2420.63423948544,0
396977.482142439,-2458.3692856935,0
396970.11574629,-2496.08226252331,0
396962.637263636,-2533.77283171458,0
396955.04676274,-2571.44065522187,0
396947.344312883,-2609.08539521717,0
396939.529984365,-2646.70671409386,0
396931.603848505,-2684.30427446907,0
396923.565977638,-2721.87773918777,0
396915.416445116,-2759.4267713251,0
396907.155325307,-2796.95103419036,0
396898.782693593,-2834.4501913295,0
396890.29862637,-2871.92390652888,0
396881.703201047,-2909.37184381802,0
396872.996496046,-2946.79366747307,0
396864.178590801,-2984.18904201989,0
396855.249565754,-3021.55763223704,0
396846.209502358,-3058.89910315943,0
396837.058483077,-3096.21312008076,0
396827.796591379,-3133.49934855756,0
396818.423911742,-3170.75745441138,0
396808.940529648,-3207.98710373292,0
396799.346531585,-3245.18796288431,0
396789.642005046,-3282.35969850293,0
396779.827038524,-3319.50197750411,0
396769.901721519,-3356.6144670844,0
396759.866144527,-3393.69683472494,0
396749.720399049,-3430.748748194,0
396739.464577583,-3467.76987555095,0
396729.098773624,-3504.75988514838,0
396718.623081667,-3541.71844563627,0
396708.037597201,-3578.64522596414,0
396697.342416711,-3615.53989538483,0
396686.537637677,-3652.40212345735,0
396675.62335857,-3689.23158004978,0
396664.599678854,-3726.02793534299,0
396653.466698985,-3762.79085983274,0
396642.224520408,-3799.52002433393,0
396630.873245555,-3836.21509998259,0
396619.412977848,-3872.87575823977,0
396607.843821694,-3909.50167089419,0
396596.165882486,-3946.09251006525,0
396584.379266601,-3982.64794820664,0
396572.484081399,-4019.16765810842,0
396560.480435223,-4055.65131290129,0
396548.368437394,-4092.09858605843,0
396536.148198215,-4128.50915139949,0
396523.819828967,-4164.88268309312,0
396511.383441906,-4201.21885565995,0
396498.839150266,-4237.51734397622,0
396486.187068256,-4273.77782327577,0
396473.427311057,-4309.99996915426,0
396460.559994823,-4346.18345757111,0
396447.585236679,-4382.32796485317,0
396434.503154718,-4418.43316769767,0
396421.313868005,-4454.49874317457,0
396408.017496568,-4490.5243687307,0
396394.614161404,-4526.50972219144,0
396381.103984474,-4562.45448176483,0
396367.4870887,-4598.35832604385,0
396353.763597969,-4634.22093400944,0
396339.933637126,-4670.04198503408,0
396325.997331978,-4705.82115888364,0
396311.954809286,-4741.55813572156,0
396297.806196772,-4777.25259611086,0
396283.551623109,-4812.9042210174,0
396269.191217927,-4848.51269181325,0
396254.725111807,-4884.07769027852,0
396240.153436282,-4919.59889860567,0
396225.476323832,-4955.07599940121,0
396210.693907888,-4990.50867568932,0
396195.806322827,-5025.89661091474,0
396180.813703971,-5061.23948894496,0
396165.716187585,-5096.53699407429,0
396150.513910879,-5131.78881102556,0
396135.207012001,-5166.99462495378,0
396119.795630041,-5202.15412144891,0
396104.279905026,-5237.26698653806,0
396088.659977918,-5272.3329066896,0
396072.935990617,-5307.35156881466,0
396057.108085954,-5342.32266027091,0
396041.176407695,-5377.24586886531,0
396025.141100532,-5412.12088285611,0
396009.00231009,-5446.9473909571,0
395992.76018292,-5481.72508233905,0
395976.414866499,-5516.45364663331,0
395959.966509228,-5551.13277393478,0
395943.41526043,-5585.76215480367,0
395926.761270352,-5620.34148026975,0
395910.004690157,-5654.87044183395,0
395893.145671929,-5689.3487314716,0
395876.184368667,-5723.77604163566,0
395859.120934284,-5758.15206525831,0
395841.955523607,-5792.47649575513,0
395824.688292376,-5826.74902702686,0
395807.319397238,-5860.96935346231,0
395789.84899575,-5895.13716994184,0
395772.277246377,-5929.2521718388,0
395754.604308486,-5963.31405502351,0
395736.830342348,-5997.3225158655,0
395718.955509137,-6031.27725123563,0
395700.979970926,-6065.17795851018,0
395682.903890687,-6099.0243355721,0
395664.727432287,-6132.81608081458,0
395646.450760488,-6166.55289314386,0
395628.074040948,-6200.23447198086,0
395609.597440211,-6233.86051726532,0
395591.021125717,-6267.43072945734,0
395572.345265788,-6300.94480954032,0
395553.570029636,-6334.40245902432,0
395534.695587355,-6367.80337994737,0
395515.722109925,-6401.14727487941,0
395496.649769202,-6434.43384692441,0
395477.478737925,-6467.66279972241,0
395458.209189709,-6500.8338374535,0
395438.841299043,-6533.94666483911,0
395419.375241293,-6567.00098714518,0
395399.811192693,-6599.99651018527,0
395380.14933035,-6632.93294032184,0
395360.389832238,-6665.80998447023,0
395340.532877197,-6698.62735010059,0
395320.578644932,-6731.38474523996,0
395300.527316011,-6764.08187847617,0
395280.379071862,-6796.71845895903,0
395260.134094773,-6829.29419640351,0
395239.792567889,-6861.80880109272,0
395219.354675208,-6894.26198387921,0
395198.820601584,-6926.65345618878,0
395178.190532721,-6958.98293002254,0
395157.464655174,-6991.2501179587,0
395136.643156344,-7023.45473315655,0
395115.726224478,-7055.59648935766,0
395094.714048667,-7087.67510088873,0
395073.606818845,-7119.69028266484,0
395052.404725783,-7151.64175019053,0
395031.107961093,-7183.5292195634,0
395009.716717221,-7215.35240747649,0
394988.231187448,-7247.11103121965,0
394966.651565888,-7278.80480868354,0
394944.978047482,-7310.43345836111,0
394923.210828003,-7341.99669934975,0
394901.350104048,-7373.49425135502,0
394879.396073038,-7404.92583469163,0
394857.348933217,-7436.29117028648,0
394835.208883648,-7467.58997968164,0
394812.976124214,-7498.82198503533,0
394790.650855613,-7529.98690912559,0
394768.233279356,-7561.08447535245,0
394745.72359777,-7592.11440773923,0
394723.122013987,-7623.07643093649,0
394700.42873195,-7653.97027022347,0
394677.643956408,-7684.79565151001,0
394654.767892912,-7715.55230134031,0
394631.800747817,-7746.23994689389,0
394608.742728278,-7776.85831598827,0
394585.594042243,-7807.4071370822,0
394562.354898463,-7837.88613927645,0
394539.025506476,-7868.29505231711,0
394515.606076616,-7898.63360659816,0
394492.096820003,-7928.90153316237,0
394468.497948546,-7959.09856370507,0
394444.80967494,-7989.22443057597,0
394421.03221266,-8019.27886678045,0
394397.165775965,-8049.26160598341,0
394373.21057989,-8079.17238251063,0
394349.16684025,-8109.01093135045,0
394325.034773631,-8138.77698815755,0
394300.814597393,-8168.47028925386,0
394276.506529667,-8198.09057163084,0
394252.11078935,-8227.63757295288,0
394227.627596106,-8257.11103155799,0
394203.057170364,-8286.51068646066,0
394178.399733311,-8315.83627735471,0
394153.655506897,-8345.087544614,0
394128.824713827,-8374.26422929566,0
394103.907577562,-8403.36607314251,0
394078.904322314,-8432.39281858376,0
394053.815173049,-8461.34420873865,0
394028.640355478,-8490.21998741826,0
394003.380096059,-8519.01989912654,0
393978.034621995,-8547.74368906396,0
393952.60416123,-8576.39110312904,0
393927.088942448,-8604.96188791954,0
393901.489195068,-8633.45579073614,0
393875.805149248,-8661.8725595837,0
393850.037035875,-8690.21194317268,0
393824.185086569,-8718.47369092273,0
393798.249533677,-8746.65755296376,0
393772.230610272,-8774.76328013754,0
393746.128550151,-8802.79062400125,0
393719.943587834,-8830.73933682834,0
393693.675958557,-8858.60917161032,0
393667.325898275,-8886.39988206023,0
393640.893643658,-8914.1112226133,0
393614.379432087,-8941.74294842903,0
393587.783501655,-8969.29481539439,0
393561.10609116,-8996.76658012447,0
393534.347440108,-9024.15799996471,0
393507.507788707,-9051.46883299392,0
393480.587377865,-9078.69883802491,0
393453.586449192,-9105.84777460677,0
393426.505244989,-9132.91540302788,0
393399.344008256,-9159.90148431633,0
393372.10298268,-9186.80578024245,0
393344.782412642,-9213.62805332161,0
393317.382543205,-9240.3680668146,0
393289.903620121,-9267.02558473031,0
393262.345889821,-9293.6003718283,0
393234.709599417,-9320.09219361931,0
393206.9949967,-9346.50081636782,0
393179.202330132,-9372.82600709464,0
393151.331848853,-9399.0675335774,0
393123.38380267,-9425.22516435305,0
393095.358442059,-9451.29866872048,0
393067.256018161,-9477.28781674092,0
393039.076782783,-9503.19237924046,0
393010.820988388,-9529.01212781262,0
392982.488888103,-9554.7468348188,0
392954.080735708,-9580.39627339064,0
392925.596785636,-9605.96021743268,0
392897.037292973,-9631.43844162277,0
392868.402513455,-9656.83072141432,0
392839.692703463,-9682.13683303903,0
392810.90812002,-9707.35655350729,0
392782.049020796,-9732.48966061028,0
392753.115664096,-9757.53593292279,0
392724.108308863,-9782.49514980361,0
392695.027214675,-9807.36709139747,0
392665.872641741,-9832.15153863794,0
392636.644850902,-9856.84827324788,0
392607.344103623,-9881.45707774113,0
392577.970661995,-9905.97773542552,0
392548.524788733,-9930.41003040341,0
392519.00674717,-9954.75374757309,0
392489.416801256,-9979.00867263191,0
392459.755215557,-10003.1745920769,0
392430.022255251,-10027.2512932061,0
392400.218186127,-10051.2385641212,0
392370.34327458,-10075.1361937291,0
392340.397787611,-10098.9439717422,0
392310.381992824,-10122.6616886818,0
392280.296158423,-10146.289135879,0
392250.140553208,-10169.8261054756,0
392219.915446577,-10193.2723904267,0
392189.621108518,-10216.6277845027,0
392159.257809612,-10239.8920822889,0
392128.825821025,-10263.0650791889,0
392098.325414511,-10286.1465714262,0
392067.756862405,-10309.1363560444,0
392037.120437622,-10332.0342309096,0
392006.416413656,-10354.8399947125,0
391975.645064575,-10377.5534469689,0
391944.806665023,-10400.1743880215,0
391913.901490209,-10422.7026190423,0
391882.929815913,-10445.1379420329,0
391851.891918481,-10467.4801598263,0
391820.78807482,-10489.7290760895,0
391789.618562398,-10511.8844953237,0
391758.38365924,-10533.9462228658,0
391727.083643927,-10555.9140648908,0
391695.718795592,-10577.7878284133,0
391664.289393919,-10599.5673212872,0
391632.795719139,-10621.2523522093,0
391601.238052027,-10642.84273072,0
391569.616673902,-10664.3382672038,0
391537.931866623,-10685.738772892,0
391506.183912586,-10707.0440598641,0
391474.373094721,-10728.2539410481,0
391442.499696493,-10749.3682302224,0
391410.564001893,-10770.3867420185,0
391378.566295442,-10791.3092919204,0
391346.506862186,-10812.1356962667,0
391314.38598769,-10832.8657722529,0
391282.203958042,-10853.4993379317,0
391249.961059846,-10874.0362122143,0
391217.657580219,-10894.4762148724,0
391185.293806792,-10914.81916654,0
391152.870027704,-10935.0648887127,0
391120.386531601,-10955.213203751,0
391087.843607633,-10975.2639348815,0
391055.241545453,-10995.216906197,0
391022.580635211,-11015.0719426583,0
390989.861167554,-11034.8288700965,0
390957.083433624,-11054.4875152132,0
390924.247725054,-11074.0477055815,0
390891.354333964,-11093.5092696485,0
390858.403552962,-11112.8720367362,0
390825.39567514,-11132.1358370414,0
390792.330994068,-11151.3005016389,0
390759.209803798,-11170.3658624819,0
390726.032398854,-11189.3317524029,0
390692.799074237,-11208.1980051149,0
390659.510125416,-11226.9644552141,0
390626.165848329,-11245.6309381792,0
390592.766539379,-11264.1972903732,0
390559.312495431,-11282.6633490453,0
390525.804013812,-11301.0289523319,0
390492.241392306,-11319.2939392566,0
390458.624929151,-11337.4581497325,0
390424.954923038,-11355.5214245639,0
390391.231673106,-11373.4836054461,0
390357.455478946,-11391.3445349666,0
390323.626640588,-11409.1040566079,0
390289.745458506,-11426.7620147472,0
390255.812233614,-11444.3182546573,0
390221.827267263,-11461.7726225087,0
390187.790861236,-11479.1249653708,0
390153.703317748,-11496.3751312118,0
390119.564939445,-11513.5229689004,0
390085.376029396,-11530.568328208,0
390051.136891094,-11547.5110598083,0
390016.847828457,-11564.3510152782,0
389982.509145817,-11581.0880471005,0
389948.121147921,-11597.7220086641,0
389913.684139933,-11614.2527542641,0
389879.198427424,-11630.6801391043,0
389844.664316375,-11647.0040192979,0
389810.082113169,-11663.2242518682,0
389775.452124597,-11679.3406947491,0
389740.774657843,-11695.3532067875,0
389706.050020493,-11711.2616477438,0
389671.278520526,-11727.0658782917,0
389636.460466314,-11742.7657600208,0
389601.596166616,-11758.3611554373,0
389566.685930578,-11773.8519279643,0
389531.730067734,-11789.2379419426,0
389496.728887993,-11804.5190626332,0
389461.682701648,-11819.6951562172,0
389426.591819364,-11834.7660897959,0
389391.456552184,-11849.7317313932,0
389356.277211516,-11864.5919499567,0
389321.054109141,-11879.3466153571,0
389285.787557203,-11893.99559839,0
389250.477868209,-11908.5387707772,0
389215.125355026,-11922.9760051673,0
389179.730330879,-11937.3071751361,0
389144.293109349,-11951.5321551879,0
389108.814004365,-11965.650820757,0
389073.29333021,-11979.6630482078,0
389037.731401512,-11993.568714835,0
389002.128533242,-12007.3676988665,0
388966.485040714,-12021.0598794627,0
388930.801239581,-12034.6451367178,0
388895.077445831,-12048.12335166,0
388859.313975785,-12061.4944062539,0
388823.511146097,-12074.7581834002,0
388787.669273748,-12087.914566936,0
388751.788676044,-12100.9634416368,0
388715.869670614,-12113.9046932173,0
388679.912575407,-12126.7382083312,0
388643.917708691,-12139.4638745724,0
388607.885389047,-12152.0815804762,0
388571.815935368,-12164.5912155202,0
388535.709666857,-12176.9926701244,0
388499.566903026,-12189.2858356516,0
388463.387963687,-12201.47060441,0
388427.173168955,-12213.5468696524,0
388390.922839245,-12225.5145255769,0
388354.637295268,-12237.3734673284,0
388318.316858027,-12249.1235909992,0
388281.961848814,-12260.7647936297,0
388245.572589214,-12272.2969732083,0
388209.149401094,-12283.7200286732,0
388172.692606603,-12295.0338599131,0
388136.202528171,-12306.2383677671,0
388099.679488508,-12317.3334540255,0
388063.123810595,-12328.3190214311,0
388026.535817684,-12339.1949736802,0
387989.9158333,-12349.9612154219,0
387953.264181232,-12360.6176522592,0
387916.581185535,-12371.1641907508,0
387879.867170522,-12381.600738411,0
387843.122460767,-12391.9272037097,0
387806.3473811,-12402.1434960734,0
387769.542256602,-12412.2495258869,0
387732.707412604,-12422.245204493,0
387695.843174689,-12432.1304441925,0
387658.949868682,-12441.9051582458,0
387622.027820651,-12451.5692608736,0
387585.0773569,-12461.1226672572,0
387548.098803976,-12470.5652935384,0
387511.092488659,-12479.8970568209,0
387474.058737957,-12489.1178751711,0
387436.997879107,-12498.2276676183,0
387399.910239578,-12507.2263541545,0
387362.796147058,-12516.1138557362,0
387325.655929455,-12524.8900942844,0
387288.489914896,-12533.5549926858,0
387251.298431726,-12542.1084747915,0
387214.0818085,-12550.5504654194,0
387176.840373984,-12558.8808903545,0
387139.574457148,-12567.0996763487,0
387102.284387173,-12575.2067511215,0
387064.970493439,-12583.2020433604,0
387027.633105523,-12591.0854827223,0
386990.272553199,-12598.8569998333,0
386952.889166437,-12606.5165262887,0
386915.483275399,-12614.0639946541,0
386878.055210432,-12621.4993384662,0
386840.60530207,-12628.8224922328,0
386803.13388103,-12636.033391433,0
386765.641278211,-12643.1319725179,0
386728.127824688,-12650.1181729115,0
386690.59385171,-12656.9919310109,0
386653.039690698,-12663.7531861863,0
386615.465673248,-12670.4018787813,0
386577.872131116,-12676.9379501144,0
386540.259396224,-12683.3613424788,0
386502.627800656,-12689.6719991426,0
386464.977676656,-12695.8698643491,0
386427.309356624,-12701.9548833177,0
386389.623173109,-12707.9270022443,0
386351.919458813,-12713.7861683014,0
386314.198546589,-12719.5323296382,0
386276.460769432,-12725.1654353813,0
386238.70646048,-12730.6854356357,0
386200.935953008,-12736.092281484,0
386163.149580433,-12741.3859249874,0
386125.347676305,-12746.5663191857,0
386087.530574304,-12751.6334180984,0
386049.698608237,-12756.5871767242,0
386011.852112041,-12761.4275510415,0
385973.991419778,-12766.154498009,0
385936.116865625,-12770.7679755658,0
385898.228783879,-12775.2679426321,0
385860.327508956,-12779.6543591085,0
385822.413375382,-12783.9271858776,0
385784.486717791,-12788.0863848033,0
385746.547870927,-12792.1319187317,0
385708.597169637,-12796.0637514908,0
385670.634948873,-12799.8818478912,0
385632.661543681,-12803.5861737265,0
385594.677289206,-12807.176695773,0
385556.682520687,-12810.6533817902,0
385518.677573455,-12814.0162005214,0
385480.662782925,-12817.2651216935,0
385442.638484602,-12820.4001160172,0
385404.605014072,-12823.4211551876,0
385366.562707002,-12826.3282118841,0
385328.511899133,-12829.1212597708,0
385290.452926284,-12831.8002734965,0
385252.386124348,-12834.3652286952,0
385214.311829281,-12836.816101986,0
385176.23037711,-12839.1528709735,0
385138.142103926,-12841.3755142477,0
385100.047345878,-12843.4840113846,0
385061.946439176,-12845.4783429459,0
385023.839720085,-12847.3584904797,0
384985.727524923,-12849.12443652,0
384947.610190058,-12850.7761645875,0
384909.488051905,-12852.3136591891,0
384871.361446925,-12853.7369058188,0
384833.23071162,-12855.0458909571,0
384795.096182532,-12856.2406020715,0
384756.95819624,-12857.3210276167,0
384718.817089355,-12858.2871570342,0
384680.673198522,-12859.1389807533,0
384642.526860413,-12859.8764901902,0
384604.378411726,-12860.4996777488,0
384566.22818918,-12861.0085368204,0
384528.076529519,-12861.4030617841,0
384489.923769501,-12861.6832480066,0
384451.770245899,-12861.8490918424,0
384413.6162955,-12861.9005906338,0
384375.462255099,-12861.8377427109,0
384337.308461499,-12861.660547392,0
384299.155251505,-12861.3690049831,0
384261.002961926,-12860.9631167784,0
384222.851929567,-12860.44288506,0
384184.702491231,-12859.8083130982,0
384146.554983713,-12859.0594051513,0
384108.409743798,-12858.1961664657,0
384070.26710826,-12857.2186032759,0
384032.127413857,-12856.1267228047,0
383993.99099733,-12854.9205332625,0
383955.858195399,-12853.6000438484,0
383917.729344761,-12852.1652647491,0
383879.604782087,-12850.6162071395,0
383841.48484402,-12848.9528831825,0
383803.36986717,-12847.1753060289,0
383765.260188116,-12845.2834898176,0
383727.156143398,-12843.2774496751,0
383689.058069515,-12841.1572017158,0
383650.966302927,-12838.9227630419,0
383612.881180048,-12836.5741517434,0
383574.803037243,-12834.1113868975,0
383536.732210829,-12831.5344885692,0
383498.669037068,-12828.843477811,0
383460.613852166,-12826.0383766625,0
383422.566992272,-12823.1192081506,0
383384.528793473,-12820.0859962893,0
383346.499591792,-12816.9387660797,0
383308.479723184,-12813.6775435097,0
383270.469523536,-12810.3023555539,0
383232.469328665,-12806.8132301737,0
383194.479474307,-12803.2101963167,0
383156.500296127,-12799.493283917,0
383118.532129705,-12795.662523895,0
383080.575310541,-12791.7179481569,0
383042.630174047,-12787.6595895947,0
383004.697055548,-12783.4874820863,0
382966.776290277,-12779.2016604952,0
382928.868213373,-12774.8021606699,0
382890.973159878,-12770.289019444,0
382853.091464736,-12765.6622746363,0
382815.223462789,-12760.9219650504,0
382777.369488771,-12756.068130474,0
382739.529877311,-12751.1008116793,0
382701.704962929,-12746.0200504227,0
382663.89508003,-12740.8258894445,0
382626.100562902,-12735.5183724682,0
382588.321745716,-12730.0975442008,0
382550.558962523,-12724.563450333,0
382512.81254725,-12718.9161375377,0
382475.082833694,-12713.1556534703,0
382437.370155525,-12707.2820467691,0
382399.674846283,-12701.2953670543,0
382361.99723937,-12695.1956649277,0
382324.33766805,-12688.9829919725,0
382286.696465449,-12682.6574007531,0
382249.073964551,-12676.2189448155,0
382211.470498191,-12669.6676786855,0
382173.886399057,-12663.0036578691,0
382136.321999685,-12656.2269388526,0
382098.77763246,-12649.3375791024,0
382061.253629609,-12642.3356370634,0
382023.750323195,-12635.2211721594,0
381986.268045125,-12627.9942447932,0
381948.807127141,-12620.6549163463,0
381911.367900815,-12613.2032491774,0
381873.950697547,-12605.6393066225,0
381836.555848568,-12597.9631529953,0
381799.183684932,-12590.1748535864,0
381761.834537515,-12582.2744746625,0
381724.50873701,-12574.2620834662,0
381687.206613926,-12566.1377482155,0
381649.928498589,-12557.9015381044,0
381612.674721133,-12549.5535233013,0
381575.4456115,-12541.0937749484,0
381538.241499436,-12532.5223651622,0
381501.062714494,-12523.8393670333,0
381463.909586023,-12515.0448546247,0
381426.782443169,-12506.138902972,0
381389.681614872,-12497.1215880829,0
381352.607429868,-12487.9929869376,0
381315.560216678,-12478.7531774869,0
381278.540303608,-12469.4022386521,0
381241.54801875,-12459.940250325,0
381204.583689977,-12450.3672933679,0
381167.64764494,-12440.6834496117,0
381130.740211062,-12430.8888018559,0
381093.861715541,-12420.9834338686,0
381057.012485347,-12410.9674303863,0
381020.192847213,-12400.840877112,0
380983.403127638,-12390.6038607152,0
380946.643652884,-12380.2564688323,0
380909.91474897,-12369.7987900655,0
380873.216741672,-12359.2309139814,0
380836.549956519,-12348.5529311112,0
380799.914718792,-12337.7649329507,0
380763.311353519,-12326.8670119592,0
380726.740185474,-12315.859261558,0
380690.201539172,-12304.741776131,0
380653.695738869,-12293.5146510243,0
380617.22310856,-12282.177982545,0
380580.783971972,-12270.73186796,0
380544.378652562,-12259.1764054963,0
380508.007473521,-12247.511694341,0
380471.670757764,-12235.7378346391,0
380435.368827927,-12223.8549274933,0
380399.102006369,-12211.8630749642,0
380362.870615169,-12199.7623800693,0
380326.674976119,-12187.552946782,0
380290.515410723,-12175.2348800303,0
380254.392240197,-12162.8082856981,0
380218.305785464,-12150.2732706232,0
380182.25636715,-12137.6299425962,0
380146.244305583,-12124.8784103604,0
380110.269920793,-12112.018783612,0
380074.333532503,-12099.0511729979,0
380038.435460131,-12085.9756901153,0
380002.576022785,-12072.7924475115,0
379966.755539263,-12059.5015586838,0
379930.974328048,-12046.1031380769,0
379895.232707304,-12032.5973010831,0
379859.530994878,-12018.9841640424,0
379823.869508292,-12005.263844241,0
379788.248564743,-11991.4364599097,0
379752.668481101,-11977.5021302245,0
379717.129573905,-11963.4609753056,0
379681.63215936,-11949.313116216,0
379646.176553335,-11935.0586749605,0
379610.763071359,-11920.6977744863,0
379575.392028623,-11906.2305386813,0
379540.06373997,-11891.6570923727,0
379504.778519897,-11876.9775613267,0
379469.536682551,-11862.1920722488,0
379434.338541729,-11847.3007527813,0
379399.184410869,-11832.3037315027,0
379364.074603054,-11817.2011379277,0
379329.009431005,-11801.9931025065,0
379293.989207081,-11786.6797566224,0
379259.014243274,-11771.2612325917,0
379224.084851207,-11755.7376636642,0
379189.201342134,-11740.1091840203,0
379154.364026931,-11724.3759287706,0
379119.573216101,-11708.5380339559,0
379084.829219766,-11692.5956365459,0
379050.132347666,-11676.5488744375,0
379015.482909155,-11660.3978864544,0
378980.881213201,-11644.142812347,0
378946.327568381,-11627.7837927903,0
378911.82228288,-11611.320969383,0
378877.365664485,-11594.7544846472,0
378842.958020588,-11578.0844820276,0
378808.599658177,-11561.3111058895,0
378774.290883837,-11544.4345015181,0
378740.032003749,-11527.4548151188,0
378705.823323681,-11510.3721938149,0
378671.665148993,-11493.1867856461,0
378637.557784626,-11475.8987395692,0
378603.50153511,-11458.5082054564,0
378569.496704548,-11441.0153340933,0
378535.543596626,-11423.4202771788,0
378501.642514604,-11405.7231873248,0
378467.79376131,-11387.9242180533,0
378433.997639146,-11370.0235237963,0
378400.254450079,-11352.0212598955,0
378366.564495641,-11333.9175826004,0
378332.928076922,-11315.7126490665,0
378299.345494575,-11297.4066173556,0
378265.817048807,-11278.9996464346,0
378232.343039378,-11260.4918961731,0
378198.923765598,-11241.8835273432,0
378165.559526329,-11223.1747016191,0
378132.250619973,-11204.3655815747,0
378098.997344478,-11185.4563306824,0
378065.799997331,-11166.4471133135,0
378032.658875556,-11147.3380947359,0
377999.574275713,-11128.1294411123,0
377966.546493892,-11108.8213195005,0
377933.575825713,-11089.4138978521,0
377900.662566324,-11069.9073450097,0
377867.807010396,-11050.3018307072,0
377835.00945212,-11030.5975255687,0
377802.270185208,-11010.7946011065,0
377769.589502886,-10990.8932297197,0
377736.967697896,-10970.8935846943,0
377704.405062488,-10950.795840201,0
377671.901888421,-10930.6001712934,0
377639.45846696,-10910.3067539081,0
377607.075088872,-10889.9157648632,0
377574.752044424,-10869.4273818557,0
377542.489623381,-10848.8417834615,0
377510.288115004,-10828.1591491345,0
377478.147808044,-10807.379659204,0
377446.068990742,-10786.5034948735,0
377414.051950827,-10765.5308382214,0
377382.096975512,-10744.4618721971,0
377350.20435149,-10723.2967806207,0
377318.374364935,-10702.0357481826,0
377286.607301498,-10680.678960441,0
377254.9034463,-10659.2266038203,0
377223.263083938,-10637.6788656111,0
377191.686498474,-10616.0359339681,0
377160.173973436,-10594.2979979082,0
377128.725791818,-10572.4652473096,0
377097.342236072,-10550.5378729113,0
377066.023588108,-10528.5160663101,0
377034.770129294,-10506.4000199598,0
377003.582140449,-10484.1899271709,0
376972.459901842,-10461.8859821074,0
376941.403693189,-10439.4883797862,0
376910.413793653,-10416.9973160763,0
376879.490481838,-10394.4129876963,0
376848.634035787,-10371.735592213,0
376817.844732984,-10348.9653280412,0
376787.122850342,-10326.1023944408,0
376756.46866421,-10303.1469915156,0
376725.882450365,-10280.0993202126,0
376695.364484012,-10256.9595823201,0
376664.915039777,-10233.7279804653,0
376634.534391712,-10210.404718114,0
376604.222813286,-10186.9899995693,0
376573.980577384,-10163.4840299682,0
376543.807956304,-10139.8870152818,0
376513.705221759,-10116.199162314,0
376483.672644866,-10092.4206786979,0
376453.710496153,-10068.551772896,0
376423.819045548,-10044.5926541988,0
376393.998562383,-10020.5435327217,0
376364.249315384,-9996.40461940429,0
376334.571572678,-9972.17612600958,0
376304.965601783,-9947.85826512077,0
376275.431669607,-9923.45125014026,0
376245.970042449,-9898.95529528914,0
376216.580985991,-9874.37061560385,0
376187.2647653,-9849.69742693501,0
376158.021644822,-9824.93594594704,0
376128.851888384,-9800.08639011487,0
376099.755759184,-9775.14897772252,0
376070.733519799,-9750.12392786281,0
376041.785432172,-9725.01146043409,0
376012.911757615,-9699.81179613877,0
375984.112756806,-9674.52515648287,0
375955.388689787,-9649.15176377297,0
375926.739815958,-9623.69184111448,0
375898.16639408,-9598.14561241125,0
375869.668682267,-9572.51330236262,0
375841.246937986,-9546.79513646145,0
375812.901418056,-9520.99134099379,0
375784.632378644,-9495.10214303599,0
375756.44007526,-9469.12777045261,0
375728.324762759,-9443.06845189601,0
375700.286695338,-9416.92441680361,0
375672.326126528,-9390.6958953956,0
375644.443309199,-9364.38311867461,0
375616.638495552,-9337.98631842289,0
375588.911937119,-9311.50572720002,0
375561.263884761,-9284.94157834255,0
375533.694588664,-9258.29410596113,0
375506.204298337,-9231.56354493822,0
375478.793262611,-9204.7501309277,0
375451.461729633,-9177.85410035198,0
375424.209946867,-9150.87569039965,0
375397.038161092,-9123.81513902513,0
375369.946618396,-9096.67268494561,0
375342.935564174,-9069.44856763887,0
375316.005243132,-9042.14302734281,0
375289.155899275,-9014.75630505228,0
375262.38777591,-8987.28864251701,0
375235.701115646,-8959.74028224109,0
375209.096160385,-8932.11146747963,0
375182.573151324,-8904.40244223687,0
375156.132328952,-8876.61345126554,0
375129.773933047,-8848.74474006341,0
375103.498202673,-8820.79655487152,0
375077.30537618,-8792.76914267345,0
375051.195691198,-8764.66275119178,0
375025.169384639,-8736.47762888643,0
374999.226692689,-8708.21402495381,0
374973.367850813,-8679.8721893232,0
374947.593093744,-8651.45237265523,0
374921.902655489,-8622.9548263409,0
374896.29676932,-8594.37980249781,0
374870.775667776,-8565.72755396894,0
374845.339582659,-8536.99833432134,0
374819.988745031,-8508.19239784239,0
374794.723385212,-8479.30999953877,0
374769.54373278,-8450.35139513481,0
374744.450016564,-8421.31684106885,0
374719.442464646,-8392.20659449243,0
374694.521304357,-8363.02091326816,0
374669.686762275,-8333.76005596628,0
374644.939064221,-8304.42428186408,0
374620.27843526,-8275.01385094319,0
374595.705099695,-8245.52902388654,0
374571.219281068,-8215.97006207777,0
374546.821202156,-8186.33722759802,0
374522.511084968,-8156.63078322345,0
374498.289150744,-8126.85099242441,0
374474.155619952,-8096.99811936189,0
374450.110712289,-8067.07242888551,0
374426.154646671,-8037.07418653245,0
374402.28764124,-8007.00365852365,0
374378.509913355,-7976.86111176222,0
374354.821679593,-7946.64681383205,0
374331.223155744,-7916.36103299383,0
374307.714556814,-7886.00403818405,0
374284.296097017,-7855.57609901282,0
374260.967989775,-7825.07748576031,0
374237.730447718,-7794.50846937588,0
374214.583682677,-7763.86932147529,0
374191.527905687,-7733.16031433758,0
374168.56332698,-7702.38172090427,0
374145.690155989,-7671.53381477592,0
374122.908601337,-7640.61687020967,0
374100.218870843,-7609.63116211817,0
374077.621171517,-7578.57696606579,0
374055.115709554,-7547.45455826671,0
374032.702690339,-7516.26421558348,0
374010.38231844,-7485.00621552298,0
373988.154797606,-7453.68083623525,0
373966.020330767,-7422.28835651112,0
373943.979120029,-7390.82905577865,0
373922.031366676,-7359.30321410213,0
373900.177271163,-7327.71111217898,0
373878.417033119,-7296.05303133678,0
373856.750851339,-7264.32925353226,0
373835.178923788,-7232.54006134748,0
373813.701447595,-7200.68573798773,0
373792.318619051,-7168.76656728001,0
373771.030633609,-7136.78283366896,0
373749.83768588,-7104.73482221551,0
373728.739969632,-7072.62281859447,0
373707.737677788,-7040.44710909087,0
373686.831002423,-7008.20798059888,0
373666.020134764,-6975.90572061851,0
373645.305265183,-6943.54061725275,0
373624.686583202,-6911.11295920631,0
373604.164277486,-6878.62303578164,0
373583.738535842,-6846.07113687707,0
373563.409545219,-6813.45755298478,0
373543.177491702,-6780.78257518682,0
373523.042560514,-6748.04649515396,0
373503.004936013,-6715.24960514251,0
373483.064801688,-6682.3921979912,0
373463.222340158,-6649.47456711988,0
373443.477733172,-6616.49700652567,0
373423.831161604,-6583.4598107807,0
373404.282805455,-6550.36327503033,0
373384.832843846,-6517.20769498894,0
373365.48145502,-6483.99336693871,0
373346.228816338,-6450.72058772645,0
373327.075104279,-6417.38965476037,0
373308.020494435,-6384.00086600872,0
373289.065161512,-6350.55451999583,0
373270.209279328,-6317.05091579997,0
373251.453020809,-6283.49035305118,0
373232.796557989,-6249.87313192731,0
373214.240062007,-6216.19955315261,0
373195.783703106,-6182.46991799441,0
373177.427650629,-6148.68452825999,0
373159.172073022,-6114.8436862951,0
373141.017137826,-6080.94769497975,0
373122.96301168,-6046.99685772643,0
373105.009860317,-6012.99147847739,0
373087.157848562,-5978.93186170092,0
373069.407140332,-5944.81831238995,0
373051.757898631,-5910.65113605821,0
373034.210285551,-5876.43063873767,0
373016.764462271,-5842.15712697649,0
372999.42058905,-5807.83090783491,0
372982.178825233,-5773.4522888837,0
372965.039329242,-5739.02157820072,0
372948.002258578,-5704.53908436781,0
372931.067769819,-5670.00511646905,0
372914.236018619,-5635.41998408658,0
372897.507159702,-5600.78399729873,0
372880.881346866,-5566.09746667697,0
372864.358732978,-5531.36070328242,0
372847.939469972,-5496.57401866423,0
372831.62370885,-5461.73772485535,0
372815.411599678,-5426.85213437051,0
372799.303291585,-5391.91756020337,0
372783.29893276,-5356.93431582276,0
372767.398670453,-5321.90271517108,0
372751.602650972,-5286.82307266019,0
372735.911019681,-5251.69570316908,0
372720.323921,-5216.52092204128,0
372704.841498399,-5181.29904508082,0
372689.463894402,-5146.03038855072,0
372674.191250583,-5110.71526916884,0
372659.023707564,-5075.35400410548,0
372643.961405013,-5039.94691098075,0
372629.004481644,-5004.49430786054,0
372614.153075215,-4968.99651325494,0
372599.407322524,-4933.45384611407,0
372584.767359413,-4897.86662582562,0
372570.233320759,-4862.23517221223,0
372555.805340481,-4826.55980552738,0
372541.48355153,-4790.84084645383,0
372527.268085893,-4755.07861609932,0
372513.159074591,-4719.27343599427,0
372499.156647676,-4683.4256280888,0
372485.260934229,-4647.535514749,0
372471.47206236,-4611.60341875497,0
372457.790159208,-4575.62966329667,0
372444.215350935,-4539.61457197164,0
372430.747762728,-4503.55846878177,0
372417.387518799,-4467.46167812982,0
372404.13474238,-4431.32452481708,0
