396440.966272018,-4400.63755755729,0
396427.829824319,-4436.72271040483,0
396414.586232598,-4472.76807230922,0
396401.235617377,-4508.7733209087,0
396387.77810014,-4544.73813422234,0
396374.213803336,-4580.66219065308,0
396360.542850376,-4616.54516898998,0
396346.765365633,-4652.38674841239,0
396332.88147444,-4688.18660849162,0
396318.891303088,-4723.94442919487,0
396304.794978825,-4759.65989088782,0
396290.592629856,-4795.33267433718,0
396276.284385338,-4830.96246071464,0
396261.870375385,-4866.5489315985,0
396247.35073106,-4902.09176897776,0
396232.725584376,-4937.59065525438,0
396217.995068295,-4973.04527324616,0
396203.159316729,-5008.45530619035,0
396188.218464534,-5043.82043774536,0
396173.17264751,-5079.14035199498,0
396158.022002401,-5114.41473345029,0
396142.766666892,-5149.64326705279,0
396127.406779611,-5184.82563817787,0
396111.942480121,-5219.96153263646,0
396096.373908924,-5255.05063667929,0
396080.701207459,-5290.09263699872,0
396064.924518096,-5325.08722073186,0
396049.043984142,-5360.03407546401,0
396033.059749831,-5394.93288923028,0
396016.97196033,-5429.78335051976,0
396000.780761733,-5464.58514827748,0
395984.48630106,-5499.33797190729,0
395968.088726257,-5534.04151127541,0
395951.588186193,-5568.695456712,0
395934.984830659,-5603.29949901522,0
395918.278810367,-5637.85332945331,0
395901.470276948,-5672.35663976721,0
395884.559382948,-5706.80912217433,0
395867.546281831,-5741.21046936994,0
395850.431127974,-5775.56037453113,0
395833.214076666,-5809.85853131915,0
395815.895284107,-5844.1046338816,0
395798.474907407,-5878.29837685645,0
395780.953104582,-5912.43945537341,0
395763.330034555,-5946.52756505755,0
395745.605857152,-5980.56240203206,0
395727.780733102,-6014.54366291997,0
395709.854824034,-6048.47104484838,0
395691.828292478,-6082.34424544994,0
395673.701301859,-6116.16296286588,0
395655.474016499,-6149.92689574941,0
395637.146601614,-6183.63574326704,0
395618.719223311,-6217.28920510262,0
395600.192048589,-6250.88698145937,0
395581.565245335,-6284.42877306215,0
395562.838982323,-6317.91428116132,0
395544.013429212,-6351.34320753406,0
395525.088756546,-6384.71525448778,0
395506.065135748,-6418.03012486301,0
395486.942739123,-6451.28752203486,0
395467.721739854,-6484.4871499171,0
395448.402311999,-6517.62871296389,0
395428.984630493,-6550.71191617222,0
395409.468871141,-6583.73646508562,0
395389.85521062,-6616.70206579535,0
395370.143826477,-6649.60842494394,0
395350.334897126,-6682.45524972785,0
395330.428601845,-6715.2422478989,0
395310.425120777,-6747.96912776842,0
395290.324634926,-6780.63559820875,0
395270.127326156,-6813.24136865575,0
395249.83337719,-6845.78614911241,0
395229.442971606,-6878.26965014994,0
395208.956293837,-6910.69158291129,0
395188.373529166,-6943.05165911379,0
395167.694863731,-6975.34959105048,0
395146.920484513,-7007.58509159412,0
395126.050579345,-7039.75787419888,0
395105.085336902,-7071.86765290243,0
395084.024946701,-7103.91414232979,0
395062.869599102,-7135.89705769434,0
395041.619485302,-7167.816114801,0
395020.274797336,-7199.67103004915,0
394998.835728074,-7231.46152043378,0
394977.302471219,-7263.18730354922,0
394955.675221305,-7294.84809759129,0
394933.954173695,-7326.44362135873,0
394912.139524579,-7357.9735942573,0
394890.231470973,-7389.43773630096,0
394868.230210716,-7420.83576811434,0
394846.135942467,-7452.16741093622,0
394823.948865704,-7483.4323866205,0
394801.669180725,-7514.63041763937,0
394779.29708864,-7545.76122708614,0
394756.832791373,-7576.82453867618,0
394734.27649166,-7607.82007675075,0
394711.628393044,-7638.74756627893,0
394688.888699878,-7669.60673285903,0
394666.057617317,-7700.39730272252,0
394643.13535132,-7731.11900273535,0
394620.122108648,-7761.77156039998,0
394597.018096858,-7792.35470385906,0
394573.823524306,-7822.86816189635,0
394550.538600141,-7853.31166393942,0
394527.163534306,-7883.68494006284,0
394503.698537533,-7913.98772098892,0
394480.143821343,-7944.21973809108,0
394456.499598044,-7974.38072339632,0
394432.766080725,-8004.47040958612,0
394408.94348326,-8034.48853000019,0
394385.032020302,-8064.43481863828,0
394361.031907281,-8094.30901016146,0
394336.943360403,-8124.11083989592,0
394312.766596648,-8153.84004383434,0
394288.501833766,-8183.49635863751,0
394264.149290276,-8213.07952163813,0
394239.709185466,-8242.5892708417,0
394215.181739386,-8272.02534492875,0
394190.567172851,-8301.38748325823,0
394165.865707435,-8330.67542586822,0
394141.077565471,-8359.8889134787,0
394116.202970046,-8389.0276874944,0
394091.242145005,-8418.0914900056,0
394066.19531494,-8447.08006379112,0
394041.062705196,-8475.99315232091,0
394015.844541863,-8504.83049975674,0
393990.541051776,-8533.59185095556,0
393965.152462516,-8562.27695147164,0
393939.6790024,-8590.88554755739,0
393914.120900487,-8619.41738616691,0
393888.47838657,-8647.87221495774,0
393862.751691177,-8676.24978229183,0
393836.941045567,-8704.54983723921,0
393811.046681728,-8732.77212957944,0
393785.068832376,-8760.91640980271,0
393759.007730952,-8788.98242911355,0
393732.863611619,-8816.96993943204,0
393706.63670926,-8844.87869339509,0
393680.327259477,-8872.7084443601,0
393653.935498587,-8900.45894640595,0
393627.461663621,-8928.12995433452,0
393600.905992321,-8955.72122367423,0
393574.268723137,-8983.23251068086,0
393547.550095228,-9010.66357233927,0
393520.750348455,-9038.01416636681,0
393493.869723381,-9065.28405121405,0
393466.908461271,-9092.47298606662,0
393439.866804085,-9119.58073084851,0
393412.744994478,-9146.60704622274,0
393385.543275801,-9173.55169359328,0
393358.261892091,-9200.41443510826,0
393330.901088075,-9227.19503366057,0
393303.461109167,-9253.89325288987,0
393275.942201463,-9280.50885718572,0
393248.344611738,-9307.04161168811,0
393220.668587451,-9333.49128228952,0
393192.914376732,-9359.85763563796,0
393165.082228388,-9386.14043913754,0
393137.172391896,-9412.33946095046,0
393109.185117403,-9438.45447000005,0
393081.120655724,-9464.48523597129,0
393052.979258336,-9490.4315293128,0
393024.761177379,-9516.29312123985,0
392996.466665655,-9542.06978373486,0
392968.095976619,-9567.76128954933,0
392939.649364385,-9593.36741220686,0
392911.127083717,-9618.88792600366,0
392882.52939003,-9644.32260601036,0
392853.856539388,-9669.67122807507,0
392825.108788497,-9694.93356882394,0
392796.286394709,-9720.10940566273,0
392767.389616016,-9745.19851678003,0
392738.418711046,-9770.20068114781,0
392709.373939066,-9795.11567852282,0
392680.255559974,-9819.94328944984,0
392651.063834298,-9844.68329526235,0
392621.799023196,-9869.33547808368,0
392592.461388453,-9893.89962083035,0
392563.051192474,-9918.37550721278,0
392533.568698288,-9942.7629217363,0
392504.014169542,-9967.06164970441,0
392474.387870499,-9991.27147721977,0
392444.690066034,-10015.3921911849,0
392414.921021637,-10039.4235793053,0
392385.081003403,-10063.3654300908,0
392355.170278035,-10087.2175328562,0
392325.18911284,-10110.9796777239,0
392295.137775726,-10134.6516556258,0
392265.0165352,-10158.2332583034,0
392234.825660366,-10181.7242783109,0
392204.565420921,-10205.1245090165,0
392174.236087154,-10228.4337446034,0
392143.837929943,-10251.6517800717,0
392113.371220752,-10274.7784112406,0
392082.836231629,-10297.8134347489,0
392052.233235206,-10320.7566480569,0
392021.562504689,-10343.6078494491,0
391990.824313866,-10366.366838034,0
391960.018937095,-10389.0334137462,0
391929.146649307,-10411.607377349,0
391898.207726002,-10434.0885304348,0
391867.202443248,-10456.4766754262,0
391836.131077673,-10478.7716155791,0
391804.99390647,-10500.9731549833,0
391773.791207391,-10523.0810985632,0
391742.523258742,-10545.0952520806,0
391711.190339384,-10567.0154221362,0
391679.79272873,-10588.8414161695,0
391648.330706741,-10610.5730424616,0
391616.804553925,-10632.2101101372,0
391585.214551333,-10653.7524291642,0
391553.560980559,-10675.1998103561,0
391521.844123732,-10696.5520653743,0
391490.064263521,-10717.8090067282,0
391458.221683127,-10738.9704477766,0
391426.316666282,-10760.0362027306,0
391394.349497246,-10781.0060866535,0
391362.320460806,-10801.8799154622,0
391330.229842273,-10822.6575059298,0
391298.077927476,-10843.3386756864,0
391265.865002766,-10863.9232432194,0
391233.591355006,-10884.4110278762,0
391201.257271575,-10904.8018498657,0
391168.863040362,-10925.0955302582,0
391136.408949762,-10945.2918909879,0
391103.895288679,-10965.3907548542,0
391071.322346516,-10985.3919455226,0
391038.69041318,-11005.2952875257,0
391005.999779072,-11025.1006062656,0
390973.250735092,-11044.8077280146,0
390940.443572629,-11064.4164799155,0
390907.578583566,-11083.9266899848,0
390874.656060268,-11103.3381871131,0
390841.67629559,-11122.6508010652,0
390808.639582867,-11141.8643624833,0
390775.546215913,-11160.9787028873,0
390742.396489019,-11179.9936546761,0
390709.190696954,-11198.9090511281,0
390675.929134953,-11217.7247264044,0
390642.612098725,-11236.4405155482,0
390609.239884444,-11255.0562544862,0
390575.812788747,-11273.5717800309,0
390542.331108734,-11291.986929881,0
390508.795141964,-11310.3015426224,0
390475.205186452,-11328.5154577296,0
390441.561540664,-11346.6285155676,0
390407.86450352,-11364.640557392,0
390374.11437439,-11382.5514253502,0
390340.311453084,-11400.3609624837,0
390306.45603986,-11418.0690127283,0
390272.548435416,-11435.6754209148,0
390238.588940887,-11453.1800327712,0
390204.577857842,-11470.5826949239,0
390170.515488286,-11487.8832548974,0
390136.40213465,-11505.0815611163,0
390102.238099797,-11522.1774629072,0
390068.023687011,-11539.1708104985,0
390033.7592,-11556.0614550215,0
389999.444942892,-11572.8492485127,0
389965.08122023,-11589.534043914,0
389930.668336974,-11606.1156950734,0
389896.206598493,-11622.5940567466,0
389861.696310567,-11638.9689845985,0
389827.13777938,-11655.2403352036,0
389792.531311525,-11671.4079660464,0
389757.877213989,-11687.4717355237,0
389723.175794163,-11703.4315029457,0
389688.427359831,-11719.2871285353,0
389653.632219172,-11735.0384734305,0
389618.790680754,-11750.6853996857,0
389583.903053534,-11766.2277702718,0
389548.969646854,-11781.6654490766,0
389513.990770438,-11796.9983009078,0
389478.966734391,-11812.2261914926,0
389443.897849194,-11827.3489874783,0
389408.784425705,-11842.3665564341,0
389373.626775152,-11857.278766852,0
389338.425209131,-11872.0854881475,0
389303.18003961,-11886.7865906599,0
389267.891578916,-11901.3819456544,0
389232.560139738,-11915.8714253227,0
389197.186035126,-11930.2549027832,0
389161.769578486,-11944.5322520822,0
389126.311083575,-11958.7033481956,0
389090.810864502,-11972.7680670292,0
389055.269235725,-11986.7262854185,0
389019.686512047,-12000.5778811316,0
388984.063008613,-12014.322732869,0
388948.399040908,-12027.9607202644,0
388912.694924757,-12041.4917238852,0
388876.950976317,-12054.9156252345,0
388841.167512076,-12068.2323067514,0
388805.344848856,-12081.441651811,0
388769.483303803,-12094.5435447262,0
388733.583194387,-12107.5378707485,0
388697.644838398,-12120.4245160687,0
388661.66855395,-12133.2033678168,0
388625.654659468,-12145.8743140639,0
388589.603473691,-12158.4372438234,0
388553.515315671,-12170.8920470501,0
388517.390504768,-12183.2386146418,0
388481.229360645,-12195.4768384409,0
388445.032203269,-12207.6066112343,0
388408.799352907,-12219.6278267538,0
388372.531130126,-12231.5403796774,0
388336.227855783,-12243.3441656304,0
388299.889851028,-12255.0390811858,0
388263.517437304,-12266.625023864,0
388227.110936337,-12278.1018921353,0
388190.670670139,-12289.4695854196,0
388154.196961001,-12300.7280040873,0
388117.690131496,-12311.8770494595,0
388081.150504471,-12322.9166238096,0
388044.578403044,-12333.8466303637,0
388007.974150607,-12344.6669733009,0
387971.33807082,-12355.3775577538,0
387934.670487605,-12365.97828981,0
387897.971725149,-12376.4690765127,0
387861.242107897,-12386.8498258603,0
387824.481960555,-12397.1204468075,0
387787.691608079,-12407.280849267,0
387750.871375678,-12417.330944109,0
387714.021588811,-12427.2706431618,0
387677.142573184,-12437.0998592127,0
387640.234654744,-12446.8185060089,0
387603.29815968,-12456.4264982583,0
387566.333414421,-12465.9237516286,0
387529.340745631,-12475.3101827493,0
387492.320480206,-12484.5857092123,0
387455.27294527,-12493.7502495721,0
387418.198468179,-12502.8037233458,0
387381.097376513,-12511.7460510143,0
387343.969998072,-12520.5771540232,0
387306.816660874,-12529.2969547832,0
387269.637693159,-12537.9053766693,0
387232.433423378,-12546.4023440231,0
387195.204180193,-12554.7877821527,0
387157.950292473,-12563.0616173333,0
387120.672089298,-12571.223776807,0
387083.369899947,-12579.274188784,0
387046.044053902,-12587.2127824436,0
387008.694880839,-12595.0394879338,0
386971.322710633,-12602.7542363719,0
386933.927873352,-12610.3569598451,0
386896.510699252,-12617.8475914113,0
386859.071518772,-12625.2260650996,0
386821.610662543,-12632.49231591,0
386784.128461374,-12639.6462798143,0
386746.625246252,-12646.687893757,0
386709.101348341,-12653.6170956553,0
386671.557098978,-12660.4338243995,0
386633.992829673,-12667.1380198532,0
386596.408872104,-12673.7296228542,0
386558.80555811,-12680.2085752154,0
386521.183219696,-12686.5748197241,0
386483.542189029,-12692.8283001425,0
386445.882798431,-12698.9689612088,0
386408.205380378,-12704.9967486376,0
386370.510267496,-12710.9116091198,0
386332.797792566,-12716.7134903229,0
386295.068288513,-12722.4023408917,0
386257.322088403,-12727.9781104487,0
386219.559525445,-12733.4407495947,0
386181.780932986,-12738.7902099081,0
386143.986644512,-12744.0264439463,0
386106.176993637,-12749.1494052458,0
386068.352314107,-12754.1590483225,0
386030.512939796,-12759.0553286716,0
385992.659204704,-12763.8382027685,0
385954.791442951,-12768.507628069,0
385916.909988775,-12773.0635630096,0
385879.015176536,-12777.5059670074,0
385841.107340703,-12781.8348004608,0
385803.18681586,-12786.0500247499,0
385765.253936694,-12790.1516022367,0
385727.309038005,-12794.1394962647,0
385689.352454691,-12798.0136711603,0
385651.384521753,-12801.7740922324,0
385613.405574286,-12805.4207257728,0
385575.415947486,-12808.9535390561,0
385537.415976638,-12812.3725003406,0
385499.405997114,-12815.6775788682,0
385461.386344376,-12818.8687448647,0
385423.357353971,-12821.9459695396,0
385385.319361526,-12824.9092250872,0
385347.272702745,-12827.7584846861,0
385309.217713411,-12830.4937224994,0
385271.15472938,-12833.1149136756,0
385233.084086576,-12835.6220343479,0
385195.006120992,-12838.0150616351,0
385156.921168689,-12840.2939736413,0
385118.829565786,-12842.4587494565,0
385080.731648465,-12844.5093691563,0
385042.627752962,-12846.4458138025,0
385004.518215571,-12848.2680654429,0
384966.403372635,-12849.9761071119,0
384928.283560546,-12851.56992283,0
384890.159115744,-12853.0494976047,0
384852.03037471,-12854.41481743,0
384813.897673966,-12855.6658692869,0
384775.761350074,-12856.8026411432,0
384737.62173963,-12857.8251219539,0
384699.479179261,-12858.7333016615,0
384661.334005628,-12859.5271711953,0
384623.186555414,-12860.2067224725,0
384585.037165331,-12860.7719483975,0
384546.88617211,-12861.2228428623,0
384508.7339125,-12861.5594007468,0
384470.58072327,-12861.7816179185,0
384432.4269412,-12861.8894912326,0
384394.27290308,-12861.8830185322,0
384356.11894571,-12861.7621986484,0
384317.965405894,-12861.5270314003,0
384279.812620441,-12861.1775175949,0
384241.660926156,-12860.7136590272,0
384203.510659845,-12860.1354584802,0
384165.362158307,-12859.4429197252,0
384127.215758331,-12858.6360475215,0
384089.071796699,-12857.7148476164,0
384050.930610176,-12856.6793267454,0
384012.792535511,-12855.529492632,0
383974.657909436,-12854.265353988,0
383936.527068659,-12852.886920513,0
383898.400349865,-12851.3942028948,0
383860.27808971,-12849.7872128091,0
383822.16062482,-12848.0659629199,0
383784.048291792,-12846.2304668787,0
383745.941427183,-12844.2807393252,0
383707.840367515,-12842.2167958867,0
383669.745449266,-12840.0386531786,0
383631.657008873,-12837.7463288037,0
383593.575382726,-12835.3398413525,0
383555.500907166,-12832.8192104031,0
383517.433918482,-12830.1844565211,0
383479.374752909,-12827.4356012596,0
383441.323746623,-12824.5726671584,0
383403.281235743,-12821.5956777453,0
383365.247556324,-12818.5046575345,0
383327.223044353,-12815.2996320274,0
383289.208035753,-12811.9806277122,0
383251.202866376,-12808.5476720639,0
383213.207871996,-12805.0007935438,0
383175.223388315,-12801.3400215995,0
383137.249750956,-12797.5653866655,0
383099.287295457,-12793.6769201618,0
383061.336357275,-12789.6746544944,0
383023.397271776,-12785.5586230552,0
382985.470374242,-12781.3288602218,0
382947.555999857,-12776.9854013571,0
382909.654483711,-12772.5282828089,0
382871.766160797,-12767.9575419106,0
382833.891366008,-12763.2732169802,0
382796.03043413,-12758.47534732,0
382758.183699846,-12753.5639732171,0
382720.351497729,-12748.5391359427,0
382682.534162242,-12743.400877752,0
382644.732027729,-12738.1492418837,0
382606.945428421,-12732.78427256,0
382569.174698429,-12727.3060149868,0
382531.42017174,-12721.7145153526,0
382493.682182214,-12716.0098208285,0
382455.961063587,-12710.1919795682,0
382418.257149463,-12704.2610407081,0
382380.570773311,-12698.2170543658,0
382342.902268464,-12692.0600716406,0
382305.251968116,-12685.7901446134,0
382267.620205322,-12679.4073263465,0
382230.007312991,-12672.9116708822,0
382192.413623882,-12666.3032332435,0
382154.839470608,-12659.5820694335,0
382117.28518563,-12652.7482364355,0
382079.75110125,-12645.8017922118,0
382042.237549613,-12638.7427957036,0
382004.744862705,-12631.5713068313,0
381967.27337235,-12624.2873864939,0
381929.823410201,-12616.8910965683,0
381892.395307746,-12609.3824999086,0
381854.989396298,-12601.7616603466,0
381817.606007,-12594.0286426916,0
381780.245470815,-12586.1835127289,0
381742.908118527,-12578.2263372197,0
381705.594280735,-12570.1571839015,0
381668.304287858,-12561.9761214873,0
381631.038470124,-12553.6832196649,0
381593.797157569,-12545.2785490964,0
381556.580680036,-12536.7621814181,0
381519.389367174,-12528.1341892406,0
381482.223548434,-12519.3946461474,0
381445.08355306,-12510.5436266944,0
381407.969710096,-12501.5812064103,0
381370.882348378,-12492.5074617962,0
381333.821796534,-12483.322470324,0
381296.788382975,-12474.0263104366,0
381259.7824359,-12464.6190615475,0
381222.804283291,-12455.1008040408,0
381185.854252908,-12445.4716192697,0
381148.932672285,-12435.731589556,0
381112.039868733,-12425.8807981907,0
381075.176169336,-12415.919329433,0
381038.341900942,-12405.8472685091,0
381001.537390167,-12395.6647016121,0
380964.762963388,-12385.371715902,0
380928.018946747,-12374.9683995049,0
380891.30566614,-12364.4548415118,0
380854.623447215,-12353.8311319785,0
380817.972615379,-12343.0973619253,0
380781.353495784,-12332.2536233367,0
380744.766413329,-12321.3000091595,0
380708.211692656,-12310.2366133032,0
380671.689658152,-12299.0635306398,0
380635.200633939,-12287.7808570026,0
380598.744943877,-12276.3886891851,0
380562.322911555,-12264.8871249411,0
380525.934860299,-12253.2762629848,0
380489.581113157,-12241.5562029887,0
380453.261992903,-12229.7270455834,0
380416.977822036,-12217.7888923573,0
380380.728922771,-12205.7418458567,0
380344.515617042,-12193.5860095832,0
380308.338226495,-12181.3214879943,0
380272.197072489,-12168.9483865031,0
380236.092476093,-12156.466811477,0
380200.024758077,-12143.8768702368,0
380163.994238918,-12131.1786710561,0
380128.001238794,-12118.3723231619,0
380092.046077578,-12105.4579367321,0
380056.129074839,-12092.4356228954,0
380020.250549838,-12079.3054937309,0
379984.410821528,-12066.0676622678,0
379948.610208547,-12052.7222424835,0
379912.849029214,-12039.2693493032,0
379877.127601536,-12025.7090986,0
379841.446243193,-12012.0416071938,0
379805.805271545,-11998.2669928495,0
379770.205003622,-11984.3853742771,0
379734.645756126,-11970.3968711317,0
379699.127845429,-11956.3016040115,0
379663.651587564,-11942.099694457,0
379628.21729823,-11927.7912649508,0
379592.825292783,-11913.3764389174,0
379557.475886239,-11898.8553407207,0
379522.169393265,-11884.2280956641,0
379486.906128182,-11869.4948299904,0
379451.686404959,-11854.6556708799,0
379416.510537212,-11839.7107464496,0
379381.378838198,-11824.6601857528,0
379346.29162082,-11809.5041187789,0
379311.249197613,-11794.2426764508,0
379276.25188075,-11778.8759906249,0
379241.299982038,-11763.4041940914,0
379206.393812912,-11747.8274205716,0
379171.533684436,-11732.1458047177,0
379136.719907296,-11716.3594821119,0
379101.952791803,-11700.4685892664,0
379067.232647885,-11684.4732636208,0
379032.559785087,-11668.3736435418,0
378997.934512567,-11652.1698683234,0
378963.357139097,-11635.8620781849,0
378928.827973053,-11619.4504142693,0
378894.34732242,-11602.9350186438,0
378859.915494785,-11586.3160342987,0
378825.532797336,-11569.5936051451,0
378791.199536856,-11552.7678760147,0
378756.916019727,-11535.8389926598,0
378722.682551919,-11518.8071017511,0
378688.499438995,-11501.6723508764,0
378654.366986101,-11484.4348885407,0
378620.285497973,-11467.0948641652,0
378586.255278922,-11449.6524280849,0
378552.276632842,-11432.1077315486,0
378518.349863201,-11414.4609267186,0
378484.475273043,-11396.712166668,0
378450.653164979,-11378.8616053802,0
378416.883841191,-11360.9093977489,0
378383.167603425,-11342.8556995761,0
378349.50475299,-11324.7006675703,0
378315.895590755,-11306.444459347,0
378282.340417147,-11288.0872334271,0
378248.839532147,-11269.6291492351,0
378215.393235287,-11251.0703670981,0
378182.00182565,-11232.4110482461,0
378148.665601865,-11213.6513548095,0
378115.384862104,-11194.7914498175,0
378082.159904082,-11175.8314971988,0
378048.991025052,-11156.7716617792,0
378015.878521803,-11137.6121092804,0
377982.822690656,-11118.3530063189,0
377949.823827464,-11098.9945204062,0
377916.882227608,-11079.5368199454,0
377883.998185994,-11059.9800742311,0
377851.17199705,-11040.324453449,0
377818.403954726,-11020.5701286735,0
377785.694352486,-11000.7172718663,0
377753.043483312,-10980.7660558768,0
377720.451639696,-10960.7166544395,0
377687.91911364,-10940.5692421727,0
377655.446196653,-10920.3239945779,0
377623.033179748,-10899.9810880391,0
377590.680353439,-10879.5406998197,0
377558.388007738,-10859.0030080625,0
377526.156432155,-10838.368191789,0
377493.985915693,-10817.6364308968,0
377461.876746844,-10796.8079061585,0
377429.829213592,-10775.8827992217,0
377397.843603402,-10754.8612926062,0
377365.920203225,-10733.743569703,0
377334.059299492,-10712.5298147737,0
377302.261178111,-10691.220212949,0
377270.526124465,-10669.814950226,0
377238.854423409,-10648.3142134687,0
377207.24635927,-10626.7181904061,0
377175.702215839,-10605.0270696298,0
377144.222276374,-10583.2410405936,0
377112.806823595,-10561.3602936127,0
377081.456139679,-10539.3850198608,0
377050.170506261,-10517.3154113692,0
377018.950204432,-10495.1516610267,0
376987.795514731,-10472.8939625764,0
376956.706717148,-10450.5425106147,0
376925.68409112,-10428.097500591,0
376894.727915526,-10405.5591288052,0
376863.838468685,-10382.9275924058,0
376833.016028358,-10360.20308939,0
376802.260871739,-10337.3858186013,0
376771.573275456,-10314.4759797272,0
376740.953515569,-10291.4737732996,0
376710.401867564,-10268.3794006921,0
376679.918606353,-10245.1930641183,0
376649.504006273,-10221.9149666308,0
376619.158341078,-10198.5453121205,0
376588.881883943,-10175.0843053129,0
376558.674907455,-10151.5321517683,0
376528.537683617,-10127.8890578803,0
376498.470483839,-10104.1552308733,0
376468.47357894,-10080.3308788009,0
376438.547239145,-10056.416210546,0
376408.691734078,-10032.4114358172,0
376378.907332765,-10008.3167651478,0
376349.19430363,-9984.13240989554,0
376319.55291449,-9959.85858223911,0
376289.983432555,-9935.49549517712,0
376260.486124424,-9911.04336252762,0
376231.061256084,-9886.50239892503,0
376201.709092905,-9861.87281981862,0
376172.42989964,-9837.15484147217,0
376143.223940421,-9812.34868096103,0
376114.091478757,-9787.45455617035,0
376085.032777531,-9762.47268579474,0
376056.048098999,-9737.40328933552,0
376027.137704784,-9712.24658709865,0
375998.301855877,-9687.00280019449,0
375969.540812635,-9661.67215053508,0
375940.854834774,-9636.25486083196,0
375912.24418137,-9610.75115459583,0
375883.709110857,-9585.16125613406,0
375855.24988102,-9559.48539054821,0
375826.866749,-9533.72378373378,0
375798.559971284,-9507.87666237773,0
375770.329803706,-9481.94425395593,0
375742.176501446,-9455.92678673283,0
375714.100319025,-9429.82448975909,0
375686.101510301,-9403.63759286887,0
375658.180328472,-9377.36632667954,0
375630.337026069,-9351.01092258927,0
375602.571854954,-9324.5716127743,0
375574.885066319,-9298.04863018862,0
375547.276910683,-9271.44220856152,0
375519.747637889,-9244.75258239485,0
375492.297497102,-9217.97998696268,0
375464.926736808,-9191.12465830879,0
375437.635604807,-9164.18683324394,0
375410.424348216,-9137.16674934551,0
375383.293213465,-9110.06464495489,0
375356.24244629,-9082.88075917482,0
375329.272291737,-9055.61533186897,0
375302.382994157,-9028.26860365922,0
375275.574797201,-9000.84081592312,0
375248.847943824,-8973.33221079335,0
375222.202676276,-8945.743031155,0
375195.639236101,-8918.07352064294,0
375169.157864139,-8890.32392364144,0
375142.758800517,-8862.49448528112,0
375116.442284653,-8834.5854514366,0
375090.208555248,-8806.59706872595,0
375064.057850288,-8778.52958450754,0
375037.990407039,-8750.3832468778,0
375012.006462046,-8722.15830467067,0
374986.106251128,-8693.85500745416,0
374960.290009381,-8665.47360552843,0
374934.557971169,-8637.01434992503,0
374908.910370128,-8608.47749240333,0
374883.347439158,-8579.86328544883,0
374857.869410424,-8551.17198227226,0
374832.476515353,-8522.40383680579,0
374807.168984633,-8493.5591037017,0
374781.947048206,-8464.63803833113,0
374756.810935271,-8435.64089678033,0
374731.76087428,-8406.56793584948,0
374706.797092933,-8377.4194130512,0
374681.91981818,-8348.19558660677,0
374657.129276216,-8318.89671544529,0
374632.425692479,-8289.52305920158,0
374607.809291647,-8260.07487821276,0
374583.280297638,-8230.55243351747,0
374558.838933607,-8200.95598685335,0
374534.48542194,-8171.28580065387,0
374510.219984259,-8141.54213804767,0
374486.042841412,-8111.7252628555,0
374461.954213475,-8081.83543958749,0
374437.954319751,-8051.87293344248,0
374414.043378764,-8021.83801030439,0
374390.221608258,-7991.73093674015,0
374366.489225196,-7961.55197999866,0
374342.846445757,-7931.30140800693,0
374319.293485334,-7900.97948936851,0
374295.830558531,-7870.58649336202,0
374272.457879161,-7840.12268993723,0
374249.175660245,-7809.58834971393,0
374225.984114008,-7778.98374397985,0
374202.883451877,-7748.30914468698,0
374179.873884482,-7717.56482445071,0
374156.955621649,-7686.75105654703,0
374134.128872399,-7655.8681149094,0
374111.393844951,-7624.91627412789,0
374088.750746712,-7593.89580944573,0
374066.19978428,-7562.80699675685,0
374043.741163439,-7531.65011260481,0
374021.37508916,-7500.42543417884,0
373999.101765596,-7469.13323931215,0
373976.921396082,-7437.77380648027,0
373954.834183129,-7406.34741479704,0
373932.840328428,-7374.85434401353,0
373910.940032842,-7343.29487451545,0
373889.133496408,-7311.66928731968,0
373867.420918333,-7279.97786407338,0
373845.80249699,-7248.22088705054,0
373824.278429921,-7216.39863914928,0
373802.848913831,-7184.51140389075,0
373781.514144586,-7152.55946541514,0
373760.274317212,-7120.54310847982,0
373739.129625894,-7088.46261845754,0
373718.080263971,-7056.31828133246,0
373697.126423936,-7024.1103836989,0
373676.268297435,-6991.83921275861,0
373655.506075261,-6959.50505631731,0
373634.839947357,-6927.10820278369,0
373614.270102809,-6894.64894116568,0
373593.796729848,-6862.127561068,0
373573.420015846,-6829.54435269071,0
373553.140147315,-6796.89960682507,0
373532.957309903,-6764.19361485199,0
373512.871688393,-6731.42666873961,0
373492.883466705,-6698.59906103951,0
373472.992827885,-6665.71108488565,0
373453.199954114,-6632.76303399078,0
373433.505026695,-6599.7552026437,0
373413.908226061,-6566.68788570783,0
373394.409731767,-6533.56137861703,0
373375.009722489,-6500.37597737395,0
373355.708376022,-6467.13197854755,0
373336.505869281,-6433.82967926926,0
373317.402378296,-6400.46937723185,0
373298.39807821,-6367.05137068572,0
373279.493143279,-6333.57595843621,0
373260.687746868,-6300.04343984201,0
373241.982061452,-6266.45411481091,0
373223.376258611,-6232.80828379823,0
373204.87050903,-6199.10624780401,0
373186.464982496,-6165.34830836938,0
373168.159847898,-6131.53476757526,0
373149.955273223,-6097.66592803845,0
373131.851425555,-6063.74209290915,0
373113.848471073,-6029.76356586909,0
373095.946575052,-5995.73065112722,0
373078.145901854,-5961.64365341836,0
373060.446614936,-5927.50287799983,0
373042.848876839,-5893.30863064822,0
373025.352849191,-5859.0612176579,0
373007.958692707,-5824.76094583671,0
372990.666567182,-5790.40812250414,0
372973.476631492,-5756.00305548854,0
372956.389043594,-5721.54605312335,0
372939.403960521,-5687.03742424571,0
372922.521538382,-5652.47747819235,0
372905.74193236,-5617.86652479731,0
372889.06529671,-5583.2048743895,0
372872.491784757,-5548.49283778872,0
372856.021548898,-5513.73072630409,0
372839.654740592,-5478.91885173031,0
372823.391510368,-5444.05752634483,0
372807.232007817,-5409.14706290583,0
372791.176381591,-5374.18777464792,0
372775.224779403,-5339.1799752806,0
372759.377348028,-5304.1239789846,0
372743.634233293,-5269.02010040883,0
372727.995580084,-5233.86865466842,0
372712.461532339,-5198.66995734046,0
372697.032233052,-5163.42432446222,0
372681.707824262,-5128.13207252767,0
372666.488447062,-5092.79351848426,0
372651.37424159,-5057.40897973098,0
372636.365347031,-5021.97877411403,0
372621.461901615,-4986.50321992506,0
372606.664042612,-4950.98263589759,0
372591.971906336,-4915.4173412038,0
372577.385628141,-4879.80765545255,0
372562.905342418,-4844.15389868498,0
372548.531182594,-4808.45639137282,0
372534.263281134,-4772.71545441456,0
372520.101769534,-4736.93140913252,0
372506.046778324,-4701.10457727052,0
372492.098437063,-4665.23528098966,0
372478.256874342,-4629.32384286656,0
372464.522217777,-4593.37058588934,0
372450.894594013,-4557.37583345495,0
372437.374128717,-4521.33990936651,0
372423.960946584,-4485.26313782922,0
372410.655171326,-4449.1458434486,0
372397.456925679,-4412.98835122623,0
372384.366331398,-4376.79098655743,0
372371.383509256,-4340.55407522805,0
372358.508579041,-4304.27794341082,0
372345.741659558,-4267.96291766334,0
372333.082868625,-4231.60932492371,0
372320.532323073,-4195.21749250851,0
372308.090138744,-4158.78774810901,0
372295.75643049,-4122.32041978817,0
372283.531312171,-4085.81583597801,0
372271.414896656,-4049.27432547547,0
372259.407295817,-4012.69621744051,0
372247.508620533,-3976.08184139181,0
372235.718980687,-3939.43152720446,0
372224.038485162,-3902.74560510643,0
372212.467241843,-3866.02440567523,0
372201.005357614,-3829.26825983545,0
372189.65293836,-3792.47749885454,0
372178.410088959,-3755.65245434076,0
372167.27691329,-3718.79345823901,0
372156.253514222,-3681.90084282831,0
372145.339993621,-3644.97494071839,0
372134.536452345,-3608.01608484619,0
372123.842990241,-3571.02460847342,0
372113.259706149,-3534.0008451823,0
372102.786697897,-3496.94512887345,0
372092.424062301,-3459.85779376169,0
372082.171895164,-3422.73917437354,0
372072.030291273,-3385.58960554362,0
372061.999344402,-3348.40942241137,0
372052.079147307,-3311.19896041824,0
372042.269791728,-3273.95855530371,0
372032.571368384,-3236.688543103,0
372022.983966977,-3199.38926014273,0
372013.507676185,-3162.0610430387,0
372004.142583668,-3124.70422869178,0
371994.888776061,-3087.31915428523,0
371985.746338975,-3049.90615728113,0
371976.715356998,-3012.46557541704,0
371967.795913691,-2974.99774670313,0
371958.988091587,-2937.50300941824,0
371950.291972195,-2899.98170210738,0
371941.707635992,-2862.43416357754,0
371933.235162428,-2824.86073289531,0
371924.874629919,-2787.26174938275,0
371916.626115854,-2749.63755261472,0
371908.489696587,-2711.98848241512,0
371900.465447439,-2674.31487885385,0
371892.553442697,-2636.61708224339,0
371884.753755615,-2598.89543313535,0
371877.066458408,-2561.15027231751,0
371869.491622257,-2523.38194080989,0
371862.029317305,-2485.59077986219,0
371854.679612655,-2447.77713094955,0
371847.442576374,-2409.94133577014,0
371840.318275486,-2372.08373624092,0
371833.306775977,-2334.2046744951,0
371826.40814279,-2296.30449287804,0
371819.622439825,-2258.38353394458,0
371812.949729942,-2220.44214045503,0
371806.390074956,-2182.48065537242,0
371799.943535635,-2144.49942185856,0
371793.610171706,-2106.49878327114,0
371787.390041847,-2068.47908316,0
371781.283203693,-2030.440665264,0
371775.289713827,-1992.38387350747,0
371769.409627789,-1954.30905199691,0
371763.643000068,-1916.2165450176,0
371757.989884104,-1878.10669703014,0
371752.450332287,-1839.97985266716,0
371747.024395958,-1801.83635672979,0
371741.712125406,-1763.6765541844,0
371736.513569869,-1725.50079015909,0
371731.428777532,-1687.30940994035,0
371726.457795528,-1649.10275896958,0
371721.600669937,-1610.88118283975,0
371716.857445785,-1572.64502729197,0
371712.228167043,-1534.39463821202,0
371707.712876628,-1496.13036162699,0
371703.3116164,-1457.85254370185,0
371699.024427167,-1419.56153073602,0
371694.851348676,-1381.25766915987,0
371690.79241962,-1342.94130553147,0
371686.847677635,-1304.61278653294,0
371683.017159298,-1266.27245896723,0
371679.300900127,-1227.92066975445,0
371675.698934585,-1189.55776592873,0
371672.211296072,-1151.18409463443,0
371668.838016932,-1112.80000312309,0
371665.579128447,-1074.40583874956,0
371662.43466084,-1036.00194896898,0
371659.404643272,-997.58868133299,0
371656.489103847,-959.166383486498,0
371653.688069603,-920.735403164151,0
371651.001566521,-882.296088186823,0
371648.429619516,-843.848786458365,0
371645.972252445,-805.393845961852,0
371643.6294881,-766.931614756445,0
371641.401348211,-728.46244097366,0
371639.287853447,-689.986672814115,0
371637.28902341,-651.504658543978,0
371635.404876642,-613.016746491455,0
371633.635430621,-574.523285043485,0
371631.98070176,-536.024622642119,0
371630.440705409,-497.521107781147,0
371629.015455853,-459.013089002636,0
371627.704966314,-420.500914893373,0
371626.509248949,-381.984934081548,0
371625.428314851,-343.465495233173,0
371624.462174046,-304.942947048626,0
371623.610835497,-266.41763825924,0
371622.874307102,-227.889917623815,0
371622.252595695,-189.360133925099,0
371621.745707042,-150.828635966382,0
371621.353645845,-112.295772568002,0
371621.076415743,-73.7618925638883,0
371620.914019307,-35.2273447980597,0
371620.866458044,3.30752187881192,0
371620.933732394,41.8423586128892,0
371621.115841734,80.3768165506137,0
371621.412784374,118.910546842214,0
371621.82455756,157.443200645149,0
371622.351157471,195.974429127595,0
371622.992579223,234.503883471881,0
371623.748816864,273.031214877999,0
371624.619863379,311.556074567048,0
371625.605710687,350.078113784731,0
371626.706349644,388.596983804771,0
371627.921770038,427.112335932417,0
371629.251960595,465.623821507918,0
371630.696908975,504.131091909985,0
371632.256601774,542.633798559193,0
371633.931024523,581.131592921554,0
371635.720161691,619.624126511925,0
371637.62399668,658.11105089743,0
371639.642511832,696.592017701014,0
371641.775688421,735.066678604838,0
371644.023506662,773.534685353732,0
371646.385945705,811.995689758763,0
371648.862983637,850.449343700495,0
371651.454597482,888.895299132662,0
371654.160763204,927.33320808549,0
371656.981455703,965.762722669154,0
371659.916648817,1004.18349507734,0
371662.966315324,1042.59517759052,0
371666.130426941,1080.99742257963,0
371669.408954323,1119.38988250926,0
371672.801867065,1157.77220994132,0
371676.309133702,1196.14405753838,0
371679.930721711,1234.50507806711,0
371683.666597508,1272.8549244018,0
371687.516726449,1311.19324952764,0
371691.481072835,1349.51970654443,0
371695.559599905,1387.83394866966,0
371699.752269844,1426.13562924232,0
371704.059043777,1464.42440172596,0
371708.479881774,1502.69991971251,0
371713.014742848,1540.96183692531,0
371717.663584957,1579.20980722289,0
371722.426365002,1617.44348460212,0
371727.303038832,1655.66252320184,0
371732.293561239,1693.86657730613,0
371737.397885964,1732.05530134778,0
371742.615965692,1770.22834991174,0
371747.947752056,1808.38537773846,0
371753.39319564,1846.52603972741,0
371758.952245974,1884.64999094028,0
371764.624851535,1922.75688660467,0
371770.410959755,1960.84638211721,0
371776.310517012,1998.91813304718,0
371782.323468637,2036.97179513972,0
371788.449758913,2075.0070243194,0
371794.689331072,2113.02347669343,0
371801.042127304,2151.02080855523,0
371807.508088749,2188.99867638764,0
371814.087155503,2226.9567368664,0
371820.779266616,2264.89464686354,0
371827.584360093,2302.81206345065,0
371834.502372898,2340.70864390239,0
371841.533240951,2378.58404569969,0
371848.676899129,2416.43792653334,0
371855.933281269,2454.26994430702,0
371863.302320167,2492.0797571411,0
371870.783947578,2529.86702337544,0
371878.378094221,2567.63140157339,0
371886.084689775,2605.37255052441,0
371893.903662881,2643.09012924815,0
371901.834941145,2680.78379699706,0
371909.878451136,2718.45321326046,0
371918.034118391,2756.09803776712,0
371926.301867409,2793.71793048932,0
371934.681621659,2831.31255164548,0
371943.173303578,2868.88156170408,0
371951.776834569,2906.42462138653,0
371960.492135008,2943.94139167068,0
371969.319124239,2981.43153379421,0
371978.257720579,3018.89470925758,0
371987.307841317,3056.3305798279,0
371996.469402716,3093.73880754145,0
372005.742320014,3131.11905470787,0
372015.126507421,3168.47098391251,0
372024.621878128,3205.79425802061,0
372034.228344301,3243.08854017974,0
372043.945817084,3280.35349382374,0
372053.774206602,3317.58878267559,0
372063.713421959,3354.79407075074,0
372073.763371242,3391.96902236061,0
372083.923961519,3429.11330211528,0
372094.195098844,3466.22657492758,0
372104.576688253,3503.30850601531,0
372115.068633771,3540.3587609055,0
372125.670838407,3577.37700543676,0
372136.383204159,3614.36290576315,0
372147.205632016,3651.31612835706,0
372158.138021955,3688.23634001238,0
372169.180272946,3725.12320784817,0
372180.332282952,3761.97639931105,0
372191.593948927,3798.79558217943,0
372202.965166824,3835.58042456561,0
372214.44583159,3872.33059491995,0
372226.03583717,3909.04576203339,0
372237.735076506,3945.7255950408,0
372249.543441544,3982.3697634245,0
372261.460823227,4018.97793701666,0
372273.487111502,4055.5497860035,0
372285.62219532,4092.08498092726,0
372297.865962637,4128.58319269049,0
372310.218300413,4165.04409255837,0
372322.67909462,4201.46735216213,0
372335.248230233,4237.85264350251,0
372347.925591242,4274.19963895202,0
372360.711060647,4310.50801125924,0
372373.604520459,4346.77743355075,0
372386.605851705,4383.00757933515,0
372399.714934427,4419.19812250572,0
372412.931647684,4455.34873734337,0
372426.255869553,4491.45909852045,0
372439.687477129,4527.52888110269,0
372453.226346532,4563.55776055357,0
372466.8723529,4599.54541273629,0
372480.625370398,4635.49151391743,0
372494.485272214,4671.39574077012,0
372508.451930565,4707.25777037627,0
372522.525216693,4743.07728023088,0
372536.705000873,4778.8539482438,0
372550.991152409,4814.58745274366,0
372565.383539637,4850.27747248065,0
372579.882029929,4885.92368662905,0
372594.486489692,4921.52577479131,0
372609.196784367,4957.08341699975,0
372624.012778438,4992.59629372069,0
372638.934335427,5028.06408585687,0
372653.961317897,5063.48647475027,0
372669.093587455,5098.86314218589,0
372684.331004751,5134.19377039356,0
372699.673429485,5169.47804205207,0
372715.120720402,5204.71564029138,0
372730.672735295,5239.90624869559,0
372746.329331012,5275.04955130664,0
372762.09036345,5310.14523262595,0
372777.955687563,5345.19297761875,0
372793.925157359,5380.19247171602,0
372809.998625903,5415.14340081761,0
372826.175945322,5450.04545129579,0
372842.4569668,5484.8983099969,0
372858.841540586,5519.70166424561,0
372875.329515991,5554.45520184694,0
372891.920741396,5589.15861108914,0
372908.615064244,5623.81158074739,0
372925.41233105,5658.41380008534,0
372942.312387399,5692.96495885927,0
372959.31507795,5727.46474732028,0
372976.420246435,5761.91285621681,0
372993.627735662,5796.3089767986,0
373010.937387516,5830.65280081812,0
373028.349042963,5864.9440205345,0
373045.86254205,5899.182328716,0
373063.477723907,5933.3674186422,0
373081.194426746,5967.49898410809,0
373099.012487871,6001.57671942553,0
373116.931743668,6035.60031942677,0
373134.952029619,6069.56947946746,0
373153.073180294,6103.48389542827,0
373171.295029358,6137.34326371917,0
373189.617409571,6171.14728128104,0
373208.040152793,6204.89564558866,0
373226.563089979,6238.58805465419,0
373245.186051188,6272.22420702851,0
373263.908865582,6305.80380180527,0
373282.731361427,6339.3265386231,0
373301.653366095,6372.79211766767,0
373320.674706067,6406.20023967585,0
373339.795206936,6439.55060593686,0
373359.014693406,6472.84291829581,0
373378.332989294,6506.07687915665,0
373397.749917536,6539.25219148357,0
373417.265300184,6572.36855880515,0
373436.878958411,6605.4256852162,0
373456.590712511,6638.42327538008,0
373476.400381904,6671.36103453257,0
373496.307785132,6704.238668483,0
373516.312739869,6737.05588361785,0
373536.415062916,6769.81238690346,0
373556.614570207,6802.50788588745,0
373576.911076809,6835.14208870286,0
373597.304396926,6867.71470406979,0
373617.794343898,6900.22544129778,0
373638.380730206,6932.67401028955,0
373659.063367471,6965.06012154208,0
373679.842066461,6997.38348615011,0
373700.716637086,7029.64381580888,0
373721.686888407,7061.84082281538,0
373742.752628632,7093.97422007243,0
373763.913665123,7126.04372109041,0
373785.169804395,7158.04903998928,0
373806.52085212,7189.98989150252,0
373827.966613126,7221.86599097813,0
373849.506891403,7253.67705438178,0
373871.141490103,7285.42279829982,0
373892.870211541,7317.10293994038,0
373914.6928572,7348.71719713708,0
373936.609227731,7380.26528835128,0
373958.619122955,7411.74693267346,0
373980.722341866,7443.16184982726,0
374002.918682634,7474.50976017086,0
374025.207942604,7505.7903846992,0
374047.589918302,7537.00344504766,0
374070.064405434,7568.14866349295,0
374092.631198889,7599.22576295627,0
374115.290092744,7630.23446700617,0
374138.040880261,7661.17449985954,0
374160.883353893,7692.04558638525,0
374183.817305285,7722.84745210631,0
374206.842525276,7753.57982320114,0
374229.958803902,7784.24242650749,0
374253.165930397,7814.83498952387,0
374276.463693197,7845.35724041141,0
374299.851879938,7875.80890799764,0
374323.330277466,7906.18972177742,0
374346.898671829,7936.49941191551,0
374370.55684829,7966.73770924987,0
374394.304591319,7996.90434529239,0
374418.141684603,8026.9990522321,0
374442.067911046,8057.0215629378,0
374466.083052768,8086.97161095889,0
374490.186891111,8116.84893052902,0
374514.379206641,8146.65325656804,0
374538.659779148,8176.38432468313,0
374563.028387651,8206.04187117261,0
374587.484810397,8235.62563302739,0
374612.028824868,8265.13534793244,0
374636.660207778,8294.57075427061,0
374661.378735078,8323.9315911236,0
374686.184181959,8353.21759827398,0
374711.076322853,8382.4285162087,0
374736.054931435,8411.5640861198,0
374761.119780628,8440.62404990696,0
374786.2706426,8469.60815018057,0
374811.507288773,8498.51613026241,0
374836.82948982,8527.34773418847,0
374862.237015668,8556.10270671174,0
374887.729635505,8584.78079330277,0
374913.307117776,8613.38174015293,0
374938.969230191,8641.90529417666,0
374964.71573972,8670.3512030122,0
374990.546412605,8698.71921502501,0
375016.461014356,8727.00907930968,0
375042.459309752,8755.22054569072,0
375068.541062848,8783.3533647262,0
375094.706036977,8811.40728770929,0
375120.953994749,8839.38206666921,0
375147.284698054,8867.27745437486,0
375173.697908069,8895.09320433619,0
375200.193385253,8922.82907080524,0
375226.770889357,8950.48480877984,0
375253.43017942,8978.06017400463,0
375280.171013776,9005.5549229724,0
375306.993150054,9032.96881292765,0
375333.896345181,9060.3016018675,0
375360.880355383,9087.5530485431,0
375387.944936192,9114.7229124632,0
375415.089842442,9141.81095389486,0
375442.314828277,9168.81693386504,0
375469.619647151,9195.74061416402,0
375497.004051828,9222.58175734608,0
375524.46779439,9249.34012673113,0
375552.010626235,9276.01548640809,0
375579.632298082,9302.60760123545,0
375607.33255997,9329.11623684302,0
375635.111161266,9355.54115963517,0
375662.967850662,9381.88213679141,0
375690.90237618,9408.13893626813,0
375718.914485176,9434.31132680175,0
375747.003924338,9460.39907790935,0
375775.170439694,9486.40195989031,0
375803.413776609,9512.3197438295,0
375831.733679792,9538.15220159787,0
375860.129893295,9563.89910585401,0
375888.60216052,9589.56023004737,0
375917.150224215,9615.13534841879,0
375945.773826483,9640.62423600208,0
375974.472708779,9666.02666862714,0
376003.246611919,9691.34242292058,0
376032.095276074,9716.5712763071,0
376061.01844078,9741.71300701274,0
376090.015844937,9766.76739406546,0
376119.087226813,9791.73421729638,0
376148.232324044,9816.61325734306,0
376177.450873639,9841.40429565016,0
376206.742611983,9866.10711447051,0
376236.107274837,9890.72149686836,0
376265.544597341,9915.24722672021,0
376295.054314019,9939.6840887156,0
376324.636158779,9964.03186836044,0
376354.289864918,9988.29035197792,0
376384.01516512,10012.4593267091,0
376413.811791464,10036.5385805163,0
376443.679475424,10060.527902184,0
376473.61794787,10084.4270813194,0
376503.626939073,10108.2359083557,0
376533.706178709,10131.9541745529,0
376563.855395855,10155.581671999,0
376594.074319,10179.1181936119,0
376624.362676041,10202.5635331418,0
376654.720194288,10225.9174851711,0
376685.146600469,10249.179845117,0
376715.641620727,10272.3504092333,0
376746.204980629,10295.4289746109,0
376776.836405162,10318.4153391799,0
376807.535618742,10341.3093017117,0
376838.302345212,10364.1106618193,0
376869.136307846,10386.8192199592,0
376900.037229353,10409.4347774336,0
376931.004831876,10431.9571363913,0
376962.038836998,10454.3860998284,0
376993.138965745,10476.7214715915,0
377024.304938586,10498.9630563779,0
377055.536475436,10521.1106597367,0
377086.83329566,10543.1640880716,0
377118.195118075,10565.1231486417,0
377149.621660952,10586.9876495618,0
377181.11264202,10608.7573998056,0
377212.667778467,10630.4322092065,0
377244.286786944,10652.0118884579,0
377275.969383567,10673.496249116,0
377307.715283919,10694.8851036007,0
377339.524203053,10716.1782651969,0
377371.395855496,10737.3755480552,0
377403.32995525,10758.4767671947,0
377435.326215795,10779.4817385035,0
377467.384350092,10800.3902787392,0
377499.504070585,10821.2022055318,0
377531.685089205,10841.9173373846,0
377563.92711737,10862.5354936742,0
377596.229865991,10883.0564946534,0
377628.593045472,10903.4801614523,0
377661.016365713,10923.8063160782,0
377693.499536115,10944.0347814183,0
377726.042265579,10964.1653812408,0
377758.644262513,10984.1979401956,0
377791.305234829,11004.1322838153,0
377824.024889951,11023.9682385178,0
377856.802934816,11043.7056316065,0
377889.639075873,11063.3442912709,0
377922.533019091,11082.8840465895,0
377955.484469962,11102.32472753,0
377988.493133495,11121.66616495,0
378021.55871423,11140.9081905993,0
378054.680916233,11160.0506371209,0
378087.859443102,11179.0933380512,0
378121.093997967,11198.0361278218,0
378154.384283498,11216.8788417614,0
378187.730001901,11235.6213160961,0
378221.130854924,11254.2633879496,0
378254.58654386,11272.8048953467,0
378288.096769551,11291.2456772129,0
378321.661232384,11309.5855733751,0
378355.279632304,11327.8244245637,0
378388.951668806,11345.962072414,0
378422.677040948,11363.9983594659,0
378456.455447343,11381.9331291656,0
378490.286586172,11399.7662258677,0
378524.170155179,11417.4974948351,0
378558.105851676,11435.1267822396,0
378592.093372548,11452.6539351646,0
378626.132414254,11470.0788016053,0
378660.222672829,11487.401230469,0
378694.363843885,11504.6210715773,0
378728.55562262,11521.7381756668,0
378762.797703814,11538.7523943899,0
378797.089781834,11555.6635803155,0
378831.431550639,11572.4715869307,0
378865.822703779,11589.176268642,0
378900.262934399,11605.7774807748,0
378934.751935244,11622.2750795757,0
378969.289398659,11638.6689222138,0
379003.875016592,11654.9588667802,0
379038.508480596,11671.1447722896,0
379073.189481836,11687.226498682,0
379107.917711086,11703.2039068233,0
379142.692858733,11719.0768585048,0
379177.514614785,11734.845216446,0
379212.382668868,11750.5088442951,0
379247.296710228,11766.0676066293,0
379282.256427738,11781.5213689554,0
379317.2615099,11796.8699977122,0
379352.311644844,11812.1133602706,0
379387.406520334,11827.2513249335,0
379422.545823769,11842.2837609378,0
379457.72924219,11857.2105384559,0
379492.956462275,11872.0315285947,0
379528.227170348,11886.7466033974,0
379563.54105238,11901.3556358449,0
379598.89779399,11915.8584998562,0
379634.29708045,11930.2550702885,0
379669.738596686,11944.5452229387,0
379705.222027283,11958.7288345449,0
379740.747056486,11972.805782786,0
379776.3133682,11986.7759462824,0
379811.920645999,12000.6392045982,0
379847.568573125,12014.395438241,0
379883.256832489,12028.0445286626,0
379918.985106677,12041.5863582596,0
379954.753077951,12055.0208103754,0
379990.560428255,12068.3477692998,0
380026.40683921,12081.5671202694,0
380062.291992124,12094.6787494697,0
380098.215567994,12107.6825440351,0
380134.177247506,12120.5783920495,0
380170.176711035,12133.3661825468,0
380206.213638658,12146.0458055123,0
380242.287710145,12158.6171518835,0
380278.398604969,12171.0801135497,0
380314.546002307,12183.4345833533,0
380350.729581041,12195.6804550912,0
380386.949019764,12207.8176235148,0
380423.203996778,12219.8459843298,0
380459.494190101,12231.7654341983,0
380495.819277469,12243.5758707393,0
380532.178936338,12255.2771925287,0
380568.572843884,12266.8692990996,0
380605.00067701,12278.3520909441,0
380641.462112349,12289.7254695136,0
380677.956826263,12300.9893372187,0
380714.484494846,12312.1435974301,0
380751.04479393,12323.1881544799,0
380787.637399087,12334.1229136618,0
380824.261985629,12344.9477812311,0
380860.918228611,12355.6626644056,0
380897.605802839,12366.2674713669,0
380934.324382868,12376.7621112605,0
380971.073643002,12387.1464941957,0
381007.853257303,12397.4205312468,0
381044.662899591,12407.584134454,0
381081.502243448,12417.6372168237,0
381118.370962216,12427.5796923279,0
381155.268729005,12437.4114759062,0
381192.195216695,12447.1324834663,0
381229.150097937,12456.7426318837,0
381266.133045155,12466.2418390021,0
381303.14373055,12475.6300236345,0
381340.181826107,12484.9071055642,0
381377.247003589,12494.0730055442,0
381414.338934544,12503.1276452976,0
381451.457290311,12512.0709475192,0
381488.601742018,12520.9028358753,0
381525.771960588,12529.6232350042,0
381562.967616738,12538.2320705164,0
381600.188380983,12546.7292689952,0
381637.433923643,12555.1147579979,0
381674.703914843,12563.3884660555,0
381711.998024509,12571.5503226724,0
381749.31592238,12579.6002583281,0
381786.657278011,12587.5382044777,0
381824.02176077,12595.3640935513,0
381861.409039838,12603.0778589545,0
381898.818784222,12610.6794350696,0
381936.250662753,12618.1687572555,0
381973.704344086,12625.5457618484,0
382011.179496705,12632.8103861613,0
382048.675788923,12639.9625684851,0
382086.192888893,12647.0022480892,0
382123.730464602,12653.9293652216,0
382161.288183876,12660.7438611085,0
382198.865714383,12667.4456779554,0
382236.462723638,12674.0347589477,0
382274.078879006,12680.5110482508,0
382311.713847698,12686.8744910097,0
382349.367296779,12693.1250333499,0
382387.038893172,12699.262622378,0
382424.728303661,12705.2872061818,0
382462.435194886,12711.1987338303,0
382500.159233355,12716.9971553739,0
382537.900085441,12722.6824218453,0
382575.657417389,12728.2544852595,0
382613.430895316,12733.713298614,0
382651.220185211,12739.0588158887,0
382689.024952944,12744.2909920467,0
382726.844864267,12749.4097830349,0
382764.679584812,12754.4151457831,0
382802.528780097,12759.307038205,0
382840.39211553,12764.0854191983,0
382878.269256412,12768.7502486452,0
382916.159867938,12773.3014874122,0
382954.063615196,12777.7390973502,0
382991.980163177,12782.0630412951,0
383029.909176776,12786.2732830681,0
383067.850320789,12790.3697874754,0
383105.803259923,12794.3525203087,0
383143.767658793,12798.2214483453,0
383181.74318193,12801.9765393485,0
383219.72949378,12805.6177620672,0
383257.726258707,12809.1450862366,0
383295.733140996,12812.5584825783,0
383333.749804859,12815.8579228003,0
383371.775914433,12819.0433795969,0
383409.811133783,12822.1148266495,0
383447.85512691,12825.0722386259,0
383485.907557748,12827.9155911814,0
383523.968090168,12830.6448609579,0
383562.036387983,12833.2600255846,0
383600.11211495,12835.7610636782,0
383638.19493477,12838.1479548425,0
383676.284511093,12840.4206796691,0
383714.380507521,12842.5792197369,0
383752.482587612,12844.6235576125,0
383790.590414876,12846.5536768503,0
383828.703652788,12848.3695619925,0
383866.821964782,12850.071198569,0
383904.945014258,12851.6585730977,0
383943.072464583,12853.1316730844,0
383981.203979096,12854.490487023,0
384019.339221109,12855.7350043953,0
384057.477853907,12856.8652156712,0
384095.619540759,12857.8811123086,0
384133.76394491,12858.7826867536,0
384171.910729591,12859.5699324404,0
384210.059558022,12860.2428437912,0
384248.21009341,12860.8014162163,0
384286.361998955,12861.2456461143,0
384324.514937851,12861.5755308715,0
384362.668573292,12861.7910688626,0
384400.82256847,12861.8922594502,0
384438.976586581,12861.8791029848,0
384477.130290827,12861.751600805,0
384515.283344419,12861.5097552373,0
384553.435410578,12861.1535695958,0
384591.586152541,12860.6830481827,0
384629.735233559,12860.0981962878,0
384667.882316905,12859.3990201885,0
384706.027065873,12858.5855271499,0
384744.169143781,12857.6577254245,0
384782.308213977,12856.6156242522,0
384820.443939836,12855.4592338603,0
384858.575984769,12854.188565463,0
384896.704012222,12852.803631262,0
384934.827685678,12851.3044444458,0
384972.946668662,12849.6910191897,0
385011.060624745,12847.9633706556,0
385049.16921754,12846.1215149924,0
385087.272110714,12844.1654693351,0
385125.368967984,12842.095251805,0
385163.45945312,12839.9108815097,0
385201.543229954,12837.6123785428,0
385239.619962373,12835.1997639836,0
385277.689314331,12832.673059897,0
385315.750949845,12830.0322893337,0
385353.804533002,12827.2774763291,0
385391.849727959,12824.4086459044,0
385429.886198947,12821.4258240651,0
385467.913610274,12818.3290378018,0
385505.931626326,12815.1183150892,0
385543.939911573,12811.7936848866,0
385581.938130566,12808.3551771373,0
385619.925947948,12804.8028227681,0
385657.903028449,12801.1366536898,0
385695.869036891,12797.3567027963,0
385733.823638195,12793.4630039646,0
385771.766497377,12789.4555920544,0
385809.697279554,12785.3345029083,0
385847.615649948,12781.0997733512,0
385885.521273889,12776.7514411895,0
385923.413816811,12772.2895452118,0
385961.292944263,12767.7141251883,0
385999.158321909,12763.02522187,0
386037.009615529,12758.2228769887,0
386074.846491024,12753.3071332573,0
386112.668614413,12748.2780343686,0
386150.475651847,12743.1356249953,0
386188.267269603,12737.8799507897,0
386226.043134084,12732.5110583836,0
386263.802911832,12727.0289953876,0
386301.546269522,12721.433810391,0
386339.272873972,12715.7255529609,0
386376.982392135,12709.904273643,0
386414.674491112,12703.9700239603,0
386452.348838151,12697.9228564126,0
386490.005100652,12691.7628244766,0
386527.642946161,12685.4899826058,0
386565.262042384,12679.1043862296,0
386602.862057183,12672.6060917527,0
386640.442658583,12665.9951565548,0
386678.003514768,12659.2716389914,0
386715.54429409,12652.4355983918,0
386753.06466507,12645.4870950589,0
386790.564296401,12638.4261902695,0
386828.042856948,12631.2529462738,0
386865.500015752,12623.9674262946,0
386902.935442037,12616.5696945264,0
386940.348805207,12609.0598161357,0
386977.739774851,12601.4378572606,0
387015.108020744,12593.7038850102,0
387052.453212852,12585.8579674633,0
387089.775021338,12577.9001736688,0
387127.073116555,12569.8305736452,0
387164.347169055,12561.6492383804,0
387201.596849593,12553.3562398297,0
387238.82182913,12544.9516509167,0
387276.021778828,12536.4355455326,0
387313.19637006,12527.8079985357,0
387350.345274412,12519.0690857501,0
387387.468163686,12510.2188839656,0
387424.564709897,12501.2574709379,0
387461.634585282,12492.1849253876,0
387498.6774623,12483.0013269986,0
387535.693013639,12473.7067564187,0
387572.68091221,12464.3012952591,0
387609.640831154,12454.7850260938,0
387646.572443851,12445.1580324578,0
387683.475423914,12435.4203988477,0
387720.349445193,12425.5722107213,0
387757.194181782,12415.6135544964,0
387794.009308017,12405.54451755,0
387830.794498485,12395.3651882178,0
387867.549428017,12385.0756557946,0
387904.273771699,12374.6760105327,0
387940.967204872,12364.1663436409,0
387977.629403136,12353.5467472844,0
388014.260042347,12342.817314585,0
388050.858798627,12331.9781396191,0
388087.425348364,12321.0293174171,0
388123.959368214,12309.9709439636,0
388160.460535101,12298.8031161968,0
388196.928526227,12287.5259320067,0
388233.363019069,12276.1394902347,0
388269.763691382,12264.643890674,0
388306.130221202,12253.0392340682,0
388342.462286852,12241.3256221099,0
388378.759566942,12229.5031574408,0
388415.021740369,12217.5719436511,0
388451.248486325,12205.5320852786,0
388487.439484295,12193.3836878073,0
388523.594414066,12181.1268576672,0
388559.71295572,12168.7617022343,0
388595.794789646,12156.2883298286,0
388631.839596538,12143.7068497136,0
388667.847057398,12131.0173720959,0
388703.816853538,12118.2200081249,0
388739.748666588,12105.3148698908,0
388775.64217849,12092.3020704243,0
388811.497071508,12079.1817236962,0
388847.313028227,12065.9539446167,0
388883.089731556,12052.6188490336,0
388918.826864733,12039.1765537318,0
388954.524111324,12025.6271764339,0
388990.181155229,12011.9708357976,0
389025.797680682,11998.207651415,0
389061.373372256,11984.3377438129,0
389096.907914863,11970.3612344514,0
389132.400993761,11956.2782457226,0
389167.852294552,11942.0889009497,0
389203.261503186,11927.7933243872,0
389238.628305965,11913.3916412194,0
389273.952389546,11898.8839775586,0
389309.233440941,11884.2704604453,0
389344.471147522,11869.5512178477,0
389379.665197021,11854.7263786596,0
389414.815277539,11839.7960726995,0
389449.92107754,11824.760430711,0
389484.982285858,11809.619584361,0
389519.998591701,11794.3736662382,0
389554.969684654,11779.0228098528,0
389589.895254674,11763.5671496363,0
389624.774992104,11748.0068209392,0
389659.608587669,11732.3419600301,0
389694.395732477,11716.572704096,0
389729.136118026,11700.6991912405,0
389763.829436206,11684.7215604822,0
389798.475379301,11668.6399517544,0
389833.073639988,11652.4545059048,0
389867.623911345,11636.1653646931,0
389902.125886854,11619.7726707902,0
389936.579260398,11603.2765677785,0
389970.983726266,11586.6772001497,0
390005.33897916,11569.9747133034,0
390039.644714193,11553.1692535468,0
390073.90062689,11536.2609680943,0
390108.106413196,11519.2500050649,0
390142.261769478,11502.1365134815,0
390176.366392521,11484.9206432712,0
390210.419979537,11467.6025452627,0
390244.422228168,11450.1823711854,0
390278.372836485,11432.6602736686,0
390312.271502991,11415.0364062414,0
390346.117926626,11397.3109233294,0
390379.911806769,11379.4839802548,0
390413.652843239,11361.5557332362,0
390447.340736299,11343.526339386,0
390480.975186658,11325.3959567089,0
390514.555895473,11307.1647441027,0
390548.082564355,11288.832861356,0
390581.554895367,11270.4004691462,0
390614.97259103,11251.8677290396,0
390648.335354322,11233.2348034903,0
390681.642888685,11214.5018558381,0
390714.894898026,11195.6690503072,0
390748.091086717,11176.7365520063,0
390781.231159601,11157.7045269266,0
390814.314821993,11138.5731419398,0
390847.341779683,11119.3425647981,0
390880.311738938,11100.012964133,0
390913.224406506,11080.5845094527,0
390946.079489617,11061.0573711419,0
390978.876695987,11041.4317204611,0
391011.615733818,11021.7077295438,0
391044.296311805,11001.8855713958,0
391076.918139134,10981.965419895,0
391109.480925487,10961.947449789,0
391141.984381046,10941.8318366933,0
391174.42821649,10921.6187570914,0
391206.812143005,10901.3083883331,0
391239.135872282,10880.900908632,0
391271.399116519,10860.3964970656,0
391303.601588425,10839.7953335738,0
391335.743001225,10819.0975989564,0
391367.823068659,10798.3034748728,0
391399.841504984,10777.413143841,0
391431.79802498,10756.4267892348,0
391463.692343951,10735.3445952833,0
391495.524177727,10714.1667470701,0
391527.293242667,10692.8934305308,0
391558.99925566,10671.5248324517,0
391590.641934132,10650.0611404695,0
391622.220996043,10628.5025430689,0
391653.736159894,10606.849229581,0
391685.187144726,10585.1013901826,0
391716.573670124,10563.2592158948,0
391747.895456223,10541.3228985806,0
391779.152223704,10519.2926309439,0
391810.343693799,10497.1686065293,0
391841.469588299,10474.9510197186,0
391872.529629547,10452.6400657298,0
391903.523540448,10430.2359406174,0
391934.451044468,10407.7388412686,0
391965.311865637,10385.1489654027,0
391996.105728554,10362.4665115702,0
392026.832358385,10339.6916791506,0
392057.491480869,10316.8246683504,0
392088.082822319,10293.8656802028,0
392118.606109625,10270.8149165657,0
392149.061070259,10247.6725801191,0
392179.44743227,10224.438874365,0
392209.764924295,10201.1140036256,0
392240.013275558,10177.6981730405,0
392270.19221587,10154.1915885665,0
392300.301475637,10130.5944569759,0
392330.340785855,10106.9069858538,0
392360.309878123,10083.1293835971,0
392390.208484634,10059.2618594141,0
392420.036338185,10035.3046233207,0
392449.793172177,10011.2578861398,0
392479.478720618,9987.12185950076,0
392509.092718124,9962.89675583573,0
392538.634899926,9938.5827883789,0
392568.105001864,9914.18017116578,0
392597.502760399,9889.68911903001,0
392626.827912609,9865.10984760198,0
392656.080196194,9840.44257330843,0
392685.259349477,9815.68751336928,0
392714.365111409,9790.84488579604,0
392743.397221569,9765.91490939138,0
392772.355420165,9740.89780374619,0
392801.239448044,9715.79378923769,0
392830.049046684,9690.60308702902,0
392858.783958203,9665.32591906652,0
392887.443925361,9639.96250807748,0
392916.028691561,9614.51307756986,0
392944.53800085,9588.97785182964,0
392972.971597925,9563.35705591839,0
393001.329228133,9537.65091567297,0
393029.610637475,9511.85965770301,0
393057.815572604,9485.98350938831,0
393085.943780836,9460.02269887855,0
393113.995010141,9433.97745509075,0
393141.969009157,9407.84800770671,0
393169.865527184,9381.63458717254,0
393197.684314188,9355.33742469632,0
393225.425120809,9328.95675224527,0
393253.087698356,9302.49280254545,0
393280.671798811,9275.94580907926,0
393308.177174836,9249.31600608273,0
393335.60357977,9222.60362854503,0
393362.950767635,9195.80891220607,0
393390.218493134,9168.9320935537,0
393417.40651166,9141.97340982325,0
393444.514579291,9114.93309899504,0
393471.542452797,9087.81139979162,0
393498.489889642,9060.60855167724,0
393525.356647984,9033.32479485533,0
393552.142486681,9005.96037026576,0
393578.847165288,8978.51551958429,0
393605.470444064,8950.99048521995,0
393632.012083973,8923.38551031232,0
393658.471846687,8895.70083873103,0
393684.849494583,8867.93671507296,0
393711.144790755,8840.09338465959,0
393737.357499008,8812.17109353658,0
393763.487383863,8784.17008847065,0
393789.53421056,8756.09061694722,0
393815.49774506,8727.93292716984,0
393841.377754047,8699.69726805692,0
393867.174004929,8671.38388923956,0
393892.886265844,8642.99304106091,0
393918.514305657,8614.52497457264,0
393944.057893967,8585.97994153311,0
393969.516801106,8557.35819440652,0
393994.890798143,8528.65998635921,0
394020.179656886,8499.8855712581,0
394045.383149884,8471.03520366968,0
394070.501050429,8442.10913885614,0
394095.533132557,8413.10763277413,0
394120.479171054,8384.03094207336,0
394145.338941455,8354.87932409288,0
394170.112220047,8325.65303685995,0
394194.798783869,8296.35233908833,0
394219.39841072,8266.97749017465,0
394243.910879156,8237.52875019748,0
394268.335968493,8208.00637991518,0
394292.673458812,8178.41064076252,0
394316.923130958,8148.74179484983,0
394341.084766541,8119.00010496044,0
394365.158147945,8089.18583454757,0
394389.143058322,8059.2992477336,0
394413.039281599,8029.34060930692,0
394436.84660248,7999.31018471937,0
394460.564806445,7969.20824008533,0
394484.193679755,7939.03504217825,0
394507.733009454,7908.79085842846,0
394531.18258337,7878.47595692216,0
394554.542190117,7848.09060639756,0
394577.811619098,7817.63507624323,0
394600.990660506,7787.1096364967,0
394624.079105329,7756.51455784048,0
394647.076745347,7725.85011160094,0
394669.983373139,7695.11656974619,0
394692.798782083,7664.3142048824,0
394715.522766358,7633.44329025303,0
394738.155120944,7602.50409973586,0
394760.69564163,7571.49690783992,0
394783.14412501,7540.42198970473,0
394805.500368487,7509.27962109668,0
394827.764170277,7478.07007840665,0
394849.935329408,7446.79363864896,0
394872.013645725,7415.45057945736,0
394893.998919889,7384.04117908337,0
394915.890953381,7352.5657163946,0
394937.689548504,7321.02447087073,0
394959.394508384,7289.41772260251,0
394981.005636973,7257.74575228907,0
395002.522739049,7226.00884123451,0
395023.945620221,7194.20727134703,0
395045.274086929,7162.34132513541,0
395066.507946446,7130.41128570644,0
395087.647006881,7098.41743676373,0
395108.691077181,7066.36006260371,0
395129.63996713,7034.2394481139,0
395150.493487354,7002.05587877104,0
395171.251449324,6969.80964063704,0
395191.913665354,6937.50102035801,0
395212.479948606,6905.13030516123,0
395232.95011309,6872.69778285191,0
395253.323973667,6840.20374181218,0
395273.601346051,6807.64847099726,0
395293.782046812,6775.03225993319,0
395313.865893373,6742.3553987153,0
395333.852704019,6709.61817800405,0
395353.742297892,6676.82088902367,0
395373.534494998,6643.96382355952,0
395393.229116207,6611.04727395455,0
395412.825983254,6578.07153310816,0
395432.324918741,6545.03689447257,0
395451.725746141,6511.94365205025,0
395471.028289798,6478.79210039242,0
395490.232374927,6445.58253459488,0
395509.337827621,6412.3152502965,0
395528.344474846,6378.99054367662,0
395547.252144451,6345.60871145136,0
395566.060665161,6312.17005087249,0
395584.769866584,6278.67485972369,0
395603.379579215,6245.12343631797,0
395621.88963443,6211.51607949611,0
395640.299864495,6177.85308862234,0
395658.610102565,6144.13476358299,0
395676.820182685,6110.36140478355,0
395694.929939792,6076.53331314512,0
395712.939209718,6042.65079010326,0
395730.847829191,6008.71413760391,0
395748.655635837,5974.72365810119,0
395766.36246818,5940.67965455535,0
395783.968165647,5906.58243042864,0
395801.472568566,5872.43228968401,0
395818.87551817,5838.22953678168,0
395836.176856598,5803.97447667604,0
395853.376426897,5769.66741481419,0
395870.474073023,5735.30865713166,0
395887.469639843,5700.89851005067,0
395904.362973136,5666.43728047734,0
395921.153919598,5631.92527579801,0
395937.842326836,5597.36280387791,0
395954.42804338,5562.75017305705,0
395970.910918675,5528.08769214804,0
395987.290803088,5493.37567043372,0
396003.567547908,5458.61441766311,0
396019.741005349,5423.80424405012,0
396035.811028548,5388.94546026965,0
396051.777471571,5354.03837745492,0
396067.640189412,5319.08330719552,0
396083.399037995,5284.08056153312,0
396099.053874173,5249.03045296004,0
396114.604555737,5213.93329441558,0
396130.050941409,5178.78939928314,0
396145.392890847,5143.59908138823,0
396160.630264648,5108.3626549943,0
396175.762924348,5073.08043480106,0
396190.790732422,5037.75273594101,0
396205.713552287,5002.37987397636,0
396220.531248306,4966.96216489706,0
396235.243685785,4931.49992511666,0
396249.850730975,4895.99347147051,0
396264.352251078,4860.44312121227,0
396278.748114241,4824.84919201091,0
396293.038189565,4789.21200194856,0
396307.222347102,4753.5318695164,0
396321.300457856,4717.80911361294,0
396335.272393788,4682.04405354026,0
396349.138027813,4646.23700900123,0
396362.897233804,4610.3883000972,0
396376.549886594,4574.4982473238,0
396390.095861975,4538.56717156945,0
396403.5350367,4502.59539411117,0
396416.867288486,4466.58323661225,0
396430.092496013,4430.53102111945,0
396443.210538928,4394.43907005909,0
396456.221297843,4358.30770623545,0
396469.124654338,4322.1372528264,0
396481.920490964,4285.92803338137,0
396494.608691242,4249.68037181811,0
396507.189139663,4213.39459241913,0
396519.661721693,4177.07101982984,0
396532.026323771,4140.70997905421,0
396544.282833312,4104.31179545287,0
396556.431138709,4067.87679473939,0
396568.47112933,4031.40530297743,0
396580.402695525,3994.89764657807,0
396592.225728623,3958.35415229594,0
396603.940120934,3921.7751472273,0
396615.545765752,3885.16095880582,0
396627.042557353,3848.51191480048,0
396638.430391,3811.82834331198,0
396649.709162941,3775.11057276966,0
396660.87877041,3738.35893192901,0
396671.939111632,3701.57374986761,0
396682.890085819,3664.7553559832,0
396693.731593175,3627.90407998952,0
396704.463534896,3591.02025191403,0
396715.085813168,3554.10420209446,0
396725.598331174,3517.15626117552,0
396736.00099309,3480.1767601065,0
396746.293704088,3443.16603013716,0
396756.476370337,3406.12440281568,0
396766.548899004,3369.0522099846,0
396776.511198256,3331.94978377848,0
396786.363177258,3294.8174566202,0
396796.104746176,3257.6555612181,0
396805.73581618,3220.464430563,0
396815.25629944,3183.2443979245,0
396824.666109133,3145.99579684875,0
396833.965159438,3108.71896115418,0
396843.153365541,3071.4142249295,0
396852.230643635,3034.08192252954,0
396861.196910918,2996.72238857287,0
396870.052085601,2959.3359579382,0
396878.796086901,2921.92296576126,0
396887.428835045,2884.48374743194,0
396895.950251273,2847.01863859057,0
396904.360257836,2809.52797512544,0
396912.658777998,2772.01209316883,0
396920.845736036,2734.47132909472,0
396928.921057243,2696.90601951465,0
396936.884667926,2659.31650127544,0
396944.736495409,2621.70311145522,0
396952.476468032,2584.06618736082,0
396960.104515154,2546.40606652427,0
396967.620567151,2508.72308669956,0
396975.024555419,2471.01758585975,0
396982.316412375,2433.28990219326,0
396989.496071455,2395.54037410129,0
396996.563467117,2357.76934019389,0
397003.518534842,2319.97713928746,0
397010.361211134,2282.16411040084,0
397017.091433519,2244.3305927528,0
397023.709140549,2206.47692575801,0
397030.214271801,2168.60344902465,0
397036.606767875,2130.7105023504,0
397042.886570402,2092.79842571986,0
397049.053622036,2054.86755930078,0
397055.107866459,2016.91824344123,0
397061.049248384,1978.95081866601,0
397066.877713551,1940.96562567378,0
397072.593208727,1902.96300533335,0
397078.195681714,1864.94329868089,0
397083.685081341,1826.90684691634,0
397089.06135747,1788.85399140031,0
397094.324460992,1750.78507365076,0
397099.474343834,1712.7004353398,0
397104.510958953,1674.60041829033,0
397109.434260341,1636.48536447291,0
397114.244203022,1598.35561600228,0
397118.940743057,1560.21151513435,0
397123.523837539,1522.05340426269,0
397127.993444597,1483.88162591543,0
397132.349523398,1445.69652275184,0
397136.592034142,1407.49843755919,0
397140.720938068,1369.28771324929,0
397144.73619745,1331.06469285548,0
397148.637775601,1292.82971952894,0
397152.425636872,1254.58313653591,0
397156.099746652,1216.32528725387,0
397159.660071368,1178.05651516872,0
397163.106578486,1139.77716387111,0
397166.439236513,1101.48757705344,0
397169.658014994,1063.18809850632,0
397172.762884514,1024.87907211552,0
397175.753816701,986.560841858405,0
397178.630784221,948.233751800841,0
397181.393760782,909.898146093856,0
397184.042721133,871.554368970175,0
397186.577641065,833.20276474121,0
397188.998497411,794.843677793441,0
397191.305268047,756.477452585355,0
397193.497931888,718.104433643998,0
397195.576468895,679.724965561691,0
397197.540860071,641.339392992808,0
397199.391087462,602.948060650314,0
397201.127134157,564.551313302597,0
397202.748984288,526.149495770066,0
397204.256623031,487.742952921845,0
397205.650036606,449.332029672548,0
397206.929212278,410.917070978831,0
397208.094138353,372.498421836162,0
397209.144804184,334.076427275513,0
397210.081200168,295.651432359985,0
397210.903317745,257.223782181523,0
397211.611149401,218.793821857629,0
397212.204688666,180.361896527995,0
397212.683930114,141.928351351182,0
397213.048869365,103.493531501379,0
397213.299503083,65.0577821649728,0
397213.435828977,26.6214485373208,0
397213.457845801,-11.8151241805962,0
397213.365553354,-50.2515907855397,0
397213.158952479,-88.6876060752374,0
397212.838045064,-127.12282485181,0
397212.402834044,-165.556901924996,0
397211.853323396,-203.989492115512,0
397211.189518143,-242.42025025841,0
397210.411424353,-280.848831206309,0
397209.519049138,-319.274889832762,0
397208.512400654,-357.698081035623,0
397207.391488104,-396.118059740262,0
397206.156321732,-434.534480902919,0
397204.806912828,-472.946999514101,0
397203.343273727,-511.355270601772,0
397201.765417806,-549.758949234748,0
397200.073359488,-588.157690525996,0
397198.267114237,-626.551149635928,0
397196.346698563,-664.938981775731,0
397194.312130018,-703.320842210714,0
397192.163427198,-741.696386263513,0
397189.90060974,-780.065269317533,0
397187.523698327,-818.427146820188,0
397185.032714682,-856.78167428618,0
397182.427681569,-895.128507300916,0
397179.708622798,-933.467301523655,0
397176.875563218,-971.797712690979,0
397173.92852872,-1010.11939662001,0
397170.867546235,-1048.43200921165,0
397167.692643736,-1086.73520645411,0
397164.403850238,-1125.02864442586,0
397161.001195794,-1163.31197929934,0
397157.484711497,-1201.58486734387,0
397153.854429481,-1239.8469649292,0
397150.110382918,-1278.09792852875,0
397146.252606019,-1316.33741472281,0
397142.281134033,-1354.56508020198,0
397138.196003249,-1392.78058177028,0
397133.997250991,-1430.98357634867,0
397129.684915622,-1469.17372097807,0
397125.259036542,-1507.35067282292,0
397120.719654185,-1545.51408917414,0
397116.066810024,-1583.66362745284,0
397111.300546566,-1621.79894521308,0
397106.420907352,-1659.91970014567,0
397101.427936959,-1698.02555008098,0
397096.321680998,-1736.11615299263,0
397091.102186113,-1774.19116700034,0
397085.76949998,-1812.25025037366,0
397080.32367131,-1850.29306153472,0
397074.764749844,-1888.31925906206,0
397069.092786354,-1926.3285016933,0
397063.307832644,-1964.32044832895,0
397057.409941549,-2002.29475803521,0
397051.399166931,-2040.25109004761,0
397045.275563683,-2078.18910377389,0
397039.039187726,-2116.10845879765,0
397032.69009601,-2154.00881488109,0
397026.22834651,-2191.88983196891,0
397019.653998229,-2229.75117019082,0
397012.967111195,-2267.59248986547,0
397006.167746462,-2305.41345150305,0
396999.255966109,-2343.21371580916,0
396992.231833239,-2380.99294368733,0
396985.095411975,-2418.75079624305,0
396977.846767467,-2456.48693478614,0
396970.485965885,-2494.20102083482,0
396963.013074419,-2531.89271611811,0
396955.42816128,-2569.56168257975,0
396947.731295699,-2607.2075823809,0
396939.922547925,-2644.83007790369,0
396932.001989226,-2682.42883175417,0
396923.969691888,-2720.00350676567,0
396915.82572921,-2757.55376600199,0
396907.57017551,-2795.07927276043,0
396899.203106119,-2832.57969057532,0
396890.724597384,-2870.05468322066,0
396882.134726662,-2907.50391471407,0
396873.433572325,-2944.92704931904,0
396864.621213757,-2982.32375154908,0
396855.697731349,-3019.69368616998,0
396846.663206504,-3057.03651820377,0
396837.517721635,-3094.35191293128,0
396828.261360161,-3131.63953589565,0
396818.894206508,-3168.89905290539,0
396809.416346109,-3206.1301300374,0
396799.827865402,-3243.33243364053,0
396790.128851829,-3280.50563033799,0
396780.319393835,-3317.64938703148,0
396770.399580867,-3354.76337090323,0
396760.369503374,-3391.84724942019,0
396750.229252805,-3428.90069033629,0
396739.978921608,-3465.9233616961,0
396729.618603231,-3502.91493183782,0
396719.148392116,-3539.87506939615,0
396708.568383705,-3576.80344330594,0
396697.878674432,-3613.69972280454,0
396687.079361726,-3650.56357743579,0
396676.170544011,-3687.39467705222,0
396665.152320701,-3724.19269181893,0
396654.024792202,-3760.95729221611,0
396642.788059909,-3797.68814904236,0
396631.442226206,-3834.38493341798,0
396619.987394464,-3871.04731678736,0
396608.423669043,-3907.67497092308,0
396596.751155287,-3944.26756792782,0
396584.969959521,-3980.8247802385,0
396573.080189059,-4017.34628062853,0
396561.081952193,-4053.83174221117,0
396548.975358196,-4090.2808384429,0
396536.760517323,-4126.69324312559,0
396524.437540803,-4163.06863041067,0
396512.006540847,-4199.40667480106,0
396499.46763064,-4235.70705115504,0
396486.82092434,-4271.96943468888,0
396474.06653708,-4308.19350097968,0
396461.204584967,-4344.37892596901,0
396448.235185076,-4380.52538596514,0
