378038.343991417,11150.6255072047,0
378071.494786143,11169.7174053309,0
378104.701755285,11188.7094738138,0
378137.964601741,11207.60154754,0
378171.283027944,11226.3934622923,0
378204.656735867,11245.0850547519,0
378238.085427028,11263.6761624997,0
378271.568802492,11282.1666240167,0
378305.106562868,11300.5562786849,0
378338.69840832,11318.8449667897,0
378372.344038564,11337.0325295201,0
378406.043152873,11355.1188089694,0
378439.795450079,11373.103648137,0
378473.600628576,11390.98689093,0
378507.458386323,11408.7683821628,0
378541.368420844,11426.4479675588,0
378575.330429236,11444.0254937525,0
378609.344108167,11461.5008082892,0
378643.409153879,11478.873759626,0
378677.525262193,11496.1441971339,0
378711.692128512,11513.3119710987,0
378745.909447821,11530.3769327204,0
378780.17691469,11547.338934116,0
378814.494223279,11564.1978283204,0
378848.861067339,11580.9534692864,0
378883.277140215,11597.6057118858,0
378917.742134849,11614.1544119114,0
378952.255743782,11630.5994260776,0
378986.817659158,11646.9406120201,0
379021.427572723,11663.1778282983,0
379056.085175836,11679.3109343966,0
379090.79015946,11695.3397907237,0
379125.542214175,11711.2642586142,0
379160.341030175,11727.0842003305,0
379195.186297273,11742.799479063,0
379230.077704902,11758.4099589299,0
379265.01494212,11773.91550498,0
379299.99769761,11789.315983193,0
379335.025659686,11804.6112604796,0
379370.098516292,11819.8012046829,0
379405.215955006,11834.8856845796,0
379440.377663047,11849.864569881,0
379475.58332727,11864.7377312326,0
379510.832634172,11879.5050402159,0
379546.125269901,11894.16636935,0
379581.460920246,11908.721592091,0
379616.839270652,11923.170582833,0
379652.260006213,11937.5132169099,0
379687.722811685,11951.7493705961,0
379723.227371478,11965.8789211057,0
379758.773369664,11979.9017465952,0
379794.360489981,11993.8177261635,0
379829.988415834,12007.6267398531,0
379865.656830296,12021.3286686495,0
379901.365416114,12034.9233944838,0
379937.11385571,12048.4108002328,0
379972.901831183,12061.7907697193,0
380008.729024313,12075.0631877128,0
380044.595116563,12088.2279399313,0
380080.499789083,12101.2849130413,0
380116.44272271,12114.2339946582,0
380152.423597973,12127.0750733472,0
380188.442095096,12139.8080386251,0
380224.497894001,12152.4327809598,0
380260.590674306,12164.9491917707,0
380296.720115333,12177.3571634305,0
380332.88589611,12189.6565892658,0
380369.087695372,12201.8473635569,0
380405.325191563,12213.9293815386,0
380441.598062843,12225.9025394021,0
380477.905987085,12237.7667342946,0
380514.248641883,12249.5218643196,0
380550.62570455,12261.1678285381,0
380587.036852125,12272.7045269699,0
380623.481761374,12284.1318605934,0
380659.960108789,12295.4497313456,0
380696.471570598,12306.658042124,0
380733.015822762,12317.756696787,0
380769.592540982,12328.745600154,0
380806.201400695,12339.6246580057,0
380842.842077083,12350.3937770855,0
380879.514245078,12361.0528651003,0
380916.217579354,12371.6018307199,0
380952.951754339,12382.0405835779,0
380989.716444215,12392.3690342733,0
381026.511322922,12402.5870943703,0
381063.336064158,12412.6946763984,0
381100.190341382,12422.6916938533,0
381137.073827819,12432.5780611979,0
381173.986196463,12442.3536938627,0
381210.927120076,12452.0185082456,0
381247.896271193,12461.5724217126,0
381284.893322127,12471.0153525995,0
381321.917944969,12480.347220211,0
381358.969811588,12489.5679448216,0
381396.04859364,12498.6774476761,0
381433.153962567,12507.6756509904,0
381470.285589601,12516.5624779519,0
381507.443145764,12525.3378527194,0
381544.626301873,12534.0017004237,0
381581.834728546,12542.553947169,0
381619.068096198,12550.9945200324,0
381656.326075048,12559.3233470644,0
381693.608335119,12567.5403572892,0
381730.914546245,12575.6454807061,0
381768.244378071,12583.6386482892,0
381805.597500055,12591.5197919875,0
381842.973581468,12599.2888447254,0
381880.372291407,12606.945740404,0
381917.793298789,12614.4904139009,0
381955.236272353,12621.92280107,0
381992.700880665,12629.2428387426,0
382030.186792126,12636.4504647276,0
382067.693674969,12643.5456178122,0
382105.221197259,12650.5282377617,0
382142.7690269,12657.3982653197,0
382180.336831639,12664.155642209,0
382217.924279069,12670.8003111322,0
382255.531036626,12677.3322157713,0
382293.156771595,12683.751300788,0
382330.801151115,12690.0575118244,0
382368.463842178,12696.2507955038,0
382406.144511637,12702.3310994301,0
382443.842826202,12708.2983721882,0
382481.558452443,12714.1525633446,0
382519.291056804,12719.8936234481,0
382557.040305591,12725.5215040292,0
382594.805864983,12731.0361576008,0
382632.587401031,12736.4375376584,0
382670.384579665,12741.7255986806,0
382708.197066695,12746.9002961292,0
382746.024527811,12751.9615864492,0
382783.866628585,12756.9094270691,0
382821.723034482,12761.7437764018,0
382859.593410856,12766.464593844,0
382897.477422951,12771.0718397767,0
382935.374735908,12775.5654755654,0
382973.285014767,12779.9454635606,0
383011.207924469,12784.2117670977,0
383049.143129858,12788.3643504971,0
383087.090295685,12792.4031790646,0
383125.04908661,12796.3282190917,0
383163.019167206,12800.1394378555,0
383201.00020196,12803.8368036189,0
383238.991855274,12807.4202856309,0
383276.993791475,12810.8898541267,0
383315.005674809,12814.2454803281,0
383353.027169449,12817.4871364429,0
383391.057939496,12820.6147956659,0
383429.097648983,12823.6284321788,0
383467.145961875,12826.5280211497,0
383505.202542074,12829.3135387342,0
383543.267053423,12831.9849620747,0
383581.339159705,12834.5422693012,0
383619.418524647,12836.9854395307,0
383657.504811925,12839.3144528677,0
383695.597685166,12841.5292904045,0
383733.696807947,12843.6299342206,0
383771.801843802,12845.6163673835,0
383809.912456223,12847.4885739483,0
383848.028308665,12849.246538958,0
383886.149064542,12850.8902484433,0
383924.274387238,12852.419689423,0
383962.403940107,12853.8348499039,0
384000.537386472,12855.1357188807,0
384038.674389631,12856.3222863361,0
384076.814612863,12857.394543241,0
384114.957719421,12858.3524815541,0
384153.103372545,12859.1960942227,0
384191.251235459,12859.9253751817,0
384229.400971377,12860.5403193543,0
384267.552243501,12861.0409226519,0
384305.704715028,12861.4271819738,0
384343.858049152,12861.6990952075,0
384382.011909065,12861.8566612284,0
384420.165957961,12861.8998799,0
384458.31985904,12861.8287520739,0
384496.473275507,12861.6432795893,0
384534.625870577,12861.3434652736,0
384572.77730748,12860.9293129418,0
384610.927249459,12860.4008273967,0
384649.075359777,12859.758014429,0
384687.221301715,12859.0008808167,0
384725.364738581,12858.1294343256,0
384763.505333707,12857.1436837087,0
384801.642750454,12856.0436387066,0
384839.776652217,12854.8293100469,0
384877.906702421,12853.5007094445,0
384916.032564533,12852.0578496014,0
384954.153902057,12850.5007442063,0
384992.270378539,12848.8294079349,0
385030.381657572,12847.0438564494,0
385068.487402797,12845.1441063985,0
385106.587277904,12843.1301754175,0
385144.680946639,12841.0020821277,0
385182.768072801,12838.7598461365,0
385220.848320251,12836.4034880374,0
385258.921352908,12833.9330294093,0
385296.986834759,12831.3484928168,0
385335.044429856,12828.6499018101,0
385373.09380232,12825.8372809243,0
385411.134616347,12822.9106556795,0
385449.166536206,12819.8700525808,0
385487.189226242,12816.7154991178,0
385525.202350887,12813.4470237643,0
385563.20557465,12810.0646559785,0
385601.198562128,12806.5684262024,0
385639.180978006,12802.9583658617,0
385677.152487065,12799.2345073655,0
385715.112754173,12795.3968841063,0
385753.061444299,12791.4455304594,0
385790.998222512,12787.3804817828,0
385828.922753981,12783.2017744168,0
385866.834703982,12778.9094456843,0
385904.733737896,12774.5035338899,0
385942.619521218,12769.9840783194,0
385980.491719554,12765.3511192403,0
386018.349998624,12760.6046979013,0
386056.194024271,12755.7448565316,0
386094.023462457,12750.7716383404,0
386131.837979267,12745.6850875177,0
386169.637240912,12740.485249233,0
386207.420913735,12735.1721696351,0
386245.188664211,12729.7458958519,0
386282.940158947,12724.2064759903,0
386320.675064689,12718.5539591358,0
386358.393048324,12712.7883953513,0
386396.093776883,12706.9098356777,0
386433.776917538,12700.9183321337,0
386471.442137613,12694.8139377146,0
386509.089104582,12688.5967063921,0
386546.717486075,12682.2666931142,0
386584.326949874,12675.8239538051,0
386621.917163922,12669.2685453642,0
386659.487796326,12662.6005256658,0
386697.038515356,12655.8199535584,0
386734.568989449,12648.9268888656,0
386772.07888721,12641.9213923845,0
386809.56787742,12634.803525885,0
386847.035629036,12627.5733521101,0
386884.48181119,12620.2309347755,0
386921.906093194,12612.776338569,0
386959.308144547,12605.2096291497,0
386996.687634934,12597.5308731473,0
387034.044234226,12589.7401381628,0
387071.377612486,12581.8374927674,0
387108.687439973,12573.8230065017,0
387145.973387144,12565.696749875,0
387183.235124653,12557.4587943658,0
387220.472323356,12549.1092124211,0
387257.684654317,12540.6480774549,0
387294.871788805,12532.0754638482,0
387332.033398303,12523.391446949,0
387369.169154502,12514.5961030719,0
387406.278729312,12505.6895094962,0
387443.361794864,12496.6717444663,0
387480.418023505,12487.5428871912,0
387517.447087809,12478.3030178444,0
387554.448660575,12468.952217562,0
387591.422414835,12459.4905684427,0
387628.36802385,12449.9181535479,0
387665.285161113,12440.235056901,0
387702.173500361,12430.4413634856,0
387739.032715567,12420.5371592457,0
387775.862480948,12410.5225310858,0
387812.662470964,12400.3975668696,0
387849.432360326,12390.1623554188,0
387886.171823998,12379.8169865131,0
387922.880537191,12369.3615508902,0
387959.558175376,12358.7961402443,0
387996.204414285,12348.1208472255,0
388032.81892991,12337.3357654388,0
388069.401398504,12326.4409894452,0
388105.951496591,12315.4366147591,0
388142.468900964,12304.3227378482,0
388178.953288689,12293.0994561329,0
388215.404337104,12281.7668679864,0
388251.821723826,12270.3250727328,0
388288.205126755,12258.7741706466,0
388324.554224073,12247.1142629527,0
388360.868694244,12235.3454518254,0
388397.148216026,12223.4678403874,0
388433.392468465,12211.4815327088,0
388469.601130901,12199.3866338073,0
388505.773882971,12187.1832496473,0
388541.910404612,12174.8714871381,0
388578.010376062,12162.4514541338,0
388614.073477863,12149.9232594335,0
388650.099390864,12137.2870127791,0
388686.087796226,12124.5428248549,0
388722.038375422,12111.690807287,0
388757.950810238,12098.7310726432,0
388793.824782779,12085.663734431,0
388829.659975473,12072.4889070968,0
388865.456071069,12059.2067060264,0
388901.21275264,12045.8172475436,0
388936.929703592,12032.3206489083,0
388972.60660766,12018.7170283167,0
389008.243148912,12005.006504901,0
389043.839011753,11991.1891987276,0
389079.39388093,11977.2652307959,0
389114.907441529,11963.2347230384,0
389150.37937898,11949.0977983202,0
389185.809379063,11934.8545804367,0
389221.197127908,11920.5051941129,0
389256.542311993,11906.0497650044,0
389291.844618156,11891.4884196946,0
389327.103733592,11876.8212856938,0
389362.319345855,11862.0484914394,0
389397.491142863,11847.1701662947,0
389432.6188129,11832.1864405475,0
389467.70204462,11817.0974454087,0
389502.740527044,11801.903313013,0
389537.733949571,11786.6041764171,0
389572.682001974,11771.2001695978,0
389607.584374408,11755.6914274523,0
389642.440757406,11740.0780857973,0
389677.250841887,11724.3602813673,0
389712.01431916,11708.5381518133,0
389746.730880918,11692.6118357032,0
389781.400219251,11676.58147252,0
389816.022026642,11660.4472026604,0
389850.595995973,11644.2091674339,0
389885.121820524,11627.8675090634,0
389919.599193979,11611.4223706818,0
389954.02781043,11594.8738963319,0
389988.407364373,11578.2222309661,0
390022.737550718,11561.467520445,0
390057.018064786,11544.6099115353,0
390091.248602318,11527.6495519097,0
390125.428859469,11510.5865901464,0
390159.558532817,11493.4211757268,0
390193.637319367,11476.1534590344,0
390227.664916546,11458.7835913553,0
390261.641022213,11441.3117248756,0
390295.565334659,11423.7380126804,0
390329.437552608,11406.0626087531,0
390363.257375221,11388.2856679749,0
390397.024502101,11370.4073461224,0
390430.738633291,11352.4277998665,0
390464.39946928,11334.3471867733,0
390498.006711004,11316.1656653003,0
390531.560059851,11297.8833947963,0
390565.059217659,11279.500535501,0
390598.503886723,11261.0172485432,0
390631.893769796,11242.4336959389,0
390665.228570092,11223.750040591,0
390698.507991285,11204.9664462886,0
390731.731737521,11186.0830777043,0
390764.899513409,11167.1001003938,0
390798.01102403,11148.0176807954,0
390831.065974941,11128.8359862275,0
390864.064072174,11109.5551848877,0
390897.005022238,11090.1754458522,0
390929.888532126,11070.6969390744,0
390962.714309313,11051.1198353825,0
390995.482061762,11031.4443064795,0
391028.191497924,11011.6705249421,0
391060.842326743,10991.7986642183,0
391093.434257657,10971.8288986263,0
391125.9670006,10951.7614033545,0
391158.440266005,10931.5963544589,0
391190.85376481,10911.3339288615,0
391223.207208455,10890.9743043507,0
391255.500308887,10870.5176595786,0
391287.732778565,10849.9641740595,0
391319.904330458,10829.3140281693,0
391352.014678051,10808.5674031447,0
391384.063535347,10787.7244810797,0
391416.050616869,10766.7854449263,0
391447.97563766,10745.7504784927,0
391479.83831329,10724.6197664413,0
391511.638359859,10703.3934942871,0
391543.375493994,10682.0718483979,0
391575.049432855,10660.6550159914,0
391606.659894138,10639.1431851336,0
391638.206596079,10617.5365447391,0
391669.68925745,10595.8352845681,0
391701.107597569,10574.0395952251,0
391732.4613363,10552.1496681582,0
391763.750194053,10530.1656956576,0
391794.973891789,10508.0878708531,0
391826.132151023,10485.9163877135,0
391857.224693824,10463.6514410457,0
391888.251242822,10441.2932264915,0
391919.211521205,10418.8419405272,0
391950.105252725,10396.2977804629,0
391980.9321617,10373.6609444394,0
392011.691973015,10350.931631427,0
392042.384412128,10328.1100412252,0
392073.009205067,10305.1963744601,0
392103.56607844,10282.1908325823,0
392134.054759429,10259.0936178673,0
392164.474975798,10235.9049334123,0
392194.826455896,10212.6249831347,0
392225.108928656,10189.2539717714,0
392255.322123598,10165.7921048771,0
392285.465770837,10142.2395888216,0
392315.539601077,10118.5966307894,0
392345.543345619,10094.8634387781,0
392375.476736361,10071.0402215955,0
392405.339505806,10047.1271888595,0
392435.131387053,10023.1245509961,0
392464.852113812,9999.03251923661,0
392494.501420401,9974.85130561736,0
392524.079041744,9950.58112297816,0
392553.584713381,9926.22218495925,0
392583.018171469,9901.77470600048,0
392612.37915278,9877.2389013405,0
392641.667394706,9852.61498701336,0
392670.882635265,9827.90317984757,0
392700.024613095,9803.10369746537,0
392729.093067467,9778.21675827943,0
392758.08773828,9753.24258149162,0
392787.008366062,9728.18138709244,0
392815.854691982,9703.0333958577,0
392844.626457842,9677.79882934718,0
392873.323406085,9652.47790990402,0
392901.945279796,9627.07086065157,0
392930.491822705,9601.57790549174,0
392958.962779189,9575.99926910456,0
392987.357894272,9550.335176945,0
393015.676913634,9524.5858552412,0
393043.919583606,9498.75153099406,0
393072.085651176,9472.83243197407,0
393100.174863992,9446.82878671944,0
393128.186970363,9420.74082453571,0
393156.121719261,9394.56877549256,0
393183.978860324,9368.31287042194,0
393211.75814386,9341.97334091753,0
393239.459320845,9315.55041933172,0
393267.082142933,9289.04433877353,0
393294.626362448,9262.45533310818,0
393322.091732396,9235.78363695397,0
393349.478006461,9209.0294856802,0
393376.784939011,9182.19311540673,0
393404.012285097,9155.2747630008,0
393431.15980046,9128.27466607496,0
393458.227241529,9101.1930629866,0
393485.214365425,9074.0301928347,0
393512.120929963,9046.78629545782,0
393538.946693657,9019.46161143353,0
393565.691415716,8992.05638207517,0
393592.354856054,8964.5708494298,0
393618.936775287,8937.00525627767,0
393645.436934735,8909.35984612879,0
393671.855096429,8881.63486322108,0
393698.19102311,8853.83055251968,0
393724.44447823,8825.94715971344,0
393750.615225958,8797.9849312132,0
393776.70303118,8769.94411415101,0
393802.7076595,8741.8249563765,0
393828.628877245,8713.6277064553,0
393854.466451468,8685.35261366818,0
393880.220149944,8656.99992800722,0
393905.889741181,8628.56990017457,0
393931.474994415,8600.06278158121,0
393956.975679617,8571.47882434323,0
393982.391567492,8542.81828128069,0
394007.722429484,8514.08140591616,0
394032.968037775,8485.26845247101,0
394058.128165292,8456.37967586445,0
394083.202585703,8427.41533171175,0
394108.191073424,8398.37567632062,0
394133.093403621,8369.26096669047,0
394157.909352209,8340.07146051013,0
394182.638695856,8310.80741615453,0
394207.281211988,8281.46909268405,0
394231.836678786,8252.05674984177,0
394256.304875191,8222.57064805053,0
394280.685580906,8193.01104841218,0
394304.9785764,8163.37821270457,0
394329.183642905,8133.67240337882,0
394353.300562424,8103.8938835587,0
394377.329117729,8074.04291703698,0
394401.269092366,8044.1197682734,0
394425.120270655,8014.12470239363,0
394448.882437692,7984.05798518552,0
394472.555379355,7953.91988309739,0
394496.1388823,7923.71066323674,0
394519.632733968,7893.4305933663,0
394543.036722586,7863.07994190285,0
394566.350637167,7832.65897791529,0
394589.574267516,7802.16797112093,0
394612.707404228,7771.60719188459,0
394635.74983869,7740.97691121601,0
394658.701363091,7710.27740076654,0
394681.561770411,7679.5089328284,0
394704.330854436,7648.67178033138,0
394727.008409749,7617.76621684017,0
394749.594231742,7586.79251655346,0
394772.088116611,7555.75095430015,0
394794.48986136,7524.64180553734,0
394816.799263803,7493.46534634906,0
394839.016122569,7462.22185344217,0
394861.140237099,7430.91160414509,0
394883.171407651,7399.53487640571,0
394905.109435303,7368.09194878762,0
394926.954121951,7336.58310046917,0
394948.705270316,7305.00861124053,0
394970.362683941,7273.36876150054,0
394991.926167198,7241.66383225582,0
395013.395525286,7209.89410511706,0
395034.770564234,7178.05986229673,0
395056.051090906,7146.16138660776,0
395077.236912997,7114.19896145949,0
395098.32783904,7082.17287085616,0
395119.323678407,7050.08339939479,0
395140.22424131,7017.93083226135,0
395161.029338801,6985.71545522976,0
395181.738782779,6953.43755465872,0
395202.352385988,6921.09741748868,0
395222.869962019,6888.69533124077,0
395243.291325313,6856.23158401291,0
395263.616291165,6823.70646447766,0
395283.844675721,6791.12026188062,0
395303.976295983,6758.4732660363,0
395324.010969812,6725.76576732685,0
395343.948515927,6692.9980566993,0
395363.788753908,6660.1704256621,0
395383.531504198,6627.28316628404,0
395403.176588105,6594.3365711905,0
395422.723827805,6561.33093356102,0
395442.17304634,6528.26654712773,0
395461.524067625,6495.14370617124,0
395480.776716444,6461.96270551912,0
395499.930818459,6428.72384054329,0
395518.986200204,6395.42740715637,0
395537.942689093,6362.07370181055,0
395556.800113418,6328.66302149386,0
395575.558302353,6295.19566372763,0
395594.217085954,6261.67192656486,0
395612.776295163,6228.09210858601,0
395631.235761807,6194.45650889761,0
395649.595318603,6160.76542712928,0
395667.854799156,6127.01916343033,0
395686.014037963,6093.21801846847,0
395704.072870416,6059.36229342581,0
395722.0311328,6025.45228999671,0
395739.888662298,5991.48831038564,0
395757.645296991,5957.47065730316,0
395775.300875861,5923.39963396456,0
395792.855238791,5889.27554408646,0
395810.308226569,5855.09869188377,0
395827.659680885,5820.86938206815,0
395844.909444339,5786.58791984379,0
395862.05736044,5752.2546109057,0
395879.103273603,5717.86976143688,0
395896.04702916,5683.43367810471,0
395912.888473353,5648.94666805955,0
395929.627453341,5614.40903893073,0
395946.263817197,5579.82109882429,0
395962.797413915,5545.1831563207,0
395979.228093408,5510.49552047079,0
395995.55570651,5475.75850079442,0
396011.780104978,5440.97240727666,0
396027.901141496,5406.13755036513,0
396043.918669669,5371.25424096796,0
396059.832544036,5336.32279044968,0
396075.642620059,5301.34351062959,0
396091.348754136,5266.31671377831,0
396106.950803594,5231.24271261474,0
396122.448626695,5196.1218203042,0
396137.842082636,5160.95435045418,0
396153.131031552,5125.74061711271,0
396168.315334514,5090.48093476494,0
396183.394853535,5055.17561832996,0
396198.369451568,5019.82498315896,0
396213.238992508,4984.42934503102,0
396228.003341197,4948.9890201513,0
396242.662363419,4913.50432514773,0
396257.215925907,4877.97557706771,0
396271.663896342,4842.4030933763,0
396286.006143356,4806.7871919519,0
396300.242536529,4771.12819108457,0
396314.372946399,4735.42640947245,0
396328.397244453,4699.68216621868,0
396342.315303135,4663.89578082937,0
396356.126995846,4628.06757320936,0
396369.832196947,4592.19786366051,0
396383.430781755,4556.28697287794,0
396396.922626549,4520.33522194722,0
396410.307608573,4484.34293234198,0
396423.585606029,4448.31042591986,0
396436.75649809,4412.23802492076,0
396449.82016489,4376.12605196284,0
396462.776487532,4339.97483004006,0
396475.625348089,4303.78468251936,0
396488.366629602,4267.55593313683,0
396501.000216085,4231.28890599596,0
396513.525992523,4194.98392556332,0
396525.943844874,4158.64131666658,0
396538.253660074,4122.261404491,0
396550.455326031,4085.84451457626,0
396562.548731634,4049.39097281417,0
396574.533766748,4012.90110544453,0
396586.410322219,3976.37523905326,0
396598.178289873,3939.81370056844,0
396609.83756252,3903.21681725771,0
396621.388033951,3866.58491672534,0
396632.829598942,3829.91832690854,0
396644.162153254,3793.21737607538,0
396655.385593638,3756.4823928206,0
396666.499817827,3719.71370606361,0
396677.504724549,3682.91164504459,0
396688.400213517,3646.0765393218,0
396699.186185437,3609.20871876863,0
396709.862542009,3572.30851356992,0
396720.429185924,3535.37625421976,0
396730.886020866,3498.41227151737,0
396741.232951519,3461.41689656497,0
396751.469883558,3424.3904607639,0
396761.596723659,3387.33329581195,0
396771.613379496,3350.24573370022,0
396781.51975974,3313.1281067096,0
396791.315774065,3275.98074740839,0
396801.001333146,3238.80398864822,0
396810.57634866,3201.59816356194,0
396820.040733286,3164.3636055595,0
396829.39440071,3127.10064832563,0
396838.637265621,3089.80962581614,0
396847.769243716,3052.49087225498,0
396856.790251697,3015.14472213128,0
396865.700207275,2977.77151019561,0
396874.499029171,2940.37157145768,0
396883.186637115,2902.94524118219,0
396891.762951846,2865.49285488664,0
396900.227895118,2828.01474833727,0
396908.581389694,2790.51125754663,0
396916.823359352,2752.98271876982,0
396924.953728885,2715.42946850168,0
396932.972424099,2677.85184347349,0
396940.879371816,2640.25018064962,0
396948.674499876,2602.62481722474,0
396956.357737135,2564.97609061999,0
396963.929013467,2527.30433848061,0
396971.388259766,2489.6098986718,0
396978.735407945,2451.89310927643,0
396985.970390938,2414.154308591,0
396993.093142699,2376.39383512317,0
397000.103598204,2338.61202758784,0
397007.001693452,2300.80922490461,0
397013.787365467,2262.98576619394,0
397020.460552294,2225.14199077442,0
397027.021193004,2187.27823815919,0
397033.469227693,2149.3948480529,0
397039.804597484,2111.49216034844,0
397046.027244526,2073.5705151236,0
397052.137111995,2035.63025263804,0
397058.134144095,1997.67171332975,0
397064.018286059,1959.69523781217,0
397069.789484148,1921.70116687051,0
397075.447685655,1883.68984145898,0
397080.9928389,1845.66160269703,0
397086.424893237,1807.61679186661,0
397091.743799051,1769.55575040838,0
397096.949507756,1731.478819919,0
397102.041971802,1693.38634214729,0
397107.021144671,1655.27865899154,0
397111.886980878,1617.15611249571,0
397116.639435972,1579.01904484663,0
397121.278466537,1540.86779837031,0
397125.804030193,1502.70271552903,0
397130.216085593,1464.52413891774,0
397134.514592429,1426.33241126108,0
397138.699511427,1388.12787540983,0
397142.770804351,1349.91087433784,0
397146.728434002,1311.68175113859,0
397150.57236422,1273.44084902202,0
397154.302559879,1235.18851131118,0
397157.918986897,1196.92508143889,0
397161.421612228,1158.65090294463,0
397164.810403864,1120.36631947098,0
397168.085330838,1082.07167476063,0
397171.246363225,1043.76731265274,0
397174.293472136,1005.45357708001,0
397177.226629726,967.130812065048,0
397180.045809189,928.799361717326,0
397182.750984761,890.459570229691,0
397185.34213172,852.111781875175,0
397187.819226385,813.756341003682,0
397190.182246116,775.393592038567,0
397192.431169317,737.023879473547,0
397194.565975434,698.647547869119,0
397196.586644956,660.26494184952,0
397198.493159414,621.87640609922,0
397200.285501382,583.48228535969,0
397201.963654479,545.082924426132,0
397203.527603367,506.678668144043,0
397204.97733375,468.269861406034,0
397206.312832378,429.856849148454,0
397207.534087044,391.439976348029,0
397208.641086585,353.019588018667,0
397209.633820882,314.596029208026,0
397210.512280862,276.169644994247,0
397211.276458496,237.740780482653,0
397211.926346797,199.309780802408,0
397212.461939826,160.876991103178,0
397212.883232687,122.44275655187,0
397213.190221529,84.0074223292664,0
397213.382903546,45.5713336267305,0
397213.461276976,7.13483564286458,0
397213.425341104,-31.3017264197777,0
397213.275096258,-69.7380073580403,0
397213.010543811,-108.173661971459,0
397212.631686181,-146.608345065591,0
397212.138526832,-185.041711455348,0
397211.531070271,-223.473415968284,0
397210.80932205,-261.903113447946,0
397209.973288767,-300.330458757157,0
397209.022978064,-338.755106781368,0
397207.958398627,-377.176712431966,0
397206.779560187,-415.594930649576,0
397205.486473519,-454.009416407371,0
397204.079150442,-492.419824714453,0
397202.557603819,-530.825810619078,0
397200.921847558,-569.227029212013,0
397199.171896609,-607.623135629893,0
397197.307766967,-646.013785058452,0
397195.329475671,-684.398632735871,0
397193.237040801,-722.777333956159,0
397191.030481481,-761.149544072306,0
397188.709817879,-799.514918499777,0
397186.275071204,-837.873112719687,0
397183.726263708,-876.223782282137,0
397181.063418686,-914.566582809616,0
397178.286560473,-952.901170000124,0
397175.395714447,-991.22719963069,0
397172.390907026,-1029.5443275605,0
397169.272165671,-1067.85220973427,0
397166.039518882,-1106.15050218563,0
397162.692996199,-1144.43886104018,0
397159.232628205,-1182.71694251917,0
397155.658446519,-1220.98440294233,0
397151.970483801,-1259.24089873164,0
397148.168773751,-1297.48608641421,0
397144.253351106,-1335.71962262592,0
397140.224251642,-1373.9411641144,0
397136.081512173,-1412.15036774258,0
397131.82517055,-1450.34689049182,0
397127.455265661,-1488.53038946523,0
397122.97183743,-1526.70052189101,0
397118.37492682,-1564.85694512561,0
397113.664575826,-1602.99931665721,0
397108.840827481,-1641.12729410871,0
397103.90372585,-1679.24053524135,0
397098.853316035,-1717.33869795761,0
397093.68964417,-1755.4214403049,0
397088.412757423,-1793.48842047836,0
397083.022703994,-1831.53929682462,0
397077.519533117,-1869.57372784456,0
397071.903295056,-1907.5913721971,0
397066.174041106,-1945.5918887019,0
397060.331823594,-1983.57493634321,0
397054.376695874,-2021.54017427253,0
397048.308712334,-2059.48726181242,0
397042.127928385,-2097.41585845922,0
397035.834400472,-2135.32562388685,0
397029.428186063,-2173.21621794947,0
397022.909343656,-2211.08730068529,0
397016.277932772,-2248.9385323193,0
397009.534013961,-2286.76957326697,0
397002.677648796,-2324.58008413703,0
396995.708899874,-2362.36972573514,0
396988.627830817,-2400.13815906674,0
396981.434506269,-2437.88504534053,0
396974.128991895,-2475.6100459716,0
396966.711354384,-2513.31282258459,0
396959.181661443,-2550.99303701707,0
396951.5399818,-2588.65035132248,0
396943.786385204,-2626.28442777375,0
396935.920942419,-2663.89492886597,0
396927.943725228,-2701.48151732021,0
396919.854806434,-2739.04385608604,0
396911.65425985,-2776.58160834545,0
396903.342160309,-2814.09443751528,0
396894.918583657,-2851.5820072512,0
396886.383606752,-2889.04398145014,0
396877.737307468,-2926.48002425409,0
396868.979764688,-2963.88980005285,0
396860.111058308,-3001.27297348743,0
396851.131269231,-3038.6292094532,0
396842.040479374,-3075.95817310286,0
396832.838771658,-3113.25952985004,0
396823.526230014,-3150.53294537176,0
396814.102939378,-3187.77808561251,0
396804.568985693,-3224.99461678635,0
396794.924455906,-3262.18220538112,0
396785.169437967,-3299.34051816061,0
396775.304020831,-3336.46922216847,0
396765.328294451,-3373.5679847309,0
396755.242349784,-3410.63647345981,0
396745.046278786,-3447.67435625632,0
396734.740174412,-3484.6813013132,0
396724.324130613,-3521.65697711888,0
396713.798242339,-3558.60105245954,0
396703.162605535,-3595.51319642325,0
396692.417317139,-3632.39307840221,0
396681.562475086,-3669.2403680964,0
396670.598178301,-3706.05473551655,0
396659.524526701,-3742.83585098687,0
396648.341621193,-3779.58338514892,0
396637.049563675,-3816.29700896367,0
396625.648457031,-3852.97639371562,0
396614.138405133,-3889.62121101499,0
396602.51951284,-3926.23113280139,0
396590.791885994,-3962.80583134667,0
396578.955631422,-3999.34497925769,0
396567.010856933,-4035.84824948016,0
396554.957671317,-4072.31531530057,0
396542.796184344,-4108.74585035045,0
396530.526506765,-4145.13952860831,0
396518.148750305,-4181.49602440343,0
396505.66302767,-4217.8150124187,0
396493.069452538,-4254.09616769317,0
396480.368139563,-4290.33916562606,0
396467.559204369,-4326.54368197854,0
396454.642763557,-4362.70939287791,0
396441.618934693,-4398.8359748198,0
396428.487836314,-4434.92310467135,0
396415.249587926,-4470.97045967471,0
396401.904310001,-4506.97771744898,0
396388.452123975,-4542.94455599446,0
396374.89315225,-4578.87065369446,0
396361.227518188,-4614.75568931906,0
396347.455346114,-4650.59934202791,0
396333.576761314,-4686.40129137263,0
396319.591890031,-4722.16121730084,0
396305.500859464,-4757.87880015787,0
396291.303797772,-4793.55372069077,0
396277.000834064,-4829.18566005068,0
396262.592098406,-4864.7742997956,0
396248.077721813,-4900.31932189413,0
396233.457836252,-4935.82040872722,0
396218.732574638,-4971.27724309224,0
396203.902070834,-5006.68950820512,0
396188.966459649,-5042.05688770335,0
396173.925876837,-5077.3790656495,0
396158.780459095,-5112.65572653296,0
396143.530344061,-5147.88655527409,0
396128.175670315,-5183.0712372262,0
396112.716577374,-5218.20945817861,0
396097.153205693,-5253.30090436011,0
396081.485696664,-5288.34526244064,0
396065.714192612,-5323.34221953548,0
396049.838836795,-5358.29146320712,0
396033.859773403,-5393.19268146834,0
396017.777147556,-5428.04556278562,0
396001.5911053,-5462.84979608081,0
395985.301793611,-5497.60507073525,0
395968.909360388,-5532.31107659167,0
395952.413954454,-5566.96750395713,0
395935.815725555,-5601.57404360656,0
395919.114824355,-5636.13038678425,0
395902.31140244,-5670.63622520795,0
395885.405612311,-5705.09125107094,0
395868.397607386,-5739.4951570446,0
395851.287541996,-5773.84763628219,0
395834.075571386,-5808.14838242025,0
395816.761851709,-5842.39708958248,0
395799.34654003,-5876.59345238217,0
395781.82979432,-5910.73716592428,0
395764.211773457,-5944.82792580945,0
395746.492637221,-5978.8654281355,0
395728.672546297,-6012.8493695008,0
395710.751662269,-6046.77944700723,0
395692.730147622,-6080.65535826179,0
395674.608165736,-6114.47680138077,0
395656.385880889,-6148.24347499138,0
395638.063458252,-6181.95507823457,0
395619.641063887,-6215.61131076854,0
395601.11886475,-6249.21187277006,0
395582.497028682,-6282.75646493834,0
395563.775724414,-6316.24478849732,0
395544.955121561,-6349.67654519759,0
395526.035390622,-6383.05143732052,0
395507.016702977,-6416.36916767949,0
395487.899230886,-6449.62943962312,0
395468.68314749,-6482.83195703839,0
395449.368626801,-6515.97642435195,0
395429.955843712,-6549.06254653415,0
395410.444973984,-6582.09002910098,0
395390.836194252,-6615.05857811614,0
395371.129682017,-6647.96790019504,0
395351.325615651,-6680.81770250589,0
395331.424174389,-6713.60769277309,0
395311.425538332,-6746.33757928007,0
395291.329888439,-6779.00707087068,0
395271.137406533,-6811.61587695308,0
395250.848275293,-6844.16370750169,0
395230.462678254,-6876.65027305913,0
395209.980799807,-6909.07528474024,0
395189.402825194,-6941.4384542331,0
395168.728940508,-6973.73949380223,0
395147.959332691,-7005.9781162916,0
395127.09418953,-7038.15403512576,0
395106.13369966,-7070.26696431373,0
395085.078052555,-7102.31661845102,0
395063.927438534,-7134.3027127213,0
395042.682048752,-7166.22496290043,0
395021.342075203,-7198.08308535765,0
394999.907710714,-7229.87679705824,0
394978.379148947,-7261.60581556693,0
394956.756584395,-7293.26985904887,0
394935.040212379,-7324.86864627309,0
394913.230229049,-7356.40189661504,0
394891.326831378,-7387.86933005782,0
394869.330217165,-7419.27066719606,0
394847.240585027,-7450.60562923763,0
394825.058134404,-7481.87393800543,0
394802.78306555,-7513.07531594127,0
394780.415579537,-7544.20948610695,0
394757.955878247,-7575.27617218685,0
394735.404164375,-7606.27509849128,0
394712.760641426,-7637.20598995736,0
394690.025513711,-7668.06857215234,0
394667.198986344,-7698.86257127616,0
394644.281265247,-7729.58771416251,0
394621.272557138,-7760.24372828257,0
394598.173069536,-7790.8303417469,0
394574.983010756,-7821.34728330681,0
394551.70258991,-7851.79428235827,0
394528.332016898,-7882.17106894317,0
394504.871502416,-7912.47737375133,0
394481.321257943,-7942.71292812411,0
394457.681495748,-7972.87746405534,0
394433.952428884,-8002.97071419393,0
394410.134271182,-8032.99241184705,0
394386.227237259,-8062.94229098087,0
394362.231542505,-8092.82008622376,0
394338.147403088,-8122.62553286886,0
394313.975035948,-8152.35836687495,0
394289.714658798,-8182.01832486993,0
394265.366490119,-8211.60514415295,0
394240.930749159,-8241.11856269536,0
394216.407655932,-8270.55831914452,0
394191.797431214,-8299.92415282535,0
394167.10029654,-8329.2158037416,0
394142.316474207,-8358.43301257973,0
394117.446187264,-8387.57552070999,0
394092.489659517,-8416.64307018817,0
394067.447115522,-8445.63540375923,0
394042.318780586,-8474.55226485815,0
394017.104880763,-8503.39339761209,0
393991.80564285,-8532.15854684376,0
393966.42129439,-8560.84745807203,0
393940.952063665,-8589.45987751458,0
393915.398179695,-8617.99555209083,0
393889.759872238,-8646.45422942257,0
393864.037371785,-8674.83565783684,0
393838.230909558,-8703.1395863686,0
393812.34071751,-8731.3657647613,0
393786.36702832,-8759.51394347004,0
393760.310075393,-8787.58387366387,0
393734.170092855,-8815.57530722647,0
393707.947315554,-8843.48799675941,0
393681.641979056,-8871.32169558424,0
393655.254319643,-8899.07615774315,0
393628.78457431,-8926.75113800244,0
393602.232980763,-8954.34639185429,0
393575.599777419,-8981.86167551754,0
393548.885203398,-9009.29674594119,0
393522.089498528,-9036.651360806,0
393495.212903338,-9063.92527852535,0
393468.255659057,-9091.1182582487,0
393441.21800761,-9118.23005986316,0
393414.100191618,-9145.26044399424,0
393386.902454397,-9172.20917200951,0
393359.625039949,-9199.07600601985,0
393332.268192969,-9225.86070888043,0
393304.832158835,-9252.56304419419,0
393277.317183608,-9279.18277631316,0
393249.723514032,-9305.7196703393,0
393222.05139753,-9332.17349212811,0
393194.301082199,-9358.54400828979,0
393166.472816812,-9384.83098619014,0
393138.566850813,-9411.03419395409,0
393110.583434316,-9437.15340046688,0
393082.522818102,-9463.18837537491,0
393054.385253616,-9489.13888908926,0
393026.170992963,-9515.00471278683,0
392997.880288914,-9540.78561841118,0
392969.513394891,-9566.481378676,0
392941.070564974,-9592.09176706627,0
392912.552053897,-9617.61655783904,0
392883.958117041,-9643.05552602685,0
392855.289010436,-9668.40844743898,0
392826.544990759,-9693.6750986621,0
392797.726315329,-9718.85525706364,0
392768.833242105,-9743.9487007931,0
392739.866029686,-9768.9552087827,0
392710.824937304,-9793.87456075056,0
392681.710224826,-9818.70653720219,0
392652.52215275,-9843.45091943101,0
392623.260982203,-9868.10748952144,0
392593.926974936,-9892.67603035054,0
392564.520393327,-9917.15632558839,0
392535.041500372,-9941.54815970109,0
392505.490559686,-9965.85131795251,0
392475.867835502,-9990.06558640473,0
392446.173592666,-10014.1907519206,0
392416.408096636,-10038.226602166,0
392386.571613477,-10062.17292561,0
392356.664409862,-10086.0295115271,0
392326.686753068,-10109.7961500001,0
392296.638910974,-10133.4726319197,0
392266.521152055,-10157.0587489872,0
392236.333745387,-10180.5542937165,0
392206.076960636,-10203.9590594349,0
392175.751068063,-10227.2728402846,0
392145.356338515,-10250.4954312255,0
392114.893043429,-10273.6266280357,0
392084.361454823,-10296.6662273127,0
392053.761845298,-10319.6140264763,0
392023.094488035,-10342.4698237696,0
391992.35965679,-10365.2334182596,0
391961.557625894,-10387.9046098403,0
391930.688670249,-10410.4831992334,0
391899.753065328,-10432.9689879894,0
391868.751087168,-10455.36177849,0
391837.683012372,-10477.6613739496,0
391806.549118104,-10499.8675784157,0
391775.349682086,-10521.9801967713,0
391744.084982599,-10543.999034737,0
391712.755298475,-10565.9238988707,0
391681.360909101,-10587.7545965702,0
391649.90209441,-10609.4909360753,0
391618.379134882,-10631.1327264678,0
391586.792311542,-10652.6797776734,0
391555.141905955,-10674.131900464,0
391523.428200226,-10695.4889064586,0
391491.651476996,-10716.7506081235,0
391459.812019439,-10737.9168187759,0
391427.910111261,-10758.9873525842,0
391395.946036696,-10779.9620245685,0
391363.920080505,-10800.8406506038,0
391331.832527971,-10821.6230474205,0
391299.6836649,-10842.3090326052,0
391267.473777615,-10862.8984246028,0
391235.203152955,-10883.3910427183,0
391202.872078272,-10903.7867071169,0
391170.480841429,-10924.085238826,0
391138.029730799,-10944.2864597369,0
391105.519035257,-10964.3901926059,0
391072.949044183,-10984.3962610547,0
391040.320047459,-11004.304489573,0
391007.632335461,-11024.1147035197,0
390974.886199064,-11043.826729123,0
390942.081929634,-11063.4403934827,0
390909.219819026,-11082.9555245719,0
390876.300159585,-11102.3719512369,0
390843.32324414,-11121.6895031992,0
390810.289366001,-11140.9080110573,0
390777.198818959,-11160.0273062873,0
390744.051897283,-11179.0472212436,0
390710.848895716,-11197.9675891614,0
390677.59010947,-11216.7882441577,0
390644.275834231,-11235.5090212311,0
390610.90636615,-11254.1297562645,0
390577.482001841,-11272.6502860265,0
390544.00303838,-11291.0704481711,0
390510.469773305,-11309.3900812398,0
390476.882504605,-11327.6090246633,0
390443.241530727,-11345.7271187619,0
390409.547150568,-11363.7442047463,0
390375.799663473,-11381.6601247199,0
390341.999369233,-11399.4747216796,0
390308.146568082,-11417.187839516,0
390274.241560697,-11434.7993230155,0
390240.28464819,-11452.3090178618,0
390206.27613211,-11469.7167706358,0
390172.216314439,-11487.0224288171,0
390138.105497589,-11504.2258407858,0
390103.943984398,-11521.3268558236,0
390069.732078132,-11538.3253241132,0
390035.470082477,-11555.2210967412,0
390001.158301539,-11572.0140256991,0
389966.797039842,-11588.7039638834,0
389932.386602324,-11605.2907650965,0
389897.927294335,-11621.7742840495,0
389863.419421633,-11638.1543763618,0
389828.863290384,-11654.4308985617,0
389794.259207158,-11670.6037080888,0
389759.607478925,-11686.6726632949,0
389724.908413053,-11702.6376234438,0
389690.16231731,-11718.4984487128,0
389655.369499853,-11734.2550001949,0
389620.53026923,-11749.9071398985,0
389585.64493438,-11765.4547307481,0
389550.713804627,-11780.8976365864,0
389515.737189673,-11796.2357221753,0
389480.715399606,-11811.4688531957,0
389445.648744889,-11826.5968962489,0
389410.53753636,-11841.6197188583,0
389375.382085227,-11856.5371894702,0
389340.182703072,-11871.3491774531,0
389304.939701841,-11886.0555531007,0
389269.653393844,-11900.6561876323,0
389234.324091752,-11915.1509531929,0
389198.952108598,-11929.5397228544,0
389163.53775777,-11943.8223706173,0
389128.081353005,-11957.9987714112,0
389092.583208398,-11972.0688010948,0
389057.043638389,-11986.0323364576,0
389021.462957762,-11999.8892552214,0
388985.841481645,-12013.6394360399,0
388950.17952551,-12027.2827584998,0
388914.47740516,-12040.8191031225,0
388878.735436737,-12054.2483513644,0
388842.953936716,-12067.5703856175,0
388807.133221899,-12080.7850892101,0
388771.273609416,-12093.8923464087,0
388735.37541672,-12106.8920424181,0
388699.438961589,-12119.7840633814,0
388663.464562118,-12132.5682963821,0
388627.452536716,-12145.244629445,0
388591.403204108,-12157.8129515356,0
388555.316883331,-12170.2731525618,0
388519.193893728,-12182.6251233746,0
388483.034554947,-12194.8687557695,0
388446.83918694,-12207.0039424857,0
388410.608109961,-12219.0305772078,0
388374.341644559,-12230.9485545671,0
388338.040111578,-12242.7577701416,0
388301.703832155,-12254.4581204563,0
388265.333127717,-12266.0495029848,0
388228.928319977,-12277.5318161501,0
388192.489730929,-12288.9049593247,0
388156.017682856,-12300.168832831,0
388119.512498313,-12311.3233379431,0
388082.974500133,-12322.368376887,0
388046.404011422,-12333.3038528412,0
388009.80135556,-12344.1296699367,0
387973.166856191,-12354.8457332589,0
387936.500837224,-12365.4519488481,0
387899.803622834,-12375.9482236992,0
387863.075537456,-12386.3344657629,0
387826.316905778,-12396.6105839467,0
387789.528052744,-12406.7764881153,0
387752.709303554,-12416.832089091,0
387715.860983653,-12426.7772986539,0
387678.983418733,-12436.612029544,0
387642.076934731,-12446.3361954608,0
387605.141857823,-12455.9497110636,0
387568.178514428,-12465.4524919722,0
387531.187231196,-12474.8444547685,0
387494.168335011,-12484.1255169966,0
387457.122152988,-12493.2955971622,0
387420.049012472,-12502.3546147346,0
387382.949241029,-12511.3024901469,0
387345.823166449,-12520.1391447967,0
387308.67111674,-12528.8645010458,0
387271.493420132,-12537.4784822214,0
387234.290405064,-12545.9810126171,0
387197.062400185,-12554.3720174928,0
387159.809734359,-12562.651423075,0
387122.532736653,-12570.8191565576,0
387085.231736336,-12578.8751461029,0
387047.907062878,-12586.8193208417,0
387010.559045949,-12594.6516108735,0
386973.188015414,-12602.3719472669,0
386935.794301329,-12609.9802620612,0
386898.37823394,-12617.476488266,0
386860.94014368,-12624.8605598616,0
386823.48036117,-12632.1324117993,0
386785.999217208,-12639.2919800027,0
386748.497042774,-12646.3392013679,0
386710.974169021,-12653.2740137635,0
386673.430927282,-12660.0963560308,0
386635.867649056,-12666.8061679852,0
386598.28466601,-12673.4033904161,0
386560.682309977,-12679.8879650875,0
386523.060912956,-12686.2598347377,0
386485.420807104,-12692.5189430805,0
386447.762324734,-12698.6652348058,0
386410.085798315,-12704.6986555792,0
386372.391560468,-12710.6191520427,0
386334.679943966,-12716.426671815,0
386296.951281724,-12722.1211634924,0
386259.205906801,-12727.7025766488,0
386221.444152401,-12733.1708618356,0
386183.666351867,-12738.5259705826,0
386145.872838672,-12743.7678553986,0
386108.063946426,-12748.8964697712,0
386070.24000887,-12753.9117681672,0
386032.401359872,-12758.813706033,0
385994.548333423,-12763.6022397951,0
385956.681263637,-12768.2773268606,0
385918.80048475,-12772.8389256167,0
385880.906331114,-12777.2869954316,0
385842.999137192,-12781.621496655,0
385805.07923756,-12785.8423906179,0
385767.146966905,-12789.9496396331,0
385729.202660019,-12793.9432069953,0
385691.246651795,-12797.8230569819,0
385653.279277227,-12801.5891548527,0
385615.30087141,-12805.2414668503,0
385577.311769532,-12808.7799602005,0
385539.312306873,-12812.2046031124,0
385501.302818801,-12815.5153647789,0
385463.283640777,-12818.7122153765,0
385425.255108341,-12821.7951260658,0
385387.217557114,-12824.7640689919,0
385349.1713228,-12827.6190172842,0
385311.116741177,-12830.3599450568,0
385273.054148097,-12832.9868274089,0
385234.983879479,-12835.4996404247,0
385196.906271316,-12837.8983611738,0
385158.821659664,-12840.182967711,0
385120.730380638,-12842.3534390771,0
385082.632770418,-12844.4097552987,0
385044.52916524,-12846.3518973883,0
385006.419901391,-12848.1798473445,0
384968.305315213,-12849.8935881524,0
384930.185743096,-12851.4931037834,0
384892.061521477,-12852.9783791957,0
384853.932986836,-12854.349400334,0
384815.800475693,-12855.6061541301,0
384777.664324608,-12856.7486285026,0
384739.524870174,-12857.7768123573,0
384701.382449018,-12858.6906955872,0
384663.237397799,-12859.4902690726,0
384625.090053199,-12860.1755246813,0
384586.940751928,-12860.7464552683,0
384548.789830717,-12861.2030546767,0
384510.637626314,-12861.5453177367,0
384472.484475487,-12861.7732402667,0
384434.330715014,-12861.8868190726,0
384396.176681687,-12861.8860519483,0
384358.022712304,-12861.7709376755,0
384319.86914367,-12861.5414760239,0
384281.716312593,-12861.1976677513,0
384243.564555878,-12860.7395146035,0
384205.414210332,-12860.1670193141,0
384167.265612753,-12859.4801856051,0
384129.119099933,-12858.6790181865,0
384090.975008652,-12857.7635227563,0
384052.833675676,-12856.7337060007,0
384014.695437757,-12855.5895755939,0
383976.560631625,-12854.3311401983,0
383938.429593992,-12852.9584094644,0
383900.302661542,-12851.4713940306,0
383862.180170934,-12849.8701055233,0
383824.062458796,-12848.1545565571,0
383785.949861724,-12846.3247607344,0
383747.84271628,-12844.3807326454,0
383709.741358985,-12842.3224878683,0
383671.646126321,-12840.1500429691,0
383633.557354728,-12837.8634155014,0
383595.475380597,-12835.4626240063,0
383557.400540271,-12832.9476880128,0
383519.333170043,-12830.3186280372,0
383481.27360615,-12827.575465583,0
383443.222184771,-12824.7182231412,0
383405.179242029,-12821.7469241901,0
383367.145113979,-12818.6615931947,0
383329.120136616,-12815.4622556072,0
383291.104645864,-12812.1489378666,0
383253.098977577,-12808.7216673984,0
383215.103467536,-12805.1804726149,0
383177.118451445,-12801.5253829147,0
383139.144264931,-12797.7564286827,0
383101.181243537,-12793.8736412897,0
383063.229722723,-12789.8770530928,0
383025.290037862,-12785.7666974346,0
382987.362524237,-12781.5426086436,0
382949.447517038,-12777.2048220331,0
382911.545351361,-12772.7533739024,0
382873.656362204,-12768.1883015354,0
382835.780884463,-12763.5096432009,0
382797.919252931,-12758.7174381521,0
382760.071802297,-12753.8117266272,0
382722.238867138,-12748.7925498483,0
382684.420781921,-12743.6599500211,0
382646.617880999,-12738.4139703355,0
382608.830498609,-12733.0546549648,0
382571.058968866,-12727.5820490657,0
382533.303625762,-12721.9961987774,0
382495.564803167,-12716.2971512222,0
382457.842834823,-12710.4849545051,0
382420.138054338,-12704.559657713,0
382382.450795188,-12698.5213109145,0
382344.781390713,-12692.3699651602,0
382307.130174118,-12686.1056724823,0
382269.497478462,-12679.7284858936,0
382231.883636658,-12673.2384593875,0
382194.288981477,-12666.6356479382,0
382156.71384554,-12659.9201075004,0
382119.158561313,-12653.091895008,0
382081.623461105,-12646.1510683742,0
382044.108877072,-12639.0976864918,0
382006.615141208,-12631.9318092325,0
381969.142585342,-12624.6534974463,0
381931.691541138,-12617.2628129609,0
381894.26234009,-12609.7598185818,0
381856.855313525,-12602.1445780928,0
381819.47079259,-12594.4171562537,0
381782.109108257,-12586.5776188009,0
381744.770591319,-12578.6260324473,0
381707.455572389,-12570.562464882,0
381670.16438189,-12562.3869847691,0
381632.89735006,-12554.0996617474,0
381595.654806945,-12545.7005664304,0
381558.4370824,-12537.1897704066,0
381521.244506083,-12528.5673462374,0
381484.077407452,-12519.8333674576,0
381446.936115764,-12510.9879085746,0
381409.820960073,-12502.0310450693,0
381372.732269227,-12492.9628533937,0
381335.670371859,-12483.7834109711,0
381298.635596395,-12474.4927961961,0
381261.628271046,-12465.0910884343,0
381224.648723802,-12455.578368021,0
381187.697282433,-12445.9547162607,0
381150.774274487,-12436.2202154272,0
381113.880027288,-12426.3749487635,0
381077.014867927,-12416.4190004801,0
381040.179123265,-12406.3524557547,0
381003.37311993,-12396.1754007326,0
380966.597184314,-12385.8879225258,0
380929.851642568,-12375.4901092118,0
380893.136820597,-12364.9820498332,0
380856.453044068,-12354.363834398,0
380819.800638397,-12343.6355538789,0
380783.179928748,-12332.7973002116,0
380746.591240032,-12321.8491662947,0
380710.034896908,-12310.7912459904,0
380673.511223773,-12299.6236341226,0
380637.020544762,-12288.346426476,0
380600.563183747,-12276.9597197965,0
380564.139464334,-12265.4636117906,0
380527.749709861,-12253.8582011241,0
380491.394243388,-12242.1435874213,0
380455.073387704,-12230.3198712654,0
380418.787465322,-12218.3871541975,0
380382.536798472,-12206.3455387155,0
380346.321709099,-12194.1951282731,0
380310.142518867,-12181.9360272808,0
380273.999549149,-12169.568341104,0
380237.893121026,-12157.0921760621,0
380201.823555285,-12144.5076394282,0
380165.791172418,-12131.814839429,0
380129.796292616,-12119.0138852437,0
380093.839235769,-12106.1048870025,0
380057.92032146,-12093.0879557866,0
380022.039868967,-12079.9632036285,0
379986.198197258,-12066.7307435093,0
379950.395624984,-12053.390689359,0
379914.632470485,-12039.943156056,0
379878.909051779,-12026.3882594262,0
379843.225686566,-12012.7261162417,0
379807.582692219,-11998.9568442202,0
379771.980385786,-11985.0805620254,0
379736.419083987,-11971.0973892649,0
379700.899103207,-11957.0074464894,0
379665.420759498,-11942.8108551926,0
379629.984368576,-11928.5077378108,0
379594.590245814,-11914.0982177208,0
379559.238706244,-11899.5824192394,0
379523.930064552,-11884.9604676239,0
379488.664635075,-11870.2324890701,0
379453.442731801,-11855.398610711,0
379418.264668362,-11840.4589606171,0
379383.130758035,-11825.4136677957,0
379348.041313738,-11810.2628621886,0
379312.996648027,-11795.0066746722,0
379277.997073092,-11779.6452370571,0
379243.042900759,-11764.1786820864,0
379208.134442481,-11748.6071434349,0
379173.272009339,-11732.9307557082,0
379138.455912042,-11717.1496544429,0
379103.686460916,-11701.2639761042,0
379068.963965909,-11685.2738580851,0
379034.288736586,-11669.179438707,0
378999.661082126,-11652.9808572173,0
378965.081311316,-11636.6782537887,0
378930.549732555,-11620.2717695184,0
378896.066653848,-11603.761546428,0
378861.6323828,-11587.1477274611,0
378827.247226619,-11570.4304564828,0
378792.91149211,-11553.6098782796,0
378758.625485673,-11536.6861385577,0
378724.389513301,-11519.6593839413,0
378690.203880574,-11502.529761973,0
378656.068892663,-11485.2974211124,0
378621.984854321,-11467.9625107344,0
378587.952069883,-11450.5251811283,0
378553.970843261,-11432.9855834982,0
378520.041477948,-11415.3438699602,0
378486.164277005,-11397.6001935418,0
378452.339543068,-11379.7547081815,0
378418.567578339,-11361.8075687276,0
378384.848684586,-11343.7589309363,0
378351.18316314,-11325.6089514711,0
378317.571314893,-11307.3577879028,0
378284.013440292,-11289.0055987066,0
378250.509839341,-11270.5525432616,0
378217.060811595,-11251.9987818509,0
378183.66665616,-11233.344475659,0
378150.327671686,-11214.5897867708,0
378117.04415637,-11195.7348781714,0
378083.816407949,-11176.7799137447,0
378050.644723698,-11157.7250582713,0
378017.52940043,-11138.5704774281,0
377984.47073449,-11119.316337788,0
377951.469021754,-11099.9628068169,0
377918.524557627,-11080.5100528734,0
377885.637637037,-11060.9582452083,0
377852.808554439,-11041.3075539627,0
377820.037603804,-11021.558150166,0
377787.325078621,-11001.7102057365,0
377754.671271898,-10981.7638934791,0
377722.076476149,-10961.7193870839,0
377689.540983402,-10941.5768611251,0
377657.06508519,-10921.3364910609,0
377624.649072551,-10900.9984532305,0
377592.293236024,-10880.5629248534,0
377559.997865647,-10860.0300840293,0
377527.763250954,-10839.4001097355,0
377495.589680973,-10818.6731818254,0
377463.477444223,-10797.8494810287,0
377431.426828712,-10776.9291889493,0
377399.438121931,-10755.9124880629,0
377367.511610858,-10734.7995617176,0
377335.64758195,-10713.5905941318,0
377303.846321139,-10692.2857703922,0
377272.108113836,-10670.885276453,0
377240.433244923,-10649.3892991353,0
377208.821998751,-10627.7980261245,0
377177.274659141,-10606.1116459691,0
377145.791509375,-10584.3303480807,0
377114.372832201,-10562.4543227309,0
377083.018909823,-10540.4837610503,0
377051.730023904,-10518.4188550284,0
377020.50645556,-10496.2597975106,0
376989.348485359,-10474.0067821972,0
376958.25639332,-10451.6600036427,0
376927.230458905,-10429.2196572538,0
376896.270961021,-10406.6859392875,0
376865.378178017,-10384.0590468504,0
376834.552387681,-10361.3391778976,0
376803.793867235,-10338.5265312298,0
376773.102893335,-10315.6213064928,0
376742.47974207,-10292.6237041767,0
376711.924688956,-10269.5339256125,0
376681.438008931,-10246.3521729721,0
376651.019976362,-10223.0786492668,0
376620.670865034,-10199.7135583451,0
376590.390948147,-10176.2571048908,0
376560.180498321,-10152.7094944233,0
376530.039787586,-10129.0709332942,0
376499.969087383,-10105.3416286861,0
376469.96866856,-10081.5217886121,0
376440.038801371,-10057.6116219133,0
376410.17975547,-10033.6113382568,0
376380.391799916,-10009.5211481356,0
376350.675203159,-9985.34126286585,0
376321.030233049,-9961.07189458498,0
376291.457156825,-9936.71325625145,0
376261.956241117,-9912.26556164221,0
376232.527751942,-9887.7290253505,0
376203.171954702,-9863.10386278562,0
376173.889114181,-9838.39029017066,0
376144.67949454,-9813.58852453996,0
376115.543359321,-9788.69878373887,0
376086.480971438,-9763.72128642169,0
376057.492593177,-9738.65625204892,0
376028.578486195,-9713.50390088694,0
375999.738911514,-9688.26445400612,0
375970.974129521,-9662.93813327794,0
375942.284399965,-9637.52516137451,0
375913.669981954,-9612.02576176692,0
375885.131133954,-9586.44015872218,0
375856.668113783,-9560.76857730265,0
375828.281178614,-9535.01124336455,0
375799.970584966,-9509.16838355473,0
375771.736588706,-9483.24022531006,0
375743.579445048,-9457.22699685605,0
375715.499408544,-9431.12892720348,0
375687.496733086,-9404.94624614778,0
375659.571671905,-9378.67918426765,0
375631.724477565,-9352.32797292166,0
375603.955401961,-9325.89284424759,0
375576.26469632,-9299.37403116103,0
375548.652611193,-9272.77176735193,0
375521.119396459,-9246.08628728399,0
375493.665301315,-9219.31782619313,0
375466.290574281,-9192.46662008407,0
375438.995463192,-9165.53290572972,0
375411.780215199,-9138.51692066955,0
375384.645076765,-9111.41890320621,0
375357.590293663,-9084.23909240488,0
375330.616110973,-9056.97772809156,0
375303.722773079,-9029.63505084971,0
375276.910523669,-9002.21130201962,0
375250.179605731,-8974.70672369656,0
375223.530261551,-8947.12155872746,0
375196.962732709,-8919.45605071034,0
375170.477260079,-8891.71044399222,0
375144.074083825,-8863.88498366593,0
375117.753443399,-8835.97991556954,0
375091.515577538,-8807.9954862841,0
375065.360724265,-8779.93194313051,0
375039.289120881,-8751.78953416905,0
375013.301003967,-8723.56850819679,0
374987.396609379,-8695.26911474466,0
374961.576172248,-8666.89160407701,0
374935.839926977,-8638.43622718869,0
374910.188107234,-8609.90323580241,0
374884.62094596,-8581.29288236821,0
374859.138675354,-8552.60542006024,0
374833.741526882,-8523.84110277449,0
374808.429731267,-8495.00018512806,0
374783.20351849,-8466.08292245575,0
374758.063117786,-8437.089570808,0
374733.008757645,-8408.02038695018,0
374708.040665804,-8378.87562835872,0
374683.159069251,-8349.65555321964,0
374658.364194218,-8320.36042042734,0
374633.656266181,-8290.99048958083,0
374609.035509857,-8261.54602098241,0
374584.502149201,-8232.02727563621,0
374560.056407406,-8202.43451524435,0
374535.698506897,-8172.76800220603,0
374511.428669334,-8143.02799961544,0
374487.247115603,-8113.21477125824,0
374463.15406582,-8083.32858161079,0
374439.149739325,-8053.3696958375,0
374415.234354682,-8023.33837978773,0
374391.408129674,-7993.23489999503,0
374367.671281303,-7963.05952367397,0
374344.024025786,-7932.81251871754,0
374320.466578557,-7902.49415369625,0
374296.999154258,-7872.10469785455,0
374273.621966743,-7841.64442110873,0
374250.335229071,-7811.1135940458,0
374227.139153507,-7780.51248791955,0
374204.033951519,-7749.84137464909,0
374181.019833776,-7719.10052681714,0
374158.097010144,-7688.29021766614,0
374135.265689686,-7657.41072109725,0
374112.526080659,-7626.46231166786,0
374089.87839051,-7595.44526458819,0
374067.322825879,-7564.35985572036,0
374044.859592591,-7533.20636157527,0
374022.488895656,-7501.98505930973,0
374000.21093927,-7470.69622672554,0
373978.025926806,-7439.34014226568,0
373955.934060819,-7407.91708501222,0
373933.935543039,-7376.42733468497,0
373912.030574372,-7344.87117163743,0
373890.219354894,-7313.24887685538,0
373868.502083856,-7281.56073195471,0
373846.878959671,-7249.80701917768,0
373825.350179924,-7217.9880213919,0
373803.915941359,-7186.10402208725,0
373782.576439887,-7154.15530537281,0
373761.331870575,-7122.14215597585,0
373740.182427649,-7090.06485923794,0
373719.12830449,-7057.92370111282,0
373698.169693636,-7025.7189681649,0
373677.306786773,-6993.45094756503,0
373656.539774737,-6961.1199270893,0
373635.868847514,-6928.72619511636,0
373615.294194232,-6896.27004062388,0
373594.816003165,-6863.75175318748,0
373574.434461729,-6831.17162297718,0
373554.149756477,-6798.52994075467,0
373533.962073101,-6765.82699787206,0
373513.871596429,-6733.06308626763,0
373493.878510421,-6700.23849846423,0
373473.982998169,-6667.35352756696,0
373454.185241895,-6634.40846725925,0
373434.485422949,-6601.40361180181,0
373414.883721805,-6568.33925602911,0
373395.380318062,-6535.21569534647,0
373375.97539044,-6502.03322572877,0
373356.66911678,-6468.79214371617,0
373337.461674038,-6435.4927464124,0
373318.35323829,-6402.13533148241,0
373299.343984723,-6368.72019714837,0
373280.434087637,-6335.24764218859,0
373261.623720443,-6301.71796593383,0
373242.913055658,-6268.13146826446,0
373224.302264908,-6234.48844960902,0
373205.791518922,-6200.78921093986,0
373187.380987533,-6167.03405377157,0
373169.070839674,-6133.22328015816,0
373150.861243377,-6099.3571926894,0
373132.752365772,-6065.43609448956,0
373114.744373084,-6031.46028921337,0
373096.837430629,-5997.43008104368,0
373079.03170282,-5963.34577468941,0
373061.327353154,-5929.20767538139,0
373043.724544222,-5895.01608887086,0
373026.223437696,-5860.77132142613,0
373008.824194336,-5826.47367982939,0
372991.526973983,-5792.1234713751,0
372974.33193556,-5757.72100386575,0
372957.239237069,-5723.26658561006,0
372940.249035589,-5688.76052541997,0
372923.361487276,-5654.20313260714,0
372906.576747358,-5619.59471698132,0
372889.894970138,-5584.93558884633,0
372873.316308988,-5550.22605899776,0
372856.840916347,-5515.4664387205,0
372840.468943726,-5480.6570397847,0
372824.200541698,-5445.79817444432,0
372808.035859899,-5410.89015543317,0
372791.975047031,-5375.93329596234,0
372776.018250854,-5340.92790971783,0
372760.165618188,-5305.87431085653,0
372744.417294908,-5270.7728140046,0
372728.773425946,-5235.62373425354,0
372713.23415529,-5200.42738715756,0
372697.799625979,-5165.18408873129,0
372682.4699801,-5129.89415544551,0
372667.245358793,-5094.55790422565,0
372652.125902245,-5059.17565244783,0
372637.111749687,-5023.74771793612,0
372622.203039397,-4988.2744189602,0
372607.399908694,-4952.7560742312,0
372592.70249394,-4917.19300290002,0
372578.110930535,-4881.58552455335,0
372563.625352918,-4845.933959211,0
372549.245894567,-4810.23862732342,0
372534.972687992,-4774.49984976751,0
372520.80586474,-4738.71794784502,0
372506.745555386,-4702.89324327836,0
372492.791889541,-4667.0260582081,0
372478.944995842,-4631.11671519022,0
372465.205001955,-4595.16553719215,0
372451.572034572,-4559.17284759093,0
372438.046219411,-4523.13897016902,0
372424.627681213,-4487.06422911196,0
372411.316543741,-4450.94894900526,0
372398.112929779,-4414.79345483067,0
372385.016961131,-4378.59807196428,0
372372.028758618,-4342.36312617209,0
372359.148442079,-4306.08894360803,0
372346.376130368,-4269.77585081026,0
372333.711941351,-4233.42417469806,0
372321.155991909,-4197.03424256931,0
372308.708397933,-4160.60638209639,0
372296.369274325,-4124.14092132419,0
372284.138734995,-4087.63818866595,0
372272.016892859,-4051.09851290081,0
372260.003859842,-4014.52222317055,0
372248.09974687,-3977.90964897595,0
372236.304663877,-3941.26112017464,0
372224.618719796,-3904.57696697669,0
372213.042022562,-3867.85751994268,0
372201.574679108,-3831.10310997956,0
372190.216795369,-3794.31406833799,0
372178.968476275,-3757.49072660924,0
372167.829825752,-3720.63341672138,0
372156.800946722,-3683.74247093708,0
372145.8819411,-3646.81822184931,0
372135.072909793,-3609.86100237914,0
372124.373952702,-3572.87114577178,0
372113.785168714,-3535.84898559382,0
372103.306655709,-3498.79485572993,0
372092.938510553,-3461.70909037929,0
372082.680829099,-3424.59202405314,0
372072.533706186,-3387.4439915705,0
372062.497235638,-3350.26532805603,0
372052.571510262,-3313.05636893584,0
372042.756621848,-3275.81744993493,0
372033.052661168,-3238.5489070736,0
372023.459717971,-3201.25107666412,0
372013.977880991,-3163.92429530795,0
372004.607237935,-3126.5688998917,0
371995.34787549,-3089.18522758482,0
371986.199879319,-3051.77361583528,0
371977.163334061,-3014.3344023673,0
371968.238323327,-2976.86792517719,0
371959.424929703,-2939.37452253078,0
371950.723234748,-2901.85453295959,0
371942.133318991,-2864.30829525781,0
371933.655261932,-2826.7361484791,0
371925.289142041,-2789.13843193278,0
371917.035036757,-2751.51548518132,0
371908.893022484,-2713.86764803611,0
371900.863174598,-2676.19526055503,0
371892.945567435,-2638.49866303831,0
371885.140274301,-2600.77819602598,0
371877.447367464,-2563.03420029383,0
371869.866918156,-2525.26701685066,0
371862.398996571,-2487.47698693449,0
371855.043671866,-2449.66445200957,0
371847.801012156,-2411.82975376279,0
371840.671084521,-2373.97323410044,0
371833.653954997,-2336.09523514492,0
371826.749688579,-2298.19609923113,0
371819.958349219,-2260.27616890352,0
371813.27999983,-2222.33578691223,0
371806.714702277,-2184.37529621027,0
371800.262517383,-2146.39503994956,0
371793.923504925,-2108.3953614782,0
371787.697723634,-2070.37660433637,0
371781.585231196,-2032.33911225376,0
371775.586084249,-1994.28322914533,0
371769.700338383,-1956.20929910878,0
371763.92804814,-1918.11766642034,0
371758.269267012,-1880.00867553213,0
371752.724047443,-1841.88267106811,0
371747.292440824,-1803.73999782124,0
371741.974497498,-1765.58100074957,0
371736.770266755,-1727.40602497338,0
371731.679796833,-1689.21541577115,0
371726.703134917,-1651.00951857681,0
371721.840327139,-1612.78867897571,0
371717.091418579,-1574.55324270175,0
371712.45645326,-1536.30355563347,0
371707.935474151,-1498.03996379114,0
371703.528523166,-1459.76281333275,0
371699.235641164,-1421.47245055124,0
371695.056867947,-1383.16922187043,0
371690.992242259,-1344.85347384217,0
371687.041801789,-1306.52555314242,0
371683.205583166,-1268.1858065682,0
371679.483621964,-1229.83458103389,0
371675.875952694,-1191.47222356793,0
371672.382608814,-1153.09908130937,0
371669.003622716,-1114.71550150436,0
371665.739025738,-1076.32183150281,0
371662.588848155,-1037.9184187548,0
371659.553119183,-999.505610807382,0
371656.631866974,-961.083755300755,0
371653.825118624,-922.653199965257,0
371651.132900164,-884.214292617528,0
371648.555236563,-845.767381157313,0
371646.092151731,-807.312813563898,0
371643.743668513,-768.850937892625,0
371641.509808692,-730.38210227159,0
371639.390592989,-691.906654897973,0
371637.38604106,-653.424944034766,0
371635.496171501,-614.937318007198,0
371633.721001842,-576.444125199294,0
371632.060548549,-537.945714050501,0
371630.514827025,-499.442433052079,0
371629.08385161,-460.934630743752,0
371627.767635576,-422.422655710206,0
371626.566191135,-383.90685657761,0
371625.479529432,-345.387582010166,0
371624.507660548,-306.865180706646,0
371623.650593498,-268.340001396917,0
371622.908336233,-229.81239283846,0
371622.28089564,-191.282703812956,0
371621.768277538,-152.751283122711,0
371621.370486684,-114.218479587314,0
371621.087526768,-75.6846420401045,0
371620.919400415,-37.1501193246604,0
371620.866109184,1.38473970858436,0
371620.927653571,39.9195862058492,0
371621.104033004,78.4540713135189,0
371621.395245846,116.987846181517,0
371621.801289397,155.520561966887,0
371622.322159888,194.051869837165,0
371622.95785249,232.581420973894,0
371623.708361303,271.108866576127,0
371624.573679365,309.633857863813,0
371625.553798649,348.156046081311,0
371626.648710063,386.675082500918,0
371627.858403449,425.190618426215,0
371629.182867586,463.702305195586,0
371630.622090187,502.209794185772,0
371632.1760579,540.712736815181,0
371633.844756311,579.210784547464,0
371635.628169941,617.70358889496,0
371637.526282246,656.190801422105,0
371639.539075619,694.672073748966,0
371641.66653139,733.147057554681,0
371643.908629825,771.615404580884,0
371646.265350127,810.076766635208,0
371648.736670437,848.530795594725,0
371651.322567832,886.977143409386,0
371654.023018328,925.415462105563,0
371656.837996878,963.845403789316,0
371659.767477374,1002.26662065011,0
371662.811432647,1040.67876496403,0
371665.969834466,1079.08148909731,0
371669.242653539,1117.47444550994,0
371672.629859515,1155.85728675874,0
371676.131420981,1194.22966550131,0
371679.747305467,1232.59123449895,0
371683.477479441,1270.94164662053,0
371687.321908314,1309.28055484566,0
371691.280556437,1347.60761226825,0
371695.353387105,1385.92247209995,0
371699.540362552,1424.22478767349,0
371703.841443959,1462.51421244624,0
371708.256591447,1500.79040000351,0
371712.785764083,1539.05300406216,0
371717.428919876,1577.30167847373,0
371722.186015781,1615.53607722827,0
371727.057007698,1653.75585445729,0
371732.041850474,1691.96066443767,0
371737.1404979,1730.15016159461,0
371742.352902715,1768.32400050548,0
371747.679016606,1806.48183590279,0
371753.118790206,1844.62332267808,0
371758.672173099,1882.74811588479,0
371764.339113816,1920.85587074225,0
371770.119559839,1958.94624263845,0
371776.013457599,1997.01888713413,0
371782.020752481,2035.07345996543,0
371788.141388818,2073.109617048,0
371794.375309896,2111.12701447975,0
371800.722457956,2149.12530854486,0
371807.182774191,2187.10415571646,0
371813.756198748,2225.06321266081,0
371820.44267073,2263.00213623983,0
371827.242128195,2300.92058351528,0
371834.154508159,2338.81821175142,0
371841.179746591,2376.69467841902,0
371848.317778423,2414.54964119806,0
371855.568537543,2452.3827579818,0
371862.931956799,2490.19368687944,0
371870.407967998,2527.98208622008,0
371877.996501911,2565.74761455559,0
371885.697488267,2603.48993066426,0
371893.510855761,2641.20869355403,0
371901.436532049,2678.90356246578,0
371909.474443754,2716.57419687685,0
371917.624516462,2754.22025650402,0
371925.886674725,2791.84140130733,0
371934.260842064,2829.43729149281,0
371942.746940965,2867.00758751649,0
371951.344892885,2904.55195008688,0
371960.054618251,2942.07004016923,0
371968.876036457,2979.56151898788,0
371977.809065873,3017.02604803039,0
371986.853623838,3054.46328905019,0
371996.009626667,3091.87290407033,0
372005.276989647,3129.25455538653,0
372014.655627043,3166.60790557043,0
372024.145452093,3203.93261747316,0
372033.746377017,3241.22835422811,0
372043.458313008,3278.49477925489,0
372053.281170243,3315.73155626174,0
372063.214857877,3352.93834924974,0
372073.259284047,3390.11482251512,0
372083.414355873,3427.26064065334,0
372093.679979458,3464.37546856173,0
372104.05605989,3501.458971443,0
372114.542501243,3538.51081480863,0
372125.139206578,3575.53066448152,0
372135.846077943,3612.51818660008,0
372146.663016377,3649.47304762049,0
372157.589921908,3686.39491432086,0
372168.626693557,3723.28345380357,0
372179.773229334,3760.13833349916,0
372191.029426247,3796.95922116917,0
372202.395180298,3833.74578490927,0
372213.870386482,3870.49769315294,0
372225.454938796,3907.21461467381,0
372237.148730233,3943.89621858988,0
372248.951652786,3980.54217436564,0
372260.86359745,4017.15215181611,0
372272.88445422,4053.7258211095,0
372285.014112099,4090.26285277032,0
372297.25245909,4126.76291768316,0
372309.599382205,4163.22568709475,0
372322.054767462,4199.65083261837,0
372334.61849989,4236.03802623583,0
372347.290463526,4272.38694030136,0
372360.070541419,4308.69724754454,0
372372.958615629,4344.96862107298,0
372385.954567234,4381.20073437635,0
372399.058276323,4417.39326132831,0
372412.269622005,4453.54587619077,0
372425.588482405,4489.65825361611,0
372439.014734669,4525.73006865059,0
372452.548254964,4561.76099673773,0
372466.188918478,4597.75071372055,0
372479.936599423,4633.69889584578,0
372493.791171038,4669.60521976571,0
372507.752505586,4705.46936254222,0
372521.820474359,4741.29100164941,0
372535.99494768,4777.0698149763,0
372550.275794901,4812.80548083087,0
372564.662884407,4848.49767794171,0
372579.156083617,4884.14608546235,0
372593.755258986,4919.75038297349,0
372608.460276005,4955.31025048601,0
372623.270999205,4990.8253684447,0
372638.187292155,5026.29541773003,0
372653.209017466,5061.72007966246,0
372668.336036794,5097.09903600446,0
372683.568210836,5132.43196896374,0
372698.905399339,5167.71856119676,0
372714.347461094,5202.9584958105,0
372729.894253945,5238.15145636682,0
372745.545634785,5273.29712688432,0
372761.301459559,5308.39519184166,0
372777.161583268,5343.44533618092,0
372793.125859966,5378.44724530942,0
372809.194142766,5413.40060510404,0
372825.366283842,5448.30510191294,0
372841.642134425,5483.16042255901,0
372858.02154481,5517.96625434305,0
372874.504364356,5552.72228504567,0
372891.090441488,5587.42820293142,0
372907.779623698,5622.08369675072,0
372924.571757546,5656.68845574295,0
372941.466688665,5691.24216963991,0
372958.464261758,5725.74452866747,0
372975.564320605,5760.19522354972,0
372992.766708059,5794.59394551098,0
373010.071266051,5828.9403862786,0
373027.477835594,5863.23423808667,0
373044.986256779,5897.47519367742,0
373062.596368783,5931.66294630538,0
373080.308009864,5965.79718973954,0
373098.121017369,5999.87761826572,0
373116.035227733,6033.90392669063,0
373134.050476481,6067.87581034314,0
373152.166598229,6101.79296507807,0
373170.383426687,6135.65508727892,0
373188.700794661,6169.46187385962,0
373207.118534054,6203.2130222688,0
373225.636475868,6236.90823049127,0
373244.254450206,6270.54719705113,0
373262.972286274,6304.12962101516,0
373281.789812383,6337.65520199413,0
373300.70685595,6371.12364014693,0
373319.7232435,6404.53463618262,0
373338.838800671,6437.88789136261,0
373358.05335221,6471.18310750472,0
373377.36672198,6504.41998698437,0
373396.77873296,6537.59823273804,0
373416.289207245,6570.71754826627,0
373435.897966053,6603.77763763497,0
373455.604829722,6636.77820547971,0
373475.409617715,6669.71895700731,0
373495.312148618,6702.5995979983,0
373515.312240148,6735.41983481079,0
373535.409709149,6768.17937438151,0
373555.6043716,6800.87792422938,0
373575.89604261,6833.51519245832,0
373596.284536426,6866.0908877585,0
373616.769666431,6898.60471941061,0
373637.351245149,6931.05639728741,0
373658.029084245,6963.44563185601,0
373678.802994527,6995.77213418179,0
373699.67278595,7028.03561592935,0
373720.638267616,7060.23578936591,0
373741.699247776,7092.37236736421,0
373762.855533834,7124.44506340365,0
373784.106932348,7156.45359157431,0
373805.453249031,7188.39766657882,0
373826.894288753,7220.27700373413,0
373848.429855547,7252.09131897562,0
373870.059752606,7283.84032885813,0
373891.783782286,7315.52375055877,0
373913.601746113,7347.14130188033,0
373935.513444778,7378.69270125209,0
373957.518678144,7410.17766773357,0
373979.617245247,7441.59592101684,0
374001.808944296,7472.94718142778,0
374024.09357268,7504.23116993015,0
374046.470926963,7535.44760812704,0
374068.940802893,7566.59621826286,0
374091.502995401,7597.67672322717,0
374114.157298602,7628.68884655565,0
374136.9035058,7659.63231243287,0
374159.741409488,7690.50684569553,0
374182.670801351,7721.31217183329,0
374205.69147227,7752.04801699224,0
374228.803212319,7782.71410797732,0
374252.005810773,7813.31017225338,0
374275.299056106,7843.83593794907,0
374298.682735997,7874.29113385846,0
374322.156637328,7904.67548944264,0
374345.72054619,7934.98873483353,0
374369.374247882,7965.23060083507,0
374393.117526916,7995.40081892532,0
374416.950167017,8025.49912126002,0
374440.871951127,8055.52524067344,0
374464.882661406,8085.47891068112,0
374488.982079236,8115.35986548291,0
374513.16998522,8145.16783996369,0
374537.446159187,8174.90256969672,0
374561.810380195,8204.56379094597,0
374586.262426529,8234.15124066709,0
374610.802075709,8263.66465651092,0
374635.429104487,8293.10377682545,0
374660.143288853,8322.46834065689,0
374684.944404035,8351.75808775341,0
374709.832224503,8380.97275856662,0
374734.806523971,8410.11209425289,0
374759.867075397,8439.17583667719,0
374785.013650989,8468.16372841407,0
374810.246022205,8497.07551274949,0
374835.563959754,8525.91093368439,0
374860.967233604,8554.66973593545,0
374886.455612976,8583.35166493733,0
374912.028866353,8611.9564668459,0
374937.686761482,8640.48388853891,0
374963.429065371,8668.93367761854,0
374989.255544297,8697.30558241439,0
375015.165963806,8725.59935198394,0
375041.160088714,8753.81473611554,0
375067.237683114,8781.95148533097,0
375093.398510372,8810.00935088595,0
375119.642333134,8837.98808477333,0
375145.968913328,8865.88743972536,0
375172.378012165,8893.70716921421,0
375198.869390141,8921.44702745538,0
375225.442807041,8949.10676940961,0
375252.098021941,8976.68615078351,0
375278.834793208,9004.1849280331,0
375305.652878508,9031.6028583654,0
375332.552034802,9058.93969973924,0
375359.532018351,9086.19521086875,0
375386.592584722,9113.36915122483,0
375413.733488784,9140.46128103603,0
375440.954484715,9167.47136129199,0
375468.255326002,9194.39915374483,0
375495.635765445,9221.24442091004,0
375523.09555516,9248.00692606996,0
375550.634446579,9274.68643327501,0
375578.252190453,9301.28270734466,0
375605.948536858,9327.79551387083,0
375633.723235192,9354.22461921917,0
375661.576034182,9380.56979052984,0
375689.506681883,9406.83079572108,0
375717.514925683,9433.00740349031,0
375745.600512305,9459.09938331498,0
375773.763187809,9485.10650545608,0
375802.002697593,9511.02854095921,0
375830.318786399,9536.86526165538,0
375858.711198312,9562.61644016454,0
375887.179676765,9588.2818498966,0
375915.72396454,9613.86126505222,0
375944.343803771,9639.35446062628,0
375973.038935948,9664.7612124089,0
376001.809101914,9690.08129698622,0
376030.654041876,9715.31449174377,0
376059.573495401,9740.46057486755,0
376088.56720142,9765.51932534481,0
376117.634898232,9790.49052296717,0
376146.776323506,9815.373948332,0
376175.991214282,9840.16938284294,0
376205.279306974,9864.87660871303,0
376234.640337375,9889.49540896617,0
376264.074040658,9914.02556743754,0
376293.580151375,9938.46686877661,0
376323.158403467,9962.81909844875,0
376352.808530258,9987.0820427356,0
376382.530264466,10011.2554887378,0
376412.3233382,10035.339224377,0
376442.187482961,10059.3330383959,0
376472.122429652,10083.2367203609,0
376502.127908574,10107.0500606643,0
376532.20364943,10130.7728505243,0
376562.349381328,10154.4048819876,0
376592.564832788,10177.9459479312,0
376622.849731734,10201.3958420632,0
376653.203805507,10224.7543589244,0
376683.626780863,10248.0212938907,0
376714.118383975,10271.1964431739,0
376744.678340437,10294.2796038229,0
376775.306375267,10317.2705737263,0
376806.002212908,10340.1691516134,0
376836.765577232,10362.9751370547,0
376867.596191541,10385.688330465,0
376898.493778573,10408.3085331046,0
376929.458060497,10430.8355470791,0
376960.488758928,10453.269175343,0
376991.585594916,10475.6092217005,0
377022.748288959,10497.8554908058,0
377053.976560999,10520.0077881658,0
377085.270130429,10542.065920142,0
377116.628716094,10564.0296939499,0
377148.05203629,10585.898917662,0
377179.539808776,10607.6734002094,0
377211.091750765,10629.3529513821,0
377242.707578934,10650.9373818305,0
377274.387009427,10672.4265030682,0
377306.129757853,10693.820127472,0
377337.935539292,10715.1180682827,0
377369.804068297,10736.3201396086,0
377401.735058895,10757.4261564255,0
377433.728224594,10778.4359345771,0
377465.783278379,10799.3492907784,0
377497.899932721,10820.1660426161,0
377530.077899575,10840.886008549,0
377562.316890386,10861.5090079105,0
377594.616616089,10882.0348609101,0
377626.976787115,10902.4633886335,0
377659.397113387,10922.7944130441,0
377691.877304333,10943.0277569858,0
377724.417068878,10963.1632441826,0
377757.016115453,10983.2006992398,0
377789.674151997,11003.1399476466,0
377822.390885957,11022.9808157768,0
377855.166024294,11042.7231308887,0
377887.999273482,11062.3667211282,0
377920.890339515,11081.9114155297,0
377953.838927905,11101.3570440158,0
377986.844743689,11120.7034373999,0
378019.907491429,11139.9504273877,0
