372396.801189603,4411.18314833902,0
372409.994066631,4447.34263779913,0
372423.294479369,4483.4619456446,0
372436.70230513,4519.54074685383,0
372450.217420249,4555.57871680177,0
372463.839700082,4591.57553126303,0
372477.569019009,4627.53086641431,0
372491.405250435,4663.44439883856,0
372505.348266791,4699.3158055268,0
372519.397939536,4735.14476388219,0
372533.554139158,4770.93095172258,0
372547.816735176,4806.67404728331,0
372562.185596142,4842.37372922114,0
372576.660589641,4878.02967661597,0
372591.241582291,4913.64156897515,0
372605.928439751,4949.20908623562,0
372620.721026714,4984.73190876707,0
372635.619206916,5020.20971737554,0
372650.622843131,5055.64219330521,0
372665.73179718,5091.02901824277,0
372680.945929925,5126.3698743193,0
372696.265101274,5161.66444411368,0
372711.689170184,5196.91241065589,0
372727.21799466,5232.11345742895,0
372742.851431759,5267.26726837317,0
372758.589337588,5302.37352788803,0
372774.431567309,5337.43192083551,0
372790.377975141,5372.44213254344,0
372806.428414358,5407.40384880728,0
372822.582737293,5442.31675589447,0
372838.84079534,5477.18054054616,0
372855.202438955,5511.99488998059,0
372871.667517657,5546.75949189636,0
372888.235880031,5581.47403447417,0
372904.907373729,5616.13820638114,0
372921.681845472,5650.7516967726,0
372938.559141051,5685.31419529517,0
372955.539105328,5719.82539209032,0
372972.621582243,5754.28497779589,0
372989.806414806,5788.69264355032,0
373007.093445108,5823.04808099464,0
373024.482514318,5857.35098227518,0
373041.973462687,5891.6010400474,0
373059.566129546,5925.79794747725,0
373077.260353313,5959.9413982452,0
373095.055971491,5994.03108654861,0
373112.952820671,6028.0667071039,0
373130.950736533,6062.04795515068,0
373149.049553851,6095.97452645307,0
373167.249106488,6129.84611730335,0
373185.549227407,6163.66242452484,0
373203.949748666,6197.42314547352,0
373222.45050142,6231.12797804231,0
373241.051315927,6264.77662066266,0
373259.752021547,6298.36877230748,0
373278.552446744,6331.90413249463,0
373297.452419089,6365.38240128826,0
373316.45176526,6398.80327930276,0
373335.550311046,6432.16646770505,0
373354.747881348,6465.47166821654,0
373374.04430018,6498.71858311726,0
373393.439390673,6531.90691524711,0
373412.932975074,6565.03636800919,0
373432.52487475,6598.10664537289,0
373452.214910191,6631.11745187518,0
373472.00290101,6664.06849262477,0
373491.888665943,6696.95947330395,0
373511.872022856,6729.79010017077,0
373531.952788744,6762.56008006305,0
373552.130779733,6795.26912039943,0
373572.405811082,6827.91692918283,0
373592.777697185,6860.50321500332,0
373613.246251573,6893.02768703943,0
373633.811286918,6925.4900550622,0
373654.472615033,6957.890029437,0
373675.230046872,6990.22732112559,0
373696.083392536,7022.50164169008,0
373717.032461274,7054.71270329402,0
373738.077061483,7086.86021870554,0
373759.217000712,7118.94390130043,0
373780.452085664,7150.96346506328,0
373801.782122196,7182.91862459129,0
373823.206915324,7214.80909509642,0
373844.726269225,7246.63459240696,0
373866.339987233,7278.39483297161,0
373888.047871852,7310.0895338607,0
373909.849724746,7341.71841276878,0
373931.745346752,7373.28118801809,0
373953.734537875,7404.77757855954,0
373975.817097291,7436.20730397607,0
373997.992823352,7467.57008448535,0
374020.261513587,7498.86564094083,0
374042.622964702,7530.09369483573,0
374065.076972585,7561.25396830478,0
374087.623332306,7592.34618412583,0
374110.261838122,7623.37006572392,0
374132.992283474,7654.32533717224,0
374155.814460995,7685.21172319474,0
374178.72816251,7716.02894916945,0
374201.733179034,7746.77674112944,0
374224.829300783,7777.45482576595,0
374248.016317168,7808.06293043113,0
374271.2940168,7838.60078313901,0
374294.662187494,7869.06811256912,0
374318.120616269,7899.46464806859,0
374341.669089351,7929.79011965329,0
374365.307392176,7960.04425801184,0
374389.03530939,7990.22679450687,0
374412.852624854,8020.33746117689,0
374436.759121644,8050.37599073998,0
374460.754582053,8080.34211659475,0
374484.838787597,8110.23557282274,0
374509.011519013,8140.05609419175,0
374533.272556262,8169.80341615656,0
374557.621678535,8199.47727486192,0
374582.058664249,8229.07740714533,0
374606.583291055,8258.60355053776,0
374631.195335837,8288.05544326705,0
374655.894574715,8317.43282426017,0
374680.680783049,8346.73543314404,0
374705.553735438,8375.96301024926,0
374730.513205726,8405.11529661179,0
374755.558967,8434.19203397407,0
374780.690791597,8463.19296478882,0
374805.908451103,8492.11783222031,0
374831.211716357,8520.9663801458,0
374856.600357451,8549.73835315928,0
374882.074143738,8578.43349657241,0
374907.632843826,8607.05155641634,0
374933.276225586,8635.59227944522,0
374959.004056156,8664.05541313696,0
374984.816101936,8692.4407056954,0
375010.712128598,8720.74790605354,0
375036.691901083,8748.97676387415,0
375062.755183608,8777.12702955231,0
375088.901739664,8805.19845421831,0
375115.131332021,8833.1907897382,0
375141.443722729,8861.10378871657,0
375167.838673123,8888.93720449922,0
375194.31594382,8916.69079117361,0
375220.875294727,8944.36430357194,0
375247.516485043,8971.95749727345,0
375274.239273256,8999.47012860497,0
375301.043417151,9026.90195464408,0
375327.928673811,9054.25273322122,0
375354.894799618,9081.52222292027,0
375381.941550255,9108.71018308175,0
375409.068680714,9135.81637380482,0
375436.275945288,9162.8405559478,0
375463.563097586,9189.78249113154,0
375490.929890523,9216.64194174114,0
375518.376076334,9243.4186709266,0
375545.901406567,9270.11244260615,0
375573.505632091,9296.72302146789,0
375601.188503096,9323.25017297042,0
375628.949769097,9349.69366334623,0
375656.789178937,9376.0532596032,0
375684.706480785,9402.32872952526,0
375712.701422144,9428.51984167576,0
375740.77374985,9454.62636539892,0
375768.923210078,9480.64807082049,0
375797.149548338,9506.58472885102,0
375825.452509486,9532.43611118743,0
375853.831837718,9558.20199031347,0
375882.28727658,9583.88213950311,0
375910.818568965,9609.47633282197,0
375939.425457119,9634.98434512787,0
375968.10768264,9660.40595207405,0
375996.864986485,9685.74093011069,0
376025.697108968,9710.98905648545,0
376054.603789765,9736.15010924649,0
376083.584767919,9761.22386724418,0
376112.639781834,9786.21011013151,0
376141.768569289,9811.10861836703,0
376170.97086743,9835.91917321664,0
376200.246412781,9860.64155675397,0
376229.59494124,9885.27555186314,0
376259.016188085,9909.82094224071,0
376288.509887977,9934.27751239602,0
376318.075774959,9958.64504765371,0
376347.713582463,9982.9233341559,0
376377.42304331,10007.1121588625,0
376407.203889711,10031.2113095533,0
376437.055853276,10055.2205748307,0
376466.978665007,10079.1397441197,0
376496.972055308,10102.9686076699,0
376527.035753987,10126.7069565583,0
376557.169490253,10150.3545826893,0
376587.372992724,10173.9112787967,0
376617.64598943,10197.3768384461,0
376647.98820781,10220.7510560357,0
376678.39937472,10244.0337267972,0
376708.879216434,10267.224646799,0
376739.427458645,10290.3236129468,0
376770.043826469,10313.3304229841,0
376800.728044448,10336.2448754959,0
376831.479836551,10359.066769909,0
376862.298926179,10381.7959064924,0
376893.185036164,10404.4320863609,0
376924.137888777,10426.9751114759,0
376955.157205724,10449.4247846454,0
376986.242708154,10471.7809095273,0
377017.394116658,10494.0432906305,0
377048.611151275,10516.2117333155,0
377079.89353149,10538.2860437959,0
377111.240976243,10560.2660291416,0
377142.653203926,10582.1514972778,0
377174.129932385,10603.9422569873,0
377205.670878931,10625.6381179132,0
377237.275760332,10647.2388905584,0
377268.944292822,10668.7443862875,0
377300.676192102,10690.154417329,0
377332.471173344,10711.4687967762,0
377364.328951189,10732.6873385877,0
377396.249239756,10753.8098575899,0
377428.231752641,10774.8361694784,0
377460.27620292,10795.7660908181,0
377492.382303149,10816.5994390454,0
377524.549765375,10837.3360324701,0
377556.778301128,10857.9756902754,0
377589.067621431,10878.5182325194,0
377621.417436801,10898.963480138,0
377653.827457249,10919.3112549442,0
377686.297392287,10939.5613796298,0
377718.826950926,10959.7136777678,0
377751.415841682,10979.7679738129,0
377784.063772578,10999.7240931018,0
377816.770451146,11019.581861856,0
377849.535584429,11039.3411071828,0
377882.358878986,11059.0016570753,0
377915.240040892,11078.5633404147,0
377948.178775742,11098.0259869718,0
377981.174788654,11117.389427407,0
378014.227784271,11136.6534932721,0
378047.337466764,11155.8180170121,0
378080.503539835,11174.8828319656,0
378113.725706717,11193.8477723656,0
378147.003670181,11212.7126733419,0
378180.337132536,11231.4773709216,0
378213.725795631,11250.1417020298,0
378247.169360861,11268.7055044911,0
378280.667529165,11287.1686170315,0
378314.220001034,11305.5308792784,0
378347.826476507,11323.7921317615,0
378381.486655182,11341.9522159156,0
378415.200236211,11360.0109740803,0
378448.966918307,11377.9682495008,0
378482.786399744,11395.8238863301,0
378516.658378366,11413.5777296301,0
378550.582551579,11431.2296253711,0
378584.558616362,11448.7794204341,0
378618.586269268,11466.2269626124,0
378652.665206426,11483.5721006115,0
378686.795123543,11500.8146840497,0
378720.975715905,11517.9545634611,0
378755.206678388,11534.9915902952,0
378789.487705449,11551.9256169176,0
378823.818491135,11568.7564966118,0
378858.19872909,11585.4840835806,0
378892.628112547,11602.108232946,0
378927.106334338,11618.62880075,0
378961.633086898,11635.0456439572,0
378996.208062263,11651.3586204547,0
379030.830952072,11667.5675890524,0
379065.501447575,11683.6724094851,0
379100.219239635,11699.6729424133,0
379134.984018724,11715.5690494236,0
379169.795474932,11731.3605930295,0
379204.65329797,11747.0474366732,0
379239.55717717,11762.6294447264,0
379274.506801485,11778.1064824897,0
379309.501859498,11793.4784161952,0
379344.542039424,11808.7451130072,0
379379.627029108,11823.9064410223,0
379414.756516028,11838.9622692702,0
379449.930187303,11853.9124677157,0
379485.147729694,11868.7569072591,0
379520.408829602,11883.4954597359,0
379555.713173074,11898.1279979189,0
379591.06044581,11912.6543955194,0
379626.450333158,11927.0745271867,0
379661.882520119,11941.3882685094,0
379697.356691353,11955.5954960168,0
379732.872531182,11969.6960871796,0
379768.429723586,11983.6899204094,0
379804.02795221,11997.576875061,0
379839.666900371,12011.3568314331,0
379875.346251053,12025.0296707682,0
379911.065686913,12038.5952752534,0
379946.824890286,12052.0535280222,0
379982.623543184,12065.4043131548,0
380018.461327302,12078.6475156782,0
380054.337924015,12091.7830215671,0
380090.253014389,12104.8107177458,0
380126.206279179,12117.7304920879,0
380162.19739883,12130.5422334166,0
380198.226053482,12143.2458315064,0
380234.291922975,12155.8411770837,0
380270.394686847,12168.328161827,0
380306.53402434,12180.7066783675,0
380342.709614401,12192.9766202903,0
380378.921135688,12205.1378821353,0
380415.168266566,12217.190359397,0
380451.450685116,12229.1339485254,0
380487.768069136,12240.9685469273,0
380524.120096144,12252.6940529666,0
380560.506443379,12264.3103659645,0
380596.926787803,12275.8173862001,0
380633.380806108,12287.2150149125,0
380669.868174717,12298.5031542999,0
380706.388569782,12309.68170752,0
380742.941667194,12320.7505786918,0
380779.527142582,12331.7096728958,0
380816.144671316,12342.5588961746,0
380852.793928506,12353.2981555323,0
380889.474589015,12363.9273589371,0
380926.186327451,12374.4464153208,0
380962.928818175,12384.8552345794,0
380999.701735302,12395.1537275729,0
381036.504752706,12405.3418061277,0
381073.33754402,12415.4193830359,0
381110.199782641,12425.3863720559,0
381147.091141728,12435.2426879126,0
381184.011294213,12444.988246299,0
381220.959912798,12454.6229638764,0
381257.936669956,12464.1467582739,0
381294.941237938,12473.5595480897,0
381331.973288774,12482.8612528919,0
381369.03249428,12492.0517932188,0
381406.118526049,12501.1310905786,0
381443.231055467,12510.0990674505,0
381480.369753707,12518.9556472856,0
381517.534291739,12527.7007545069,0
381554.724340325,12536.3343145095,0
381591.939570023,12544.856253661,0
381629.179651198,12553.2664993029,0
381666.444254017,12561.5649797503,0
381703.73304845,12569.7516242922,0
381741.045704277,12577.8263631919,0
381778.381891094,12585.789127688,0
381815.741278309,12593.6398499949,0
381853.123535146,12601.3784633021,0
381890.528330649,12609.0049017752,0
381927.955333688,12616.5191005567,0
381965.404212957,12623.9209957664,0
382002.874636978,12631.2105245009,0
382040.366274101,12638.3876248341,0
382077.878792514,12645.4522358188,0
382115.411860241,12652.404297486,0
382152.965145144,12659.2437508455,0
382190.538314926,12665.9705378854,0
382228.131037134,12672.5846015741,0
382265.742979166,12679.0858858598,0
382303.373808268,12685.4743356705,0
382341.023191538,12691.7498969145,0
382378.690795928,12697.9125164808,0
382416.376288253,12703.9621422399,0
382454.079335187,12709.8987230434,0
382491.799603265,12715.7222087243,0
382529.53675889,12721.4325500974,0
382567.290468334,12727.0296989602,0
382605.060397744,12732.5136080925,0
382642.846213137,12737.8842312565,0
382680.647580408,12743.1415231974,0
382718.464165335,12748.2854396441,0
382756.295633576,12753.3159373087,0
382794.141650677,12758.2329738868,0
382832.001882067,12763.0365080581,0
382869.875993071,12767.7264994866,0
382907.763648908,12772.3029088208,0
382945.664514689,12776.7656976934,0
382983.578255426,12781.1148287221,0
383021.504536035,12785.3502655097,0
383059.443021336,12789.4719726442,0
383097.393376052,12793.479915699,0
383135.35526482,12797.3740612329,0
383173.328352189,12801.1543767906,0
383211.312302625,12804.820830903,0
383249.306780507,12808.3733930865,0
383287.31145014,12811.8120338442,0
383325.32597575,12815.1367246655,0
383363.350021492,12818.3474380262,0
383401.383251446,12821.4441473889,0
383439.425329626,12824.426827203,0
383477.475919982,12827.2954529049,0
383515.534686399,12830.0500009179,0
383553.601292701,12832.6904486524,0
383591.675402658,12835.2167745064,0
383629.756679983,12837.628957865,0
383667.844788338,12839.9269791009,0
383705.939391334,12842.1108195741,0
383744.040152539,12844.1804616325,0
383782.146735475,12846.1358886117,0
383820.258803622,12847.9770848349,0
383858.376020424,12849.7040356132,0
383896.498049288,12851.3167272457,0
383934.624553589,12852.8151470192,0
383972.755196671,12854.1992832087,0
384010.889641852,12855.4691250771,0
384049.027552423,12856.6246628754,0
384087.168591655,12857.6658878425,0
384125.3124228,12858.5927922058,0
384163.458709092,12859.4053691803,0
384201.607113751,12860.1036129694,0
384239.757299989,12860.6875187646,0
384277.908931005,12861.1570827453,0
384316.061669995,12861.5123020791,0
384354.215180154,12861.7531749218,0
384392.369124673,12861.8797004169,0
384430.523166747,12861.8918786962,0
384468.676969577,12861.7897108793,0
384506.830196371,12861.5731990739,0
384544.982510349,12861.2423463752,0
384583.133574742,12860.7971568665,0
384621.283052799,12860.2376356189,0
384659.430607788,12859.5637886909,0
384697.575902998,12858.7756231287,0
384735.71860174,12857.8731469661,0
384773.858367357,12856.8563692243,0
384811.994863218,12855.7252999118,0
384850.127752724,12854.4799500242,0
384888.256699314,12853.1203315443,0
384926.381366463,12851.646457442,0
384964.501417686,12850.0583416741,0
385002.616516543,12848.3559991838,0
385040.726326638,12846.5394459013,0
385078.830511626,12844.6086987433,0
385116.928735213,12842.5637756124,0
385155.020661157,12840.4046953978,0
385193.105953274,12838.1314779747,0
385231.184275441,12835.7441442038,0
385269.255291596,12833.2427159319,0
385307.318665742,12830.6272159912,0
385345.374061949,12827.897668199,0
385383.421144361,12825.0540973579,0
385421.45957719,12822.0965292555,0
385459.489024727,12819.0249906642,0
385497.509151342,12815.8395093405,0
385535.519621484,12812.5401140258,0
385573.520099688,12809.1268344453,0
385611.510250575,12805.5997013079,0
385649.489738856,12801.9587463063,0
385687.458229331,12798.2040021168,0
385725.415386901,12794.3355023985,0
385763.360876559,12790.3532817935,0
385801.294363401,12786.2573759265,0
385839.215512624,12782.0478214048,0
385877.123989534,12777.7246558175,0
385915.019459543,12773.2879177355,0
385952.901588174,12768.7376467114,0
385990.770041064,12764.0738832793,0
386028.624483967,12759.2966689535,0
386066.464582759,12754.4060462294,0
386104.290003431,12749.4020585829,0
386142.100412105,12744.2847504697,0
386179.895475029,12739.0541673249,0
386217.67485858,12733.7103555633,0
386255.438229267,12728.2533625789,0
386293.185253736,12722.683236744,0
386330.915598772,12717.0000274091,0
386368.628931299,12711.2037849031,0
386406.324918386,12705.2945605326,0
386444.003227246,12699.272406581,0
386481.663525246,12693.1373763086,0
386519.305479901,12686.8895239523,0
386556.928758878,12680.5289047255,0
386594.533030007,12674.0555748168,0
386632.117961275,12667.4695913901,0
386669.683220832,12660.7710125844,0
386707.228476991,12653.9598975134,0
386744.753398236,12647.0363062645,0
386782.257653222,12640.0002998987,0
386819.740910776,12632.8519404503,0
386857.202839899,12625.5912909269,0
386894.643109774,12618.2184153078,0
386932.061389765,12610.7333785441,0
386969.457349421,12603.1362465585,0
387006.830658474,12595.4270862451,0
387044.180986848,12587.6059654681,0
387081.508004662,12579.6729530615,0
387118.811382227,12571.6281188286,0
387156.090790051,12563.4715335428,0
387193.345898843,12555.2032689453,0
387230.576379518,12546.8233977452,0
387267.781903194,12538.3319936189,0
387304.962141197,12529.7291312108,0
387342.116765065,12521.0148861312,0
387379.245446552,12512.1893349559,0
387416.347857627,12503.2525552264,0
387453.423670475,12494.2046254497,0
387490.472557508,12485.0456250965,0
387527.49419136,12475.7756346009,0
387564.488244895,12466.3947353607,0
387601.454391204,12456.9030097366,0
387638.39230361,12447.3005410509,0
387675.301655676,12437.5874135872,0
387712.182121201,12427.76371259,0
387749.033374222,12417.8295242648,0
387785.855089022,12407.7849357762,0
387822.646940132,12397.6300352475,0
387859.40860233,12387.3649117607,0
387896.139750644,12376.9896553564,0
387932.840060359,12366.5043570315,0
387969.509207016,12355.9091087392,0
388006.146866416,12345.2040033893,0
388042.75271462,12334.389134847,0
388079.326427958,12323.4645979315,0
388115.867683026,12312.4304884158,0
388152.376156689,12301.2869030267,0
388188.851526086,12290.0339394438,0
388225.293468633,12278.6716962977,0
388261.701662024,12267.2002731705,0
388298.075784233,12255.6197705953,0
388334.415513518,12243.9302900549,0
388370.720528425,12232.1319339806,0
388406.990507789,12220.2248057522,0
388443.225130734,12208.2090096978,0
388479.424076681,12196.0846510921,0
388515.58702535,12183.8518361553,0
388551.713656758,12171.5106720538,0
388587.803651224,12159.0612668986,0
388623.856689375,12146.5037297445,0
388659.872452145,12133.8381705887,0
388695.850620778,12121.0647003721,0
388731.79087683,12108.1834309766,0
388767.692902177,12095.1944752244,0
388803.55637901,12082.097946878,0
388839.380989843,12068.8939606397,0
388875.166417513,12055.5826321496,0
388910.912345184,12042.1640779852,0
388946.618456351,12028.6384156611,0
388982.284434837,12015.0057636281,0
389017.909964803,12001.2662412714,0
389053.494730749,11987.4199689105,0
389089.038417509,11973.467067799,0
389124.540710264,11959.4076601227,0
389160.00129454,11945.2418689984,0
389195.419856211,11930.9698184743,0
389230.7960815,11916.5916335288,0
389266.129656984,11902.1074400688,0
389301.420269597,11887.5173649291,0
389336.667606631,11872.8215358724,0
389371.871355739,11858.0200815876,0
389407.031204938,11843.1131316885,0
389442.146842613,11828.1008167135,0
389477.217957515,11812.9832681252,0
389512.244238769,11797.7606183082,0
389547.225375876,11782.4330005686,0
389582.161058711,11767.0005491337,0
389617.050977531,11751.4633991507,0
389651.894822975,11735.8216866849,0
389686.692286068,11720.0755487195,0
389721.443058221,11704.2251231554,0
389756.146831235,11688.2705488086,0
389790.803297308,11672.2119654097,0
389825.41214903,11656.0495136039,0
389859.973079389,11639.783334949,0
389894.485781777,11623.4135719142,0
389928.949949989,11606.9403678797,0
389963.365278224,11590.363867136,0
389997.731461091,11573.6842148818,0
390032.048193612,11556.9015572231,0
390066.315171221,11540.0160411733,0
390100.53208977,11523.0278146514,0
390134.698645531,11505.9370264801,0
390168.814535198,11488.7438263858,0
390202.879455887,11471.4483649979,0
390236.893105144,11454.0507938463,0
390270.855180946,11436.551265361,0
390304.765381699,11418.9499328717,0
390338.623406246,11401.2469506058,0
390372.42895387,11383.4424736867,0
390406.18172429,11365.5366581343,0
390439.881417672,11347.5296608634,0
390473.527734625,11329.4216396812,0
390507.120376209,11311.2127532872,0
390540.659043931,11292.9031612731,0
390574.143439755,11274.4930241196,0
390607.573266099,11255.9825031959,0
390640.948225842,11237.3717607595,0
390674.268022322,11218.6609599543,0
390707.532359342,11199.8502648085,0
390740.740941171,11180.9398402347,0
390773.893472547,11161.9298520291,0
390806.989658681,11142.8204668683,0
390840.029205258,11123.6118523093,0
390873.011818438,11104.3041767891,0
390905.937204862,11084.8976096218,0
390938.805071655,11065.3923209979,0
390971.615126423,11045.7884819838,0
391004.36707726,11026.08626452,0
391037.060632753,11006.2858414192,0
391069.695501979,10986.3873863657,0
391102.271394509,10966.391073915,0
391134.788020413,10946.2970794903,0
391167.245090263,10926.1055793827,0
391199.642315129,10905.8167507503,0
391231.979406591,10885.4307716157,0
391264.256076735,10864.9478208646,0
391296.472038156,10844.3680782462,0
391328.627003965,10823.6917243701,0
391360.720687787,10802.9189407052,0
391392.752803765,10782.049909579,0
391424.723066562,10761.0848141764,0
391456.631191367,10740.023838537,0
391488.476893892,10718.8671675547,0
391520.259890379,10697.614986977,0
391551.979897599,10676.2674834018,0
391583.63663286,10654.8248442771,0
391615.229814002,10633.2872579002,0
391646.759159406,10611.6549134148,0
391678.224387994,10589.9280008102,0
391709.625219231,10568.1067109207,0
391740.961373127,10546.1912354231,0
391772.232570244,10524.1817668348,0
391803.438531693,10502.0784985143,0
391834.578979138,10479.8816246582,0
391865.653634801,10457.5913402993,0
391896.662221462,10435.2078413067,0
391927.604462462,10412.7313243836,0
391958.480081707,10390.1619870648,0
391989.288803669,10367.5000277167,0
392020.030353388,10344.7456455355,0
392050.704456476,10321.8990405447,0
392081.310839119,10298.9604135939,0
392111.849228079,10275.9299663589,0
392142.319350697,10252.8079013377,0
392172.720934896,10229.59442185,0
392203.053709183,10206.2897320366,0
392233.317402649,10182.8940368564,0
392263.511744977,10159.4075420847,0
392293.63646644,10135.8304543136,0
392323.691297904,10112.1629809483,0
392353.675970833,10088.4053302059,0
392383.590217289,10064.5577111148,0
392413.433769934,10040.6203335126,0
392443.206362037,10016.5934080433,0
392472.907727469,9992.47714615752,0
392502.537600713,9968.27176011005,0
392532.095716861,9943.97746295739,0
392561.581811621,9919.59446855742,0
392590.995621313,9895.12299156744,0
392620.336882881,9870.56324744137,0
392649.605333885,9845.91545242937,0
392678.800712511,9821.17982357614,0
392707.92275757,9796.35657871788,0
392736.971208501,9771.4459364818,0
392765.945805374,9746.44811628469,0
392794.846288893,9721.36333832964,0
392823.672400396,9696.1918236055,0
392852.42388186,9670.93379388557,0
392881.100475902,9645.58947172426,0
392909.701925781,9620.15908045638,0
392938.227975404,9594.64284419601,0
392966.678369321,9569.04098783305,0
392995.052852737,9543.35373703241,0
393023.351171505,9517.58131823295,0
393051.573072137,9491.72395864405,0
393079.718301799,9465.7818862446,0
393107.786608317,9439.75532978208,0
393135.777740181,9413.64451876905,0
393163.691446543,9387.44968348209,0
393191.527477224,9361.1710549609,0
393219.285582711,9334.80886500473,0
393246.965514166,9308.36334617132,0
393274.567023423,9281.83473177596,0
393302.089862991,9255.2232558879,0
393329.53378606,9228.52915332927,0
393356.8985465,9201.7526596741,0
393384.183898863,9174.89401124475,0
393411.389598389,9147.95344511076,0
393438.515401004,9120.93119908784,0
393465.561063325,9093.82751173429,0
393492.526342662,9066.64262234987,0
393519.410997018,9039.37677097472,0
393546.214785096,9012.03019838572,0
393572.937466297,8984.60314609543,0
393599.578800724,8957.0958563509,0
393626.138549184,8929.50857213002,0
393652.616473191,8901.84153714053,0
393679.012334968,8874.09499581866,0
393705.325897448,8846.26919332553,0
393731.556924279,8818.36437554619,0
393757.705179822,8790.38078908813,0
393783.77042916,8762.31868127765,0
393809.752438092,8734.17830015908,0
393835.650973142,8705.95989449298,0
393861.465801558,8677.66371375263,0
393887.196691316,8649.29000812334,0
393912.843411119,8620.83902850034,0
393938.405730403,8592.31102648545,0
393963.883419339,8563.70625438647,0
393989.276248831,8535.02496521469,0
394014.583990524,8506.26741268182,0
394039.806416802,8477.4338511994,0
394064.943300792,8448.52453587597,0
394089.994416366,8419.53972251427,0
394114.959538143,8390.47966761062,0
394139.838441491,8361.34462835176,0
394164.630902531,8332.13486261239,0
394189.336698136,8302.85062895444,0
394213.955605936,8273.49218662359,0
394238.487404319,8244.05979554721,0
394262.931872431,8214.55371633344,0
394287.288790185,8184.97421026744,0
394311.557938256,8155.32153930974,0
394335.739098085,8125.59596609504,0
394359.832051883,8095.79775392833,0
394383.836582632,8065.92716678361,0
394407.752474089,8035.98446930226,0
394431.579510783,8005.96992678921,0
394455.317478023,7975.88380521203,0
394478.966161897,7945.72637119866,0
394502.525349276,7915.49789203393,0
394525.994827812,7885.19863565881,0
394549.374385946,7854.82887066751,0
394572.663812906,7824.38886630449,0
394595.862898711,7793.87889246371,0
394618.97143417,7763.29921968516,0
394641.989210889,7732.65011915248,0
394664.91602127,7701.93186269196,0
394687.751658513,7671.14472276871,0
394710.495916619,7640.28897248486,0
394733.148590392,7609.36488557815,0
394755.70947544,7578.37273641792,0
394778.178368179,7547.31280000396,0
394800.555065833,7516.18535196427,0
394822.839366438,7484.99066855146,0
394845.031068841,7453.72902664178,0
394867.129972705,7422.40070373222,0
394889.135878512,7391.00597793741,0
394911.04858756,7359.54512798871,0
394932.86790197,7328.01843323057,0
394954.593624686,7296.42617361824,0
394976.225559475,7264.76862971652,0
394997.763510934,7233.0460826957,0
395019.207284487,7201.25881433005,0
395040.556686389,7169.40710699584,0
395061.811523729,7137.49124366744,0
395082.971604431,7105.5115079163,0
395104.036737254,7073.468183908,0
395125.006731799,7041.36155639907,0
395145.881398504,7009.19191073598,0
395166.660548653,6976.95953285137,0
395187.343994373,6944.6647092618,0
395207.931548637,6912.30772706628,0
395228.423025268,6879.88887394217,0
395248.818238939,6847.40843814375,0
395269.117005174,6814.8667084998,0
395289.319140352,6782.26397440993,0
395309.424461708,6749.60052584351,0
395329.432787336,6716.87665333623,0
395349.343936188,6684.09264798734,0
395369.157728079,6651.24880145831,0
395388.873983686,6618.34540596879,0
395408.492524552,6585.38275429485,0
395428.013173088,6552.36113976678,0
395447.435752574,6519.28085626518,0
395466.76008716,6486.14219821986,0
395485.986001868,6452.94546060641,0
395505.113322596,6419.69093894333,0
395524.141876117,6386.37892929062,0
395543.071490084,6353.00972824573,0
395561.901993028,6319.58363294172,0
395580.633214362,6286.10094104496,0
395599.264984382,6252.56195075124,0
395617.79713427,6218.9669607846,0
395636.229496096,6185.31627039373,0
395654.561902816,6151.61017934922,0
395672.794188277,6117.848987942,0
395690.92618722,6084.03299697914,0
395708.957735279,6050.16250778223,0
395726.888668981,6016.23782218467,0
395744.718825755,5982.259242528,0
395762.448043926,5948.22707166062,0
395780.076162719,5914.14161293392,0
395797.603022263,5880.00317019987,0
395815.02846359,5845.81204780903,0
395832.352328639,5811.56855060642,0
395849.574460256,5777.27298393013,0
395866.694702194,5742.92565360793,0
395883.712899118,5708.52686595417,0
395900.628896607,5674.07692776821,0
395917.442541152,5639.5761463302,0
395934.153680158,5605.02482939933,0
395950.76216195,5570.42328521093,0
395967.267835771,5535.77182247291,0
395983.670551784,5501.07075036427,0
395999.970161073,5466.32037853106,0
396016.166515646,5431.52101708419,0
396032.259468436,5396.67297659694,0
396048.248873304,5361.77656810105,0
396064.134585038,5326.8321030853,0
396079.916459354,5291.83989349151,0
396095.594352902,5256.80025171218,0
396111.168123262,5221.71349058809,0
396126.637628951,5186.57992340432,0
396142.00272942,5151.3998638887,0
396157.263285057,5116.173626208,0
396172.41915719,5080.9015249653,0
396187.470208086,5045.58387519772,0
396202.416300954,5010.22099237232,0
396217.257299947,4974.81319238459,0
396231.993070159,4939.36079155457,0
396246.623477636,4903.86410662417,0
396261.148389365,4868.3234547549,0
396275.567673287,4832.73915352376,0
396289.88119829,4797.11152092167,0
396304.088834215,4761.4408753495,0
396318.190451855,4725.72753561554,0
396332.185922959,4689.97182093299,0
396346.07512023,4654.17405091598,0
396359.857917331,4618.33454557788,0
396373.534188879,4582.45362532731,0
396387.103810454,4546.53161096569,0
396400.566658598,4510.56882368449,0
396413.922610813,4474.56558506141,0
396427.171545565,4438.52221705867,0
396440.313342287,4402.43904201873,0
396453.347881378,4366.31638266226,0
396466.275044203,4330.15456208485,0
396479.094713097,4293.95390375359,0
396491.806771366,4257.71473150509,0
396504.411103286,4221.43736954123,0
396516.907594108,4185.12214242725,0
396529.296130055,4148.76937508805,0
396541.576598325,4112.37939280527,0
396553.748887094,4075.95252121483,0
396565.812885514,4039.48908630284,0
396577.768483719,4002.98941440382,0
396589.615572818,3966.45383219651,0
396601.354044906,3929.88266670166,0
396612.983793058,3893.27624527863,0
396624.504711333,3856.63489562209,0
396635.916694774,3819.95894575981,0
396647.219639411,3783.24872404837,0
396658.41344226,3746.50455917136,0
396669.498001326,3709.72678013526,0
396680.473215603,3672.91571626704,0
396691.338985074,3636.0716972109,0
396702.095210715,3599.1950529248,0
396712.741794493,3562.28611367821,0
396723.278639371,3525.34521004796,0
396733.705649303,3488.3726729162,0
396744.022729242,3451.36883346636,0
396754.229785135,3414.33402318071,0
396764.326723929,3377.26857383701,0
396774.313453567,3340.17281750513,0
396784.189882994,3303.04708654461,0
396793.955922155,3265.89171360058,0
396803.611481997,3228.70703160173,0
396813.156474468,3191.49337375607,0
396822.590812522,3154.25107354874,0
396831.914410116,3116.98046473818,0
396841.127182213,3079.68188135337,0
396850.229044781,3042.35565769064,0
396859.219914799,3005.00212831017,0
396868.09971025,2967.62162803351,0
396876.868350129,2930.21449193955,0
396885.525754439,2892.78105536229,0
396894.071844197,2855.32165388673,0
396902.506541428,2817.83662334655,0
396910.829769172,2780.32629982026,0
396919.041451483,2742.79101962849,0
396927.141513427,2705.23111933055,0
396935.129881087,2667.64693572122,0
396943.006481562,2630.03880582787,0
396950.771242966,2592.40706690674,0
396958.424094432,2554.7520564404,0
396965.964966111,2517.07411213379,0
396973.393789173,2479.37357191186,0
396980.710495809,2441.65077391547,0
396987.915019229,2403.90605649904,0
396995.007293664,2366.13975822655,0
397001.98725437,2328.35221786902,0
397008.854837622,2290.5437744007,0
397015.60998072,2252.7147669963,0
397022.25262199,2214.86553502742,0
397028.78270078,2176.99641805959,0
397035.200157465,2139.10775584886,0
397041.504933447,2101.1998883386,0
397047.696971152,2063.27315565636,0
397053.776214036,2025.32789811043,0
397059.742606583,1987.36445618687,0
397065.596094304,1949.38317054593,0
397071.33662374,1911.38438201918,0
397076.964142464,1873.36843160583,0
397082.478599076,1835.33566046995,0
397087.879943209,1797.2864099367,0
397093.168125527,1759.22102148961,0
397098.343097728,1721.13983676677,0
397103.404812539,1683.04319755809,0
397108.353223723,1644.93144580155,0
397113.188286077,1606.80492358037,0
397117.90995543,1568.66397311935,0
397122.518188647,1530.50893678194,0
397127.012943629,1492.34015706664,0
397131.39417931,1454.15797660405,0
397135.661855664,1415.96273815326,0
397139.815933697,1377.75478459888,0
397143.856375456,1339.53445894748,0
397147.783144024,1301.30210432454,0
397151.59620352,1263.058063971,0
397155.295519104,1224.80268124003,0
397158.881056972,1186.53629959376,0
397162.352784362,1148.25926259993,0
397165.710669548,1109.9719139287,0
397168.954681846,1071.67459734916,0
397172.084791611,1033.36765672633,0
397175.100970239,995.0514360175,0
397178.003190167,956.726279269309,0
397180.791424871,918.39253061409,0
397183.46564887,880.05053426684,0
397186.025837724,841.70063452178,0
397188.471968035,803.343175749044,0
397190.804017447,764.978502391484,0
397193.021964646,726.606958961171,0
397195.125789362,688.228890036342,0
397197.115472366,649.844640257832,0
397198.990995472,611.454554325941,0
397200.752341539,573.058976997068,0
397202.399494468,534.658253080351,0
397203.932439203,496.252727434462,0
397205.351161734,457.842744964175,0
397206.655649092,419.428650617112,0
397207.845889355,381.010789380479,0
397208.921871644,342.58950627762,0
397209.883586122,304.165146364811,0
397210.731024,265.738054727913,0
397211.464177532,227.308576479037,0
397212.083040015,188.877056753234,0
397212.587605795,150.443840705198,0
397212.977870257,112.009273505914,0
397213.253829835,73.5737003393737,0
397213.415482007,35.1374663992267,0
397213.462825295,-3.29908311451686,0
397213.395859266,-41.7356029988221,0
397213.214584533,-80.1717480509192,0
397212.919002751,-118.607173071661,0
397212.509116624,-157.041532868818,0
397211.984929897,-195.474482260407,0
397211.346447363,-233.905676077983,0
397210.593674857,-272.334769169998,0
397209.72661926,-310.761416405104,0
397208.745288497,-349.185272675469,0
397207.649691538,-387.60599290006,0
397206.439838398,-426.023232028022,0
397205.115740135,-464.436645041977,0
397203.677408852,-502.8458869613,0
397202.124857695,-541.250612845454,0
397200.458100855,-579.650477797367,0
397198.677153566,-618.045136966629,0
397196.782032106,-656.434245552912,0
397194.772753797,-694.817458809236,0
397192.649337002,-733.194432045237,0
397190.411801129,-771.564820630609,0
397188.060166628,-809.928279998271,0
397185.594454991,-848.284465647723,0
397183.014688755,-886.633033148446,0
397180.320891494,-924.973638143018,0
397177.513087829,-963.305936350664,0
397174.59130342,-1001.6295835703,0
397171.555564967,-1039.94423568404,0
397168.405900213,-1078.24954866044,0
397165.142337942,-1116.54517855769,0
397161.764907976,-1154.83078152714,0
397158.273641179,-1193.10601381631,0
397154.668569453,-1231.37053177252,0
397150.949725741,-1269.62399184581,0
397147.117144024,-1307.86605059261,0
397143.170859321,-1346.09636467871,0
397139.110907689,-1384.31459088281,0
397134.937326225,-1422.52038609959,0
397130.650153061,-1460.71340734316,0
397126.249427366,-1498.89331175029,0
397121.735189347,-1537.05975658361,0
397117.107480246,-1575.21239923509,0
397112.36634234,-1613.35089722904,0
397107.511818942,-1651.47490822572,0
397102.5439544,-1689.58409002426,0
397097.462794095,-1727.67810056631,0
397092.268384442,-1765.75659793887,0
397086.960772889,-1803.81924037807,0
397081.540007918,-1841.86568627192,0
397076.00613904,-1879.89559416405,0
397070.359216801,-1917.9086227565,0
397064.599292776,-1955.9044309135,0
397058.72641957,-1993.88267766416,0
397052.740650819,-2031.8430222063,0
397046.642041187,-2069.78512390914,0
397040.430646368,-2107.70864231711,0
397034.106523083,-2145.61323715251,0
397027.669729081,-2183.49856831937,0
397021.120323136,-2221.36429590607,0
397014.45836505,-2259.21008018918,0
397007.683915649,-2297.03558163614,0
397000.797036787,-2334.84046090897,0
396993.797791336,-2372.6243788671,0
396986.686243198,-2410.38699657096,0
396979.462457292,-2448.12797528488,0
396972.126499564,-2485.84697648052,0
396964.678436976,-2523.54366184004,0
396957.118337515,-2561.21769325922,0
396949.446270185,-2598.86873285091,0
396941.66230501,-2636.49644294782,0
396933.766513033,-2674.10048610631,0
396925.758966312,-2711.68052510889,0
396917.639737923,-2749.2362229682,0
396909.40890196,-2786.76724292937,0
396901.066533527,-2824.27324847405,0
396892.612708748,-2861.75390332281,0
396884.047504755,-2899.20887143903,0
396875.370999696,-2936.63781703147,0
396866.583272729,-2974.04040455792,0
396857.684404024,-3011.4162987281,0
396848.67447476,-3048.76516450686,0
396839.553567125,-3086.08666711757,0
396830.321764316,-3123.3804720448,0
396820.979150536,-3160.6462450382,0
396811.525810994,-3197.88365211475,0
396801.961831907,-3235.09235956288,0
396792.287300493,-3272.2720339447,0
396782.502304975,-3309.42234209993,0
396772.60693458,-3346.54295114846,0
396762.601279533,-3383.63352849373,0
396752.485431062,-3420.693741826,0
396742.259481395,-3457.723259125,0
396731.923523757,-3494.72174866377,0
396721.477652371,-3531.6888790109,0
396710.921962456,-3568.62431903458,0
396700.256550227,-3605.52773790482,0
396689.481512894,-3642.39880509726,0
396678.596948659,-3679.23719039587,0
396667.602956717,-3716.04256389607,0
396656.499637255,-3752.81459600819,0
396645.287091448,-3789.55295745979,0
396633.965421461,-3826.25731929978,0
396622.534730449,-3862.92735290042,0
396610.99512255,-3899.5627299613,0
396599.34670289,-3936.1631225118,0
396587.589577578,-3972.72820291432,0
396575.72385371,-4009.25764386771,0
396563.749639359,-4045.75111840945,0
396551.667043582,-4082.20829991984,0
396539.476176416,-4118.62886212391,0
396527.177148875,-4155.01247909536,0
396514.770072953,-4191.35882525909,0
396502.255061617,-4227.6675753942,0
396489.632228812,-4263.93840463759,0
396476.901689455,-4300.17098848596,0
396464.063559435,-4336.36500280004,0
396451.117955615,-4372.52012380648,0
396438.064995826,-4408.63602810155,0
396424.904798867,-4444.71239265409,0
396411.637484506,-4480.74889480789,0
396398.263173478,-4516.74521228571,0
396384.78198748,-4552.70102319107,0
396371.194049176,-4588.6160060123,0
396357.499482189,-4624.48983962487,0
396343.698411105,-4660.32220329431,0
396329.790961469,-4696.11277667989,0
396315.777259786,-4731.86123983639,0
396301.657433514,-4767.56727321836,0
396287.43161107,-4803.23055768197,0
396273.099921823,-4838.85077448849,0
396258.662496097,-4874.42760530743,0
396244.119465166,-4909.96073221854,0
396229.470961254,-4945.449837716,0
396214.717117534,-4980.89460471019,0
396199.858068125,-5016.29471653124,0
396184.893948093,-5051.64985693202,0
396169.824893448,-5086.95971009017,0
396154.651041143,-5122.22396061234,0
396139.372529072,-5157.44229353572,0
396123.989496069,-5192.61439433183,0
396108.502081906,-5227.73994890921,0
396092.910427293,-5262.81864361564,0
396077.214673874,-5297.85016524223,0
396061.414964229,-5332.83420102496,0
396045.511441869,-5367.77043864838,0
396029.504251236,-5402.65856624841,0
396013.393537701,-5437.49827241435,0
395997.179447564,-5472.28924619306,0
395980.86212805,-5507.03117709046,0
395964.44172731,-5541.7237550751,0
395947.918394418,-5576.36667058112,0
395931.292279368,-5610.95961450998,0
395914.563533077,-5645.5022782348,0
395897.732307377,-5679.99435360183,0
395880.79875502,-5714.43553293378,0
395863.76302967,-5748.82550903299,0
395846.625285908,-5783.16397518306,0
395829.385679224,-5817.45062515298,0
395812.044366021,-5851.68515319894,0
395794.601503608,-5885.86725406714,0
395777.057250204,-5919.99662299739,0
395759.41176493,-5954.07295572446,0
395741.665207814,-5988.09594848209,0
395723.817739784,-6022.06529800515,0
395705.869522669,-6055.98070153191,0
395687.820719197,-6089.84185680798,0
395669.671492992,-6123.64846208761,0
395651.422008575,-6157.40021613726,0
395633.072431358,-6191.09681823841,0
395614.622927648,-6224.73796818914,0
395596.073664639,-6258.32336630832,0
395577.424810415,-6291.85271343715,0
395558.676533947,-6325.325710942,0
395539.829005089,-6358.74206071789,0
395520.882394581,-6392.10146518974,0
395501.836874041,-6425.40362731623,0
395482.692615969,-6458.64825059208,0
395463.449793742,-6491.83503904993,0
395444.108581613,-6524.9636972644,0
395424.669154709,-6558.03393035336,0
395405.131689028,-6591.04544398106,0
395385.496361441,-6623.99794436128,0
395365.763349687,-6656.8911382586,0
395345.932832371,-6689.72473299228,0
395326.004988964,-6722.49843643841,0
395305.979999798,-6755.21195703172,0
395285.85804607,-6787.86500376962,0
395265.639309833,-6820.45728621341,0
395245.323974,-6852.98851449132,0
395224.912222337,-6885.45839930165,0
395204.404239468,-6917.86665191396,0
395183.800210866,-6950.21298417283,0
395163.100322853,-6982.4971085001,0
395142.304762601,-7014.71873789646,0
395121.413718129,-7046.87758594549,0
395100.427378299,-7078.97336681495,0
395079.345932815,-7111.00579525944,0
395058.169572222,-7142.97458662381,0
395036.898487904,-7174.87945684418,0
395015.53287208,-7206.72012245144,0
394994.072917805,-7238.49630057381,0
394972.518818967,-7270.20770893806,0
394950.870770284,-7301.85406587351,0
394929.128967301,-7333.43509031364,0
394907.293606392,-7364.95050179804,0
394885.364884756,-7396.40002047626,0
394863.343000412,-7427.78336710883,0
394841.228152203,-7459.10026307009,0
394819.020539787,-7490.35043035136,0
394796.720363644,-7521.53359156192,0
394774.327825062,-7552.64946993245,0
394751.843126147,-7583.69778931749,0
394729.266469814,-7614.67827419653,0
394706.598059785,-7645.59064967799,0
394683.838100591,-7676.43464150076,0
394660.986797565,-7707.20997603596,0
394638.044356844,-7737.91638029076,0
394615.010985366,-7768.55358190948,0
394591.886890864,-7799.12130917596,0
394568.672281872,-7829.61929101702,0
394545.367367713,-7860.04725700324,0
394521.972358507,-7890.40493735207,0
394498.487465159,-7920.69206293059,0
394474.912899365,-7950.90836525639,0
394451.248873607,-7981.05357650109,0
394427.495601148,-8011.12742949253,0
394403.653296035,-8041.12965771578,0
394379.722173092,-8071.05999531701,0
394355.702447922,-8100.91817710505,0
394331.594336903,-8130.70393855279,0
394307.398057186,-8160.41701580106,0
394283.11382669,-8190.05714565971,0
394258.741864106,-8219.62406560958,0
394234.28238889,-8249.11751380606,0
394209.735621263,-8278.53722907989,0
394185.101782208,-8307.88295093968,0
394160.381093466,-8337.15441957506,0
394135.573777538,-8366.35137585738,0
394110.680057681,-8395.47356134261,0
394085.700157902,-8424.5207182741,0
394060.634302963,-8453.49258958327,0
394035.482718374,-8482.38891889285,0
394010.245630388,-8511.20945051918,0
393984.923266009,-8539.95392947299,0
393959.515852978,-8568.62210146292,0
393934.023619779,-8597.21371289738,0
393908.446795631,-8625.72851088547,0
393882.785610493,-8654.16624324063,0
393857.040295053,-8682.5266584822,0
393831.211080734,-8710.80950583649,0
393805.298199683,-8739.01453524043,0
393779.301884778,-8767.14149734295,0
393753.222369621,-8795.19014350613,0
393727.059888533,-8823.16022580896,0
393700.814676558,-8851.05149704831,0
393674.486969455,-8878.86371074045,0
393648.077003701,-8906.59662112465,0
393621.585016483,-8934.249983164,0
393595.011245703,-8961.8235525471,0
393568.355929965,-8989.31708569153,0
393541.619308585,-9016.7303397446,0
393514.801621581,-9044.06307258518,0
393487.90310967,-9071.31504282699,0
393460.924014272,-9098.48600981937,0
393433.864577501,-9125.57573364913,0
393406.725042166,-9152.5839751438,0
393379.505651771,-9179.51049587226,0
393352.206650505,-9206.35505814676,0
393324.828283249,-9233.11742502604,0
393297.370795567,-9259.79736031591,0
393269.834433705,-9286.39462857129,0
393242.219444593,-9312.90899509932,0
393214.526075835,-9339.34022595985,0
393186.754575713,-9365.68808796754,0
393158.905193182,-9391.95234869487,0
393130.978177869,-9418.13277647267,0
393102.973780069,-9444.22914039213,0
393074.892250742,-9470.24121030785,0
393046.733841514,-9496.1687568383,0
393018.498804671,-9522.01155136784,0
392990.187393159,-9547.76936604968,0
392961.799860582,-9573.44197380643,0
392933.336461196,-9599.02914833196,0
392904.79744991,-9624.53066409445,0
392876.183082283,-9649.94629633689,0
392847.493614521,-9675.27582107881,0
392818.729303474,-9700.51901511944,0
392789.890406636,-9725.67565603819,0
392760.977182139,-9750.74552219624,0
392731.989888755,-9775.72839273968,0
392702.928785889,-9800.62404760018,0
392673.794133579,-9825.43226749627,0
392644.586192494,-9850.15283393661,0
392615.30522393,-9874.78552922067,0
392585.95148981,-9899.33013643987,0
392556.525252678,-9923.78643948084,0
392527.0267757,-9948.15422302627,0
392497.456322658,-9972.43327255572,0
392467.814157952,-9996.62337434904,0
392438.100546595,-10020.7243154872,0
392408.315754208,-10044.7358838532,0
392378.460047024,-10068.6578681348,0
392348.533691878,-10092.4900578265,0
392318.536956212,-10116.2322432292,0
392288.470108066,-10139.8842154539,0
392258.333416079,-10163.4457664227,0
392228.127149487,-10186.9166888697,0
392197.851578119,-10210.2967763431,0
392167.506972394,-10233.5858232077,0
392137.09360332,-10256.7836246446,0
392106.611742492,-10279.8899766541,0
392076.061662086,-10302.9046760575,0
392045.443634861,-10325.8275204976,0
392014.757934154,-10348.6583084405,0
391984.004833878,-10371.3968391782,0
391953.184608519,-10394.0429128292,0
391922.297533134,-10416.5963303394,0
391891.34388335,-10439.0568934854,0
391860.323935357,-10461.4244048749,0
391829.237965911,-10483.6986679476,0
391798.086252327,-10505.8794869781,0
391766.869072481,-10527.9666670771,0
391735.586704801,-10549.9600141913,0
391704.239428273,-10571.859335107,0
391672.82752243,-10593.6644374509,0
391641.351267354,-10615.3751296904,0
391609.810943674,-10636.9912211364,0
391578.206832562,-10658.5125219449,0
391546.53921573,-10679.9388431169,0
391514.808375428,-10701.269996501,0
391483.014594442,-10722.5057947951,0
391451.15815609,-10743.6460515472,0
391419.239344224,-10764.6905811561,0
391387.258443219,-10785.6391988745,0
391355.215737978,-10806.4917208096,0
391323.111513928,-10827.2479639233,0
391290.946057014,-10847.9077460355,0
391258.7196537,-10868.4708858249,0
391226.432590964,-10888.9372028291,0
391194.085156297,-10909.3065174474,0
391161.677637702,-10929.5786509421,0
391129.210323686,-10949.7534254388,0
391096.683503265,-10969.8306639282,0
391064.097465952,-10989.8101902681,0
391031.452501764,-11009.6918291842,0
390998.748901215,-11029.4754062703,0
390965.986955312,-11049.1607479918,0
390933.166955553,-11068.7476816856,0
390900.289193928,-11088.2360355611,0
390867.353962913,-11107.6256387021,0
390834.361555467,-11126.9163210688,0
390801.312265032,-11146.1079134972,0
390768.206385529,-11165.2002477014,0
390735.044211355,-11184.1931562756,0
390701.826037381,-11203.086472694,0
390668.552158948,-11221.880031312,0
390635.22287187,-11240.573667369,0
390601.83847242,-11259.1672169884,0
390568.399257341,-11277.6605171782,0
390534.905523835,-11296.0534058334,0
390501.35756956,-11314.3457217375,0
390467.755692631,-11332.5373045618,0
390434.100191619,-11350.6279948681,0
390400.39136554,-11368.61763411,0
390366.629513861,-11386.5060646332,0
390332.814936496,-11404.2931296764,0
390298.947933798,-11421.9786733738,0
390265.02880656,-11439.5625407556,0
390231.057856016,-11457.0445777482,0
390197.035383832,-11474.4246311764,0
390162.961692106,-11491.702548765,0
390128.837083366,-11508.8781791381,0
390094.661860569,-11525.9513718215,0
390060.436327092,-11542.9219772438,0
390026.160786736,-11559.7898467374,0
389991.835543723,-11576.5548325384,0
389957.460902688,-11593.2167877895,0
389923.03716868,-11609.7755665402,0
389888.564647161,-11626.2310237476,0
389854.043644001,-11642.5830152773,0
389819.474465474,-11658.8313979057,0
389784.85741826,-11674.9760293199,0
389750.192809438,-11691.0167681184,0
389715.480946484,-11706.9534738131,0
389680.722137271,-11722.7860068306,0
389645.916690063,-11738.5142285115,0
389611.064913517,-11754.1380011126,0
389576.167116673,-11769.6571878081,0
389541.223608958,-11785.0716526904,0
389506.234700182,-11800.3812607699,0
389471.200700534,-11815.5858779775,0
389436.121920577,-11830.6853711654,0
389400.998671251,-11845.6796081069,0
389365.831263868,-11860.5684574981,0
389330.620010106,-11875.3517889592,0
389295.36522201,-11890.0294730354,0
389260.06721199,-11904.6013811963,0
389224.726292816,-11919.0673858387,0
389189.342777616,-11933.427360287,0
389153.916979872,-11947.6811787935,0
389118.449213423,-11961.8287165395,0
389082.939792453,-11975.8698496367,0
389047.389031497,-11989.8044551279,0
389011.797245434,-12003.6324109873,0
388976.164749486,-12017.3535961216,0
388940.491859212,-12030.9678903718,0
388904.77889051,-12044.4751745129,0
388869.026159613,-12057.8753302546,0
388833.233983083,-12071.1682402433,0
388797.402677811,-12084.3537880624,0
388761.532561017,-12097.4318582326,0
388725.623950244,-12110.4023362128,0
388689.677163352,-12123.2651084021,0
388653.692518523,-12136.0200621397,0
388617.670334253,-12148.6670857047,0
388581.610929352,-12161.2060683186,0
388545.51462294,-12173.6369001457,0
388509.381734441,-12185.9594722934,0
388473.212583589,-12198.1736768125,0
388437.007490418,-12210.2794066992,0
388400.76677526,-12222.2765558953,0
388364.490758745,-12234.1650192889,0
388328.179761799,-12245.9446927144,0
388291.834105637,-12257.6154729548,0
388255.454111761,-12269.1772577416,0
388219.040101963,-12280.629945755,0
388182.592398317,-12291.973436625,0
388146.111323178,-12303.2076309329,0
388109.597199177,-12314.3324302113,0
388073.050349222,-12325.3477369441,0
388036.471096495,-12336.2534545681,0
387999.859764445,-12347.049487474,0
387963.216676788,-12357.7357410065,0
387926.54215751,-12368.3121214641,0
387889.836530853,-12378.7785361014,0
387853.10012132,-12389.1348931292,0
387816.333253671,-12399.3811017147,0
387779.536252922,-12409.5170719819,0
387742.709444335,-12419.5427150132,0
387705.853153425,-12429.4579428499,0
387668.967705949,-12439.262668492,0
387632.053427911,-12448.956805899,0
387595.110645555,-12458.5402699911,0
387558.139685357,-12468.01297665,0
387521.140874035,-12477.3748427181,0
387484.114538537,-12486.6257860001,0
387447.061006039,-12495.7657252637,0
387409.980603944,-12504.79458024,0
387372.873659882,-12513.7122716237,0
387335.740501703,-12522.5187210735,0
387298.581457475,-12531.2138512137,0
387261.396855482,-12539.7975856341,0
387224.187024222,-12548.2698488903,0
387186.952292406,-12556.6305665041,0
387149.692988951,-12564.8796649648,0
387112.409442976,-12573.0170717296,0
387075.101983807,-12581.0427152235,0
387037.770940972,-12588.9565248395,0
387000.416644191,-12596.7584309406,0
386963.03942338,-12604.4483648593,0
386925.639608647,-12612.026258898,0
386888.217530293,-12619.4920463292,0
386850.7735188,-12626.8456613969,0
386813.307904835,-12634.0870393169,0
386775.821019247,-12641.2161162766,0
386738.313193064,-12648.2328294356,0
386700.784757491,-12655.1371169265,0
386663.236043901,-12661.9289178553,0
386625.667383839,-12668.6081723021,0
386588.079109021,-12675.1748213202,0
386550.471551326,-12681.6288069379,0
386512.845042793,-12687.9700721587,0
386475.199915621,-12694.1985609616,0
386437.536502167,-12700.3142183009,0
386399.855134943,-12706.3169901069,0
386362.156146611,-12712.2068232872,0
386324.43986998,-12717.9836657259,0
386286.706638006,-12723.6474662845,0
386248.95678379,-12729.1981748019,0
386211.190640573,-12734.6357420954,0
386173.40854173,-12739.9601199606,0
386135.610820774,-12745.1712611718,0
386097.797811353,-12750.2691194823,0
386059.96984724,-12755.2536496247,0
386022.127262336,-12760.1248073119,0
385984.270390667,-12764.8825492363,0
385946.399566382,-12769.5268330708,0
385908.515123746,-12774.0576174691,0
385870.617397142,-12778.4748620659,0
385832.706721064,-12782.7785274771,0
385794.783430121,-12786.9685753001,0
385756.847859026,-12791.0449681143,0
385718.900342598,-12795.0076694813,0
385680.941215759,-12798.856643945,0
385642.970813532,-12802.5918570319,0
385604.989471036,-12806.2132752516,0
385566.997523483,-12809.7208660968,0
385528.995306179,-12813.1145980436,0
385490.983154518,-12816.3944405518,0
385452.961403981,-12819.5603640651,0
385414.93039013,-12822.6123400114,0
385376.890448612,-12825.5503408029,0
385338.841915149,-12828.3743398362,0
385300.785125538,-12831.084311493,0
385262.720415651,-12833.6802311397,0
385224.648121429,-12836.1620751279,0
385186.568578881,-12838.5298207948,0
385148.482124077,-12840.7834464629,0
385110.389093153,-12842.9229314404,0
385072.289822304,-12844.9482560216,0
385034.184647778,-12846.8594014866,0
384996.073905879,-12848.6563501019,0
384957.957932963,-12850.3390851202,0
384919.837065432,-12851.9075907808,0
384881.711639734,-12853.3618523098,0
384843.581992362,-12854.7018559197,0
384805.448459846,-12855.9275888101,0
384767.311378754,-12857.0390391678,0
384729.171085692,-12858.0361961664,0
384691.027917294,-12858.919049967,0
384652.882210224,-12859.6875917179,0
384614.734301174,-12860.3418135548,0
384576.584526859,-12860.8817086011,0
384538.433224015,-12861.3072709677,0
384500.280729397,-12861.6184957531,0
384462.127379773,-12861.8153790438,0
384423.973511928,-12861.8979179138,0
384385.819462655,-12861.8661104251,0
384347.665568754,-12861.7199556278,0
384309.512167031,-12861.4594535598,0
384271.359594293,-12861.0846052469,0
384233.208187347,-12860.5954127031,0
384195.058282996,-12859.9918789305,0
384156.910218039,-12859.2740079191,0
384118.764329263,-12858.4418046471,0
384080.620953445,-12857.4952750808,0
384042.480427349,-12856.4344261747,0
384004.343087719,-12855.2592658712,0
383966.209271282,-12853.9698031008,0
383928.079314741,-12852.5660477823,0
383889.953554775,-12851.0480108223,0
383851.832328035,-12849.4157041154,0
383813.71597114,-12847.6691405445,0
383775.604820677,-12845.8083339799,0
383737.499213197,-12843.8332992803,0
383699.399485211,-12841.7440522919,0
383661.30597319,-12839.5406098486,0
383623.219013559,-12837.2229897724,0
383585.1389427,-12834.7912108725,0
383547.06609694,-12832.2452929458,0
383509.000812557,-12829.5852567766,0
383470.943425774,-12826.8111241367,0
383432.894272754,-12823.9229177849,0
383394.853689601,-12820.9206614674,0
383356.822012357,-12817.8043799172,0
383318.799576996,-12814.5740988544,0
383280.786719422,-12811.2298449858,0
383242.783775471,-12807.7716460048,0
383204.791080904,-12804.1995305915,0
383166.808971404,-12800.5135284122,0
383128.837782573,-12796.7136701193,0
383090.877849935,-12792.7999873517,0
383052.929508926,-12788.7725127338,0
383014.993094893,-12784.6312798759,0
382977.068943095,-12780.3763233736,0
382939.157388699,-12776.0076788084,0
382901.258766772,-12771.5253827466,0
382863.373412283,-12766.9294727393,0
382825.501660104,-12762.2199873228,0
382787.643845,-12757.3969660179,0
382749.800301627,-12752.4604493295,0
382711.971364533,-12747.4104787467,0
382674.157368157,-12742.2470967427,0
382636.358646819,-12736.9703467744,0
382598.575534722,-12731.5802732819,0
382560.808365949,-12726.0769216884,0
382523.05747446,-12720.4603384004,0
382485.32319409,-12714.7305708071,0
382447.605858543,-12708.8876672795,0
382409.905801393,-12702.9316771712,0
382372.223356081,-12696.8626508178,0
382334.55885591,-12690.6806395363,0
382296.912634042,-12684.3856956247,0
382259.285023498,-12677.977872362,0
382221.676357157,-12671.4572240085,0
382184.086967747,-12664.8238058045,0
382146.517187845,-12658.0776739699,0
382108.967349875,-12651.2188857046,0
382071.437786109,-12644.2474991884,0
382033.928828656,-12637.1635735797,0
381996.440809465,-12629.9671690153,0
381958.974060321,-12622.6583466106,0
381921.528912843,-12615.2371684594,0
381884.105698481,-12607.7036976328,0
381846.704748509,-12600.057998179,0
381809.32639403,-12592.3001351228,0
381771.970965968,-12584.4301744666,0
381734.638795068,-12576.4481831881,0
381697.330211889,-12568.3542292406,0
381660.045546805,-12560.1483815527,0
381622.785130002,-12551.8307100285,0
381585.549291478,-12543.4012855464,0
381548.33836103,-12534.8601799583,0
381511.152668263,-12526.2074660899,0
381473.992542582,-12517.4432177405,0
381436.85831319,-12508.5675096821,0
381399.750309083,-12499.5804176585,0
381362.66885905,-12490.4820183854,0
381325.614291672,-12481.2723895504,0
381288.586935315,-12471.9516098118,0
381251.587118129,-12462.5197587979,0
381214.615168046,-12452.976917107,0
381177.671412776,-12443.3231663074,0
381140.756179807,-12433.5585889363,0
381103.869796398,-12423.6832684986,0
381067.012589579,-12413.6972894673,0
381030.184886149,-12403.6007372837,0
380993.387012672,-12393.3936983552,0
380956.619295472,-12383.0762600556,0
380919.882060635,-12372.6485107243,0
380883.175634005,-12362.1105396669,0
380846.500341177,-12351.4624371531,0
380809.8565075,-12340.7042944162,0
380773.244458069,-12329.8362036539,0
380736.66451773,-12318.858258027,0
380700.117011068,-12307.7705516583,0
380663.602262408,-12296.573179632,0
380627.120595817,-12285.2662379946,0
380590.672335096,-12273.8498237529,0
380554.257803775,-12262.3240348735,0
380517.877325116,-12250.688970282,0
380481.53122211,-12238.9447298639,0
380445.219817471,-12227.0914144625,0
380408.943433631,-12215.129125878,0
380372.702392746,-12203.0579668679,0
380336.497016686,-12190.8780411464,0
380300.327627035,-12178.589453383,0
380264.194545086,-12166.1923092016,0
380228.098091841,-12153.6867151808,0
380192.038588008,-12141.0727788533,0
380156.016353997,-12128.3506087039,0
380120.031709917,-12115.5203141696,0
380084.084975576,-12102.5820056393,0
380048.176470476,-12089.5357944531,0
380012.306513808,-12076.3817929,0
379976.475424454,-12063.120114219,0
379940.683520984,-12049.7508725981,0
379904.931121649,-12036.274183173,0
379869.21854438,-12022.6901620257,0
379833.54610679,-12008.9989261856,0
379797.914126164,-11995.2005936279,0
379762.322919461,-11981.2952832717,0
379726.772803309,-11967.2831149806,0
379691.264094005,-11953.164209562,0
379655.797107509,-11938.9386887657,0
379620.372159444,-11924.6066752825,0
379584.989565091,-11910.1682927447,0
379549.649639388,-11895.6236657253,0
379514.352696928,-11880.9729197358,0
379479.099051951,-11866.2161812261,0
379443.88901835,-11851.3535775845,0
379408.722909662,-11836.3852371359,0
379373.601039066,-11821.3112891408,0
379338.52371938,-11806.1318637948,0
379303.491263063,-11790.8470922287,0
379268.503982208,-11775.4571065058,0
379233.562188535,-11759.962039622,0
379198.666193401,-11744.3620255052,0
379163.816307786,-11728.6571990141,0
379129.012842292,-11712.8476959369,0
379094.256107145,-11696.9336529907,0
379059.54641219,-11680.9152078213,0
379024.884066886,-11664.7924990012,0
378990.269380304,-11648.5656660285,0
378955.702661131,-11632.2348493277,0
378921.184217656,-11615.8001902471,0
378886.714357775,-11599.2618310581,0
378852.293388987,-11582.6199149546,0
378817.921618391,-11565.8745860526,0
378783.599352682,-11549.0259893879,0
378749.326898149,-11532.0742709155,0
378715.104560674,-11515.0195775098,0
378680.932645727,-11497.8620569624,0
378646.811458364,-11480.6018579808,0
378612.741303225,-11463.2391301885,0
378578.722484532,-11445.7740241239,0
378544.755306083,-11428.206691238,0
378510.840071253,-11410.5372838942,0
378476.977082989,-11392.7659553683,0
378443.166643808,-11374.8928598455,0
378409.409055796,-11356.9181524201,0
378375.704620602,-11338.8419890953,0
378342.053639438,-11320.6645267813,0
378308.456413075,-11302.3859232937,0
378274.913241841,-11284.0063373534,0
378241.424425619,-11265.5259285857,0
378207.990263841,-11246.9448575177,0
378174.611055489,-11228.2632855784,0
378141.287099092,-11209.4813750979,0
378108.018692721,-11190.5992893051,0
378074.806133988,-11171.6171923269,0
378041.649720044,-11152.5352491878,0
378008.549747575,-11133.3536258084,0
377975.506512797,-11114.0724890033,0
377942.52031146,-11094.6920064811,0
377909.591438841,-11075.2123468434,0
377876.720189738,-11055.6336795821,0
377843.906858474,-11035.9561750792,0
377811.151738891,-11016.1800046066,0
377778.455124349,-10996.3053403229,0
377745.817307719,-10976.3323552729,0
377713.238581386,-10956.2612233874,0
377680.719237243,-10936.0921194809,0
377648.259566688,-10915.8252192502,0
377615.859860624,-10895.4606992738,0
377583.520409456,-10874.9987370108,0
377551.241503083,-10854.4395107987,0
377519.023430904,-10833.7831998525,0
377486.866481808,-10813.0299842645,0
377454.770944176,-10792.1800450014,0
377422.737105875,-10771.2335639032,0
377390.765254259,-10750.1907236837,0
377358.855676162,-10729.0517079269,0
377327.008657901,-10707.8167010866,0
377295.224485266,-10686.4858884857,0
377263.503443525,-10665.059456314,0
377231.845817415,-10643.5375916266,0
377200.251891145,-10621.9204823438,0
377168.721948389,-10600.2083172488,0
377137.256272285,-10578.4012859863,0
377105.855145432,-10556.4995790612,0
377074.51884989,-10534.503387838,0
377043.247667171,-10512.4129045382,0
377012.041878244,-10490.2283222391,0
376980.901763529,-10467.9498348739,0
376949.827602892,-10445.577637228,0
376918.819675645,-10423.1119249388,0
376887.878260545,-10400.5528944947,0
376857.00363579,-10377.9007432327,0
376826.196079011,-10355.155669337,0
376795.455867279,-10332.3178718383,0
376764.783277097,-10309.3875506121,0
376734.178584396,-10286.364906376,0
376703.642064538,-10263.25014069,0
376673.173992306,-10240.0434559543,0
376642.774641907,-10216.745055407,0
376612.444286969,-10193.3551431235,0
376582.183200536,-10169.8739240154,0
376551.991655066,-10146.3016038273,0
376521.869922431,-10122.6383891365,0
376491.81827391,-10098.8844873521,0
376461.83698019,-10075.0401067113,0
376431.926311364,-10051.1054562796,0
376402.086536923,-10027.080745949,0
376372.317925762,-10002.9661864358,0
376342.620746168,-9978.76198927886,0
376312.995265825,-9954.46836683946,0
376283.441751808,-9930.08553229796,0
376253.960470579,-9905.61369965263,0
376224.55168799,-9881.05308371926,0
376195.215669275,-9856.40390012787,0
376165.952679049,-9831.6663653214,0
376136.762981305,-9806.84069655533,0
376107.646839416,-9781.92711189457,0
376078.604516124,-9756.92583021181,0
376049.636273546,-9731.83707118726,0
376020.742373165,-9706.66105530559,0
375991.923075833,-9681.39800385417,0
375963.178641762,-9656.04813892269,0
375934.50933053,-9630.61168340031,0
375905.915401069,-9605.08886097367,0
375877.397111669,-9579.4798961265,0
375848.954719975,-9553.78501413691,0
375820.58848298,-9528.00444107518,0
375792.298657029,-9502.13840380343,0
375764.085497811,-9476.18712997292,0
375735.949260359,-9450.15084802174,0
375707.890199048,-9424.02978717445,0
375679.908567591,-9397.82417743946,0
375652.004619037,-9371.53424960658,0
375624.178605769,-9345.16023524669,0
375596.430779501,-9318.70236670904,0
375568.761391277,-9292.16087711885,0
375541.170691465,-9265.53600037691,0
375513.65892976,-9238.82797115687,0
375486.226355175,-9212.03702490277,0
375458.873216044,-9185.16339782869,0
375431.599760018,-9158.20732691591,0
375404.40623406,-9131.16904991052,0
375377.292884446,-9104.04880532302,0
375350.259956762,-9076.84683242536,0
375323.307695897,-9049.56337124863,0
375296.43634605,-9022.19866258262,0
375269.646150718,-8994.75294797276,0
375242.937352697,-8967.22646971787,0
375216.310194082,-8939.61947086968,0
375189.764916263,-8911.93219522964,0
375163.30175992,-8884.16488734681,0
375136.920965025,-8856.31779251724,0
375110.622770836,-8828.39115678073,0
375084.407415897,-8800.38522691881,0
375058.275138034,-8772.30025045406,0
375032.226174352,-8744.13647564668,0
375006.260761238,-8715.89415149267,0
374980.379134349,-8687.57352772309,0
374954.581528621,-8659.17485480036,0
374928.868178255,-8630.69838391675,0
374903.239316724,-8602.14436699344,0
374877.695176767,-8573.5130566767,0
374852.235990385,-8544.80470633663,0
374826.861988841,-8516.01957006592,0
374801.573402658,-8487.15790267608,0
374776.370461615,-8458.21995969634,0
374751.253394744,-8429.20599737212,0
374726.222430331,-8400.11627266124,0
374701.27779591,-8370.95104323319,0
374676.419718265,-8341.71056746701,0
374651.648423421,-8312.39510444777,0
374626.96413665,-8283.00491396604,0
374602.367082462,-8253.54025651515,0
374577.857484605,-8224.00139328816,0
374553.435566063,-8194.38858617724,0
374529.101549056,-8164.70209777048,0
374504.855655031,-8134.94219134938,0
374480.698104668,-8105.10913088803,0
374456.629117871,-8075.20318104956,0
374432.64891377,-8045.22460718407,0
374408.757710716,-8015.17367532767,0
374384.955726282,-7985.05065219851,0
374361.243177256,-7954.85580519534,0
374337.620279645,-7924.58940239601,0
374314.087248664,-7894.25171255355,0
374290.644298745,-7863.84300509509,0
374267.291643524,-7833.36355011975,0
374244.029495847,-7802.81361839505,0
374220.858067761,-7772.193481356,0
374197.777570518,-7741.50341110231,0
374174.788214569,-7710.74368039535,0
374151.890209562,-7679.91456265719,0
374129.083764342,-7649.0163319673,0
374106.369086946,-7618.04926306002,0
374083.746384603,-7587.01363132345,0
374061.215863731,-7555.90971279571,0
374038.777729934,-7524.73778416301,0
374016.432188002,-7493.49812275819,0
373994.179441907,-7462.19100655668,0
373972.0196948,-7430.81671417534,0
373949.953149014,-7399.37552487005,0
373927.980006053,-7367.86771853216,0
373906.1004666,-7336.29357568751,0
373884.314730506,-7304.65337749328,0
373862.622996795,-7272.94740573503,0
373841.025463655,-7241.17594282571,0
373819.522328444,-7209.33927180181,0
373798.11378768,-7177.4376763212,0
373776.800037044,-7145.47144066175,0
373755.581271376,-7113.44084971709,0
373734.457684672,-7081.34618899536,0
373713.429470086,-7049.18774461676,0
373692.496819922,-7016.96580330985,0
373671.659925638,-6984.68065241057,0
373650.918977838,-6952.33257985879,0
373630.274166276,-6919.92187419554,0
373609.725679849,-6887.44882456175,0
373589.273706597,-6854.91372069419,0
373568.918433703,-6822.31685292366,0
373548.660047485,-6789.65851217296,0
373528.498733402,-6756.93898995288,0
373508.434676046,-6724.15857836105,0
373488.468059142,-6691.31757007874,0
373468.599065546,-6658.41625836772,0
373448.827877243,-6625.45493706909,0
373429.154675346,-6592.43390059918,0
373409.579640091,-6559.35344394753,0
373390.102950839,-6526.21386267493,0
373370.724786071,-6493.01545290928,0
373351.445323389,-6459.75851134439,0
373332.26473951,-6426.44333523669,0
373313.183210268,-6393.07022240214,0
373294.20091061,-6359.6394712148,0
373275.318014595,-6326.15138060277,0
373256.534695391,-6292.60625004625,0
373237.851125274,-6259.00437957517,0
373219.267475626,-6225.34606976529,0
373200.783916934,-6191.6316217369,0
373182.400618786,-6157.86133715125,0
373164.117749871,-6124.03551820765,0
373145.935477976,-6090.15446764187,0
373127.853969985,-6056.21848872191,0
373109.873391877,-6022.2278852463,0
373091.993908724,-5988.18296154127,0
373074.215684689,-5954.08402245709,0
373056.538883025,-5919.93137336672,0
373038.963666071,-5885.72532016175,0
373021.490195254,-5851.46616925013,0
373004.118631083,-5817.15422755387,0
372986.849133152,-5782.78980250501,0
372969.681860133,-5748.3732020442,0
372952.616969777,-5713.90473461694,0
372935.654618914,-5679.38470917079,0
372918.794963447,-5644.81343515346,0
372902.038158354,-5610.19122250856,0
372885.384357684,-5575.51838167399,0
372868.833714557,-5540.79522357854,0
372852.386381161,-5506.02205963865,0
372836.042508751,-5471.19920175668,0
372819.802247647,-5436.32696231668,0
372803.665747232,-5401.40565418245,0
372787.633155951,-5366.4355906945,0
372771.704621309,-5331.41708566646,0
372755.88028987,-5296.35045338347,0
372740.160307254,-5261.23600859786,0
372724.544818136,-5226.07406652713,0
372709.033966247,-5190.86494285105,0
372693.627894367,-5155.60895370782,0
372678.326744328,-5120.30641569251,0
372663.13065701,-5084.95764585278,0
372648.03977234,-5049.56296168672,0
372633.054229291,-5014.12268113996,0
372618.174165881,-4978.63712260176,0
372603.39971917,-4943.10660490351,0
372588.731025258,-4907.53144731426,0
372574.168219285,-4871.91196953872,0
372559.711435429,-4836.24849171411,0
372545.360806906,-4800.54133440645,0
372531.116465963,-4764.79081860884,0
372516.978543884,-4728.99726573707,0
372502.947170984,-4693.16099762755,0
372489.022476608,-4657.28233653404,0
372475.20458913,-4621.36160512414,0
372461.493635952,-4585.39912647726,0
372447.889743502,-4549.39522408034,0
372434.393037232,-4513.35022182585,0
372421.003641618,-4477.26444400818,0
372407.721680158,-4441.13821532047,0
372394.54727537,-4404.97186085226,0
372381.480548791,-4368.76570608528,0
372368.521620976,-4332.52007689156,0
372355.670611495,-4296.23529952942,0
372342.927638936,-4259.91170064077,0
372330.292820896,-4223.54960724822,0
372317.76627399,-4187.14934675119,0
372305.348113838,-4150.71124692399,0
372293.038455074,-4114.23563591136,0
372280.837411338,-4077.72284222646,0
372268.745095277,-4041.17319474715,0
372256.761618546,-4004.58702271276,0
372244.887091801,-3967.96465572163,0
372233.121624704,-3931.30642372693,0
372221.465325917,-3894.61265703462,0
372209.918303105,-3857.88368629929,0
372198.480662929,-3821.11984252166,0
372187.15251105,-3784.32145704522,0
372175.933952128,-3747.48886155274,0
372164.825089815,-3710.62238806381,0
372153.82602676,-3673.72236893065,0
372142.936864605,-3636.78913683601,0
372132.157703984,-3599.82302478896,0
372121.488644522,-3562.82436612246,0
372110.929784834,-3525.79349448971,0
372100.481222523,-3488.73074386094,0
372090.143054182,-3451.63644852069,0
372079.915375388,-3414.51094306364,0
372069.798280705,-3377.35456239251,0
372059.791863681,-3340.16764171378,0
372049.896216847,-3302.95051653526,0
372040.111431716,-3265.7035226623,0
372030.437598782,-3228.42699619475,0
372020.874807521,-3191.12127352389,0
372011.423146386,-3153.78669132864,0
372002.082702808,-3116.42358657304,0
371992.853563197,-3079.0322965021,0
371983.735812937,-3041.61315863947,0
371974.729536387,-3004.16651078322,0
371965.834816883,-2966.69269100344,0
371957.05173673,-2929.1920376382,0
371948.380377207,-2891.66488929074,0
371939.820818566,-2854.11158482607,0
371931.373140026,-2816.53246336737,0
371923.037419777,-2778.92786429331,0
371914.813734978,-2741.29812723393,0
371906.702161754,-2703.64359206818,0
371898.702775197,-2665.96459891976,0
371890.815649366,-2628.2614881546,0
371883.040857284,-2590.53460037679,0
371875.378470938,-2552.78427642596,0
371867.828561278,-2515.01085737324,0
371860.391198217,-2477.21468451856,0
371853.066450629,-2439.39609938684,0
371845.854386349,-2401.55544372489,0
371838.755072172,-2363.69305949803,0
371831.768573853,-2325.80928888657,0
371824.894956103,-2287.90447428279,0
371818.134282593,-2249.97895828713,0
371811.48661595,-2212.03308370532,0
371804.952017758,-2174.06719354448,0
371798.530548555,-2136.08163101038,0
371792.222267834,-2098.07673950331,0
371786.027234044,-2060.05286261552,0
371779.945504585,-2022.01034412704,0
371773.977135811,-1983.94952800304,0
371768.122183027,-1945.87075838977,0
371762.380700491,-1907.77437961178,0
371756.75274141,-1869.66073616794,0
371751.238357942,-1831.53017272866,0
371745.837601194,-1793.38303413181,0
371740.550521224,-1755.21966538007,0
371735.377167035,-1717.04041163673,0
371730.31758658,-1678.84561822306,0
371725.371826758,-1640.63563061421,0
371720.539933416,-1602.4107944364,0
371715.821951346,-1564.17145546292,0
371711.217924286,-1525.91795961135,0
371706.727894919,-1487.65065293944,0
371702.351904871,-1449.3698816424,0
371698.089994715,-1411.07599204879,0
371693.942203966,-1372.76933061775,0
371689.908571082,-1334.45024393499,0
371685.989133463,-1296.11907870979,0
371682.183927453,-1257.77618177127,0
371678.492988337,-1219.4219000652,0
371674.91635034,-1181.05658065033,0
371671.454046631,-1142.68057069514,0
371668.106109316,-1104.29421747429,0
371664.872569444,-1065.8978683652,0
371661.753457002,-1027.49187084469,0
371658.748800919,-989.076572485297,0
371655.858629059,-950.652320952193,0
371653.082968229,-912.219463999356,0
371650.421844172,-873.778349466408,0
371647.875281571,-835.329325274975,0
371645.443304044,-796.872739425362,0
371643.125934149,-758.408939993015,0
371640.923193382,-719.938275125072,0
371638.835102174,-681.46109303698,0
371636.861679893,-642.977742008907,0
371635.002944846,-604.488570382442,0
371633.258914273,-565.993926556981,0
371631.629604353,-527.49415898635,0
371630.115030201,-488.989616175341,0
371628.715205864,-450.480646676207,0
371627.43014433,-411.967599085244,0
371626.259857519,-373.450822039293,0
371625.204356288,-334.930664212268,0
371624.263650428,-296.407474311744,0
371623.437748667,-257.881601075414,0
371622.726658665,-219.353393267671,0
371622.130387019,-180.823199676143,0
371621.648939262,-142.291369108174,0
371621.28231986,-103.758250387437,0
371621.030532213,-65.2241923503561,0
371620.893578658,-26.6895438427469,0
371620.871460465,11.8453462837022,0
371620.96417784,50.3801291749437,0
371621.171729922,88.91445597794,0
371621.494114786,127.447977844244,0
371621.93132944,165.980345933375,0
371622.48336983,204.511211416328,0
371623.150230833,243.040225479087,0
371623.931906264,281.567039326004,0
371624.82838887,320.091304183308,0
371625.839670335,358.612671302635,0
371626.965741277,397.130791964399,0
371628.206591251,435.645317481283,0
371629.562208746,474.155899201771,0
371631.032581185,512.66218851354,0
371632.617694929,551.163836846966,0
371634.317535275,589.660495678548,0
371636.132086453,628.151816534434,0
371638.061331632,666.637450993829,0
371640.105252916,705.117050692486,0
371642.263831347,743.590267326161,0
371644.537046901,782.056752654054,0
371646.924878493,820.516158502329,0
371649.427303975,858.968136767492,0
371652.044300137,897.412339419889,0
371654.775842706,935.848418507183,0
371657.621906347,974.276026157739,0
371660.582464663,1012.69481458421,0
371663.657490198,1051.10443608676,0
371666.846954432,1089.50454305681,0
371670.150827785,1127.89478798021,0
371673.56907962,1166.27482344087,0
371677.101678235,1204.64430212416,0
371680.748590872,1243.00287682022,0
371684.509783712,1281.35020042772,0
371688.385221878,1319.68592595686,0
371692.374869436,1358.00970653327,0
371696.478689391,1396.32119540102,0
371700.696643692,1434.62004592644,0
371705.028693232,1472.90591160122,0
371709.474797845,1511.17844604609,0
371714.034916312,1549.43730301406,0
371718.709006356,1587.68213639403,0
371723.497024645,1625.91260021403,0
371728.398926793,1664.12834864473,0
371733.41466736,1702.32903600293,0
371738.544199852,1740.51431675481,0
371743.787476722,1778.68384551949,0
371749.144449371,1816.83727707234,0
371754.615068147,1854.97426634849,0
371760.199282348,1893.0944684461,0
371765.897040221,1931.19753862994,0
371771.708288962,1969.28313233453,0
371777.632974718,2007.35090516793,0
371783.671042588,2045.40051291464,0
371789.822436621,2083.43161153949,0
371796.08709982,2121.44385719058,0
371802.464974141,2159.43690620306,0
371808.956000492,2197.41041510218,0
371815.560118738,2235.36404060693,0
371822.277267697,2273.29743963319,0
371829.107385145,2311.21026929732,0
371836.050407813,2349.10218691936,0
371843.106271389,2386.97285002644,0
371850.274910522,2424.82191635625,0
371857.556258816,2462.64904386016,0
371864.950248837,2500.45389070694,0
371872.456812112,2538.23611528561,0
371880.075879127,2575.99537620938,0
371887.807379332,2613.73133231836,0
371895.651241139,2651.44364268359,0
371903.607391924,2689.1319666096,0
371911.675758027,2726.79596363859,0
371919.856264754,2764.43529355288,0
371928.148836378,2802.04961637912,0
371936.553396138,2839.63859239074,0
371945.069866242,2877.20188211203,0
371953.698167865,2914.73914632092,0
371962.438221154,2952.25004605256,0
371971.289945226,2989.73424260253,0
371980.253258171,3027.19139753011,0
371989.328077049,3064.62117266177,0
371998.514317897,3102.02323009404,0
372007.811895724,3139.39723219744,0
372017.220724515,3176.74284161892,0
372026.740717234,3214.05972128614,0
372036.371785819,3251.34753440969,0
372046.11384119,3288.60594448727,0
372055.966793244,3325.83461530634,0
372065.930550861,3363.03321094765,0
372076.005021902,3400.20139578855,0
372086.19011321,3437.33883450584,0
372096.485730613,3474.44519207974,0
372106.891778923,3511.52013379617,0
372117.408161939,3548.56332525105,0
372128.034782448,3585.57443235245,0
372138.771542223,3622.55312132482,0
372149.618342029,3659.49905871141,0
372160.575081619,3696.41191137793,0
372171.641659741,3733.29134651575,0
372182.817974133,3770.13703164463,0
372194.103921529,3806.94863461683,0
372205.499397657,3843.72582361914,0
372217.004297243,3880.4682671772,0
372228.618514009,3917.17563415781,0
372240.341940678,3953.84759377257,0
372252.174468971,3990.4838155811,0
372264.115989612,4027.08396949363,0
372276.166392327,4063.64772577509,0
372288.325565846,4100.17475504721,0
372300.593397904,4136.66472829267,0
372312.969775244,4173.11731685742,0
372325.454583613,4209.53219245432,0
372338.047707772,4245.90902716624,0
372350.749031489,4282.24749344868,0
372363.558437545,4318.54726413379,0
372376.475807734,4354.80801243241,0
372389.501022863,4391.02941193816,0
