382212.821433228,12669.9050497637,0
382250.425589352,12676.4522630513,0
382288.048768057,12682.8866641701,0
382325.690636499,12689.2081986293,0
382363.350861694,12695.4168129186,0
382401.029110509,12701.5124545089,0
382438.725049674,12707.4950718518,0
382476.438345781,12713.3646143808,0
382514.168665288,12719.1210325113,0
382551.915674522,12724.7642776405,0
382589.679039676,12730.2943021479,0
382627.45842682,12735.7110593956,0
382665.253501901,12741.014503729,0
382703.063930745,12746.2045904762,0
382740.889379055,12751.2812759487,0
382778.729512422,12756.2445174416,0
382816.583996326,12761.0942732341,0
382854.452496134,12765.8305025896,0
382892.334677104,12770.4531657551,0
382930.230204393,12774.9622239628,0
382968.138743053,12779.3576394293,0
383006.05995804,12783.6393753565,0
383043.993514209,12787.8073959308,0
383081.939076325,12791.8616663245,0
383119.896309059,12795.8021526952,0
383157.864876997,12799.6288221862,0
383195.844444636,12803.3416429265,0
383233.83467639,12806.9405840315,0
383271.835236597,12810.4256156024,0
383309.845789513,12813.796708727,0
383347.86599932,12817.0538354794,0
383385.89553013,12820.1969689204,0
383423.934045984,12823.2260830976,0
383461.981210856,12826.1411530454,0
383500.036688658,12828.9421547852,0
383538.100143239,12831.6290653257,0
383576.17123839,12834.2018626625,0
383614.249637847,12836.6605257789,0
383652.335005292,12839.0050346453,0
383690.427004359,12841.2353702199,0
383728.52529863,12843.3515144481,0
383766.629551645,12845.3534502635,0
383804.739426904,12847.241161587,0
383842.854587863,12849.0146333275,0
383880.974697945,12850.6738513818,0
383919.099420537,12852.2188026345,0
383957.228418995,12853.6494749583,0
383995.361356648,12854.9658572136,0
384033.497896797,12856.1679392493,0
384071.637702722,12857.255711902,0
384109.78043768,12858.2291669965,0
384147.925764914,12859.0882973457,0
384186.07334765,12859.8330967506,0
384224.222849101,12860.4635600003,0
384262.373932471,12860.9796828718,0
384300.52626096,12861.3814621306,0
384338.679497759,12861.66889553,0
384376.833306062,12861.8419818112,0
384414.987349063,12861.9007207038,0
384453.141289959,12861.8451129251,0
384491.294791955,12861.6751601803,0
384529.447518266,12861.3908651627,0
384567.599132118,12860.9922315533,0
384605.749296753,12860.4792640208,0
384643.89767543,12859.8519682218,0
384682.043931429,12859.1103508003,0
384720.187728053,12858.254419388,0
384758.328728631,12857.2841826039,0
384796.466596521,12856.1996500547,0
384834.60099511,12855.0008323339,0
384872.731587823,12853.6877410225,0
384910.858038117,12852.2603886885,0
384948.980009493,12850.7187888866,0
384987.097165492,12849.0629561586,0
385025.2091697,12847.2929060329,0
385063.31568575,12845.4086550242,0
385101.416377326,12843.4102206339,0
385139.510908165,12841.2976213496,0
385177.598942061,12839.0708766447,0
385215.680142865,12836.7300069789,0
385253.754174489,12834.2750337974,0
385291.820700909,12831.7059795312,0
385329.879386169,12829.0228675964,0
385367.929894381,12826.2257223946,0
385405.971889728,12823.3145693124,0
385444.005036472,12820.2894347209,0
385482.028998948,12817.1503459762,0
385520.043441572,12813.8973314186,0
385558.048028846,12810.5304203727,0
385596.042425354,12807.0496431468,0
385634.026295769,12803.4550310333,0
385671.999304857,12799.7466163079,0
385709.961117477,12795.9244322293,0
385747.911398583,12791.9885130397,0
385785.849813228,12787.9388939637,0
385823.77602657,12783.7756112083,0
385861.68970387,12779.4987019629,0
385899.590510494,12775.1082043989,0
385937.47811192,12770.6041576692,0
385975.352173742,12765.9866019079,0
386013.212361663,12761.2555782304,0
386051.058341507,12756.411128733,0
386088.889779222,12751.453296492,0
386126.706340875,12746.382125564,0
386164.507692662,12741.1976609857,0
386202.293500905,12735.8999487731,0
386240.063432062,12730.4890359213,0
386277.817152723,12724.964970404,0
386315.554329614,12719.3278011741,0
386353.274629602,12713.5775781619,0
386390.977719698,12707.7143522758,0
386428.663267058,12701.7381754012,0
386466.330938983,12695.6491004012,0
386503.980402925,12689.4471811152,0
386541.611326494,12683.1324723587,0
386579.223377452,12676.7050299229,0
386616.816223721,12670.1649105752,0
386654.389533382,12663.5121720577,0
386691.942974684,12656.7468730869,0
386729.476216043,12649.8690733534,0
386766.98892604,12642.8788335225,0
386804.480773432,12635.7762152324,0
386841.95142715,12628.5612810939,0
386879.400556305,12621.2340946904,0
386916.827830184,12613.7947205779,0
386954.232918259,12606.2432242839,0
386991.615490189,12598.5796723065,0
387028.975215822,12590.8041321145,0
387066.311765194,12582.9166721476,0
387103.624808537,12574.9173618148,0
387140.91401628,12566.8062714943,0
387178.179059052,12558.5834725327,0
387215.41960768,12550.2490372453,0
387252.6353332,12541.8030389155,0
387289.825906853,12533.245551793,0
387326.991000092,12524.5766510944,0
387364.130284582,12515.7964130029,0
387401.243432201,12506.9049146672,0
387438.330115049,12497.902234201,0
387475.390005447,12488.7884506819,0
387512.422775935,12479.5636441525,0
387549.428099283,12470.2278956186,0
387586.405648489,12460.7812870485,0
387623.355096785,12451.2239013724,0
387660.276117633,12441.5558224832,0
387697.168384734,12431.7771352347,0
387734.031572029,12421.8879254404,0
387770.865353704,12411.8882798742,0
387807.669404186,12401.7782862696,0
387844.443398149,12391.5580333187,0
387881.187010523,12381.2276106713,0
387917.899916488,12370.7871089345,0
387954.581791479,12360.236619673,0
387991.232311189,12349.5762354074,0
388027.851151576,12338.8060496132,0
388064.437988861,12327.9261567211,0
388100.992499527,12316.9366521165,0
388137.514360332,12305.8376321379,0
388174.003248303,12294.6291940763,0
388210.458840744,12283.3114361754,0
388246.880815232,12271.8844576305,0
388283.268849629,12260.3483585874,0
388319.622622077,12248.7032401415,0
388355.941811005,12236.9492043384,0
388392.226095127,12225.0863541724,0
388428.475153452,12213.1147935851,0
388464.68866528,12201.0346274652,0
388500.866310207,12188.8459616488,0
388537.007768129,12176.5489029172,0
388573.112719242,12164.1435589964,0
388609.180844049,12151.6300385567,0
388645.211823357,12139.0084512125,0
388681.205338282,12126.2789075204,0
388717.161070255,12113.4415189784,0
388753.078701022,12100.4963980264,0
388788.957912643,12087.4436580448,0
388824.7983875,12074.2834133526,0
388860.599808301,12061.0157792078,0
388896.361858075,12047.640871807,0
388932.08422018,12034.1588082834,0
388967.766578308,12020.5697067061,0
389003.408616482,12006.8736860799,0
389039.010019061,11993.0708663447,0
389074.570470744,11979.1613683736,0
389110.089656572,11965.1453139722,0
389145.567261929,11951.0228258789,0
389181.002972546,11936.7940277631,0
389216.396474504,11922.4590442241,0
389251.747454237,11908.0180007904,0
389287.055598532,11893.4710239199,0
389322.320594535,11878.8182409976,0
389357.542129752,11864.0597803346,0
389392.719892052,11849.1957711684,0
389427.853569667,11834.2263436617,0
389462.942851201,11819.1516289005,0
389497.987425628,11803.9717588936,0
389532.986982293,11788.6868665726,0
389567.941210919,11773.29708579,0
389602.849801608,11757.8025513178,0
389637.712444842,11742.2033988477,0
389672.528831489,11726.49976499,0
389707.298652801,11710.6917872716,0
389742.021600424,11694.7796041355,0
389776.69736639,11678.7633549407,0
389811.325643129,11662.6431799601,0
389845.90612347,11646.4192203796,0
389880.438500638,11630.0916182973,0
389914.922468263,11613.6605167235,0
389949.35772038,11597.1260595775,0
389983.743951431,11580.4883916878,0
390018.080856269,11563.747658792,0
390052.36813016,11546.9040075342,0
390086.605468787,11529.9575854639,0
390120.792568248,11512.9085410363,0
390154.929125066,11495.7570236106,0
390189.014836185,11478.5031834481,0
390223.049398977,11461.1471717117,0
390257.03251124,11443.6891404659,0
390290.963871207,11426.129242674,0
390324.843177544,11408.4676321973,0
390358.670129352,11390.7044637952,0
390392.444426173,11372.8398931229,0
390426.165767991,11354.8740767303,0
390459.833855234,11336.8071720611,0
390493.448388778,11318.6393374528,0
390527.009069948,11300.3707321333,0
390560.515600522,11282.0015162209,0
390593.967682732,11263.5318507239,0
390627.365019269,11244.9618975384,0
390660.707313285,11226.2918194466,0
390693.994268391,11207.5217801173,0
390727.225588668,11188.6519441036,0
390760.400978662,11169.6824768415,0
390793.520143392,11150.6135446488,0
390826.582788347,11131.4453147252,0
390859.588619496,11112.1779551492,0
390892.537343284,11092.8116348771,0
390925.428666636,11073.3465237437,0
390958.262296963,11053.7827924588,0
390991.037942162,11034.1206126065,0
391023.755310617,11014.3601566448,0
391056.414111204,10994.5015979037,0
391089.014053295,10974.5451105836,0
391121.554846756,10954.4908697542,0
391154.036201952,10934.3390513544,0
391186.457829753,10914.0898321889,0
391218.81944153,10893.7433899279,0
391251.120749161,10873.2999031067,0
391283.361465036,10852.7595511229,0
391315.541302055,10832.1225142352,0
391347.659973631,10811.3889735633,0
391379.717193698,10790.5591110857,0
391411.712676707,10769.6331096375,0
391443.646137633,10748.6111529106,0
391475.517291972,10727.4934254519,0
391507.325855752,10706.2801126609,0
391539.071545528,10684.9714007891,0
391570.754078389,10663.5674769395,0
391602.373171957,10642.068529063,0
391633.928544395,10620.4747459587,0
391665.419914403,10598.7863172724,0
391696.847001223,10577.0034334942,0
391728.209524645,10555.1262859576,0
391759.507205006,10533.1550668385,0
391790.73976319,10511.0899691531,0
391821.906920639,10488.9311867563,0
391853.008399347,10466.678914341,0
391884.043921864,10444.3333474363,0
391915.013211305,10421.8946824052,0
391945.915991346,10399.3631164444,0
391976.751986225,10376.7388475823,0
392007.520920753,10354.0220746768,0
392038.222520308,10331.2129974145,0
392068.856510842,10308.3118163098,0
392099.422618882,10285.3187327016,0
392129.920571534,10262.2339487529,0
392160.350096482,10239.05766745,0
392190.710921996,10215.7900925991,0
392221.002776929,10192.4314288256,0
392251.225390722,10168.9818815735,0
392281.378493408,10145.4416571022,0
392311.461815611,10121.8109624853,0
392341.475088551,10098.0900056104,0
392371.418044046,10074.2789951758,0
392401.290414515,10050.3781406889,0
392431.091932977,10026.3876524661,0
392460.822333059,10002.3077416302,0
392490.481348995,9978.13862010787,0
392520.068715629,9953.88050062977,0
392549.584168416,9929.53359672808,0
392579.027443428,9905.09812273404,0
392608.398277354,9880.57429377764,0
392637.696407503,9855.96232578559,0
392666.921571805,9831.26243547851,0
392696.073508818,9806.47484037063,0
392725.151957724,9781.59975876794,0
392754.156658336,9756.63740976522,0
392783.087351099,9731.58801324558,0
392811.943777093,9706.45178987886,0
392840.725678035,9681.2289611185,0
392869.43279628,9655.91974920092,0
392898.064874826,9630.52437714417,0
392926.621657315,9605.04306874463,0
392955.102888037,9579.47604857629,0
392983.508311927,9553.82354198952,0
393011.837674577,9528.0857751077,0
393040.090722228,9502.26297482638,0
393068.26720178,9476.35536881218,0
393096.36686079,9450.36318549932,0
393124.389447479,9424.28665408871,0
393152.334710726,9398.12600454692,0
393180.202400082,9371.88146760262,0
393207.992265761,9345.55327474565,0
393235.704058651,9319.141658226,0
393263.33753031,9292.64685105019,0
393290.892432975,9266.06908698037,0
393318.368519556,9239.40860053317,0
393345.765543647,9212.6656269762,0
393373.083259522,9185.84040232697,0
393400.321422139,9158.93316335187,0
393427.479787146,9131.94414756249,0
393454.558110879,9104.87359321468,0
393481.556150363,9077.72173930736,0
393508.47366332,9050.48882557887,0
393535.310408169,9023.17509250607,0
393562.066144024,8995.78078130302,0
393588.740630703,8968.30613391736,0
393615.333628727,8940.75139302941,0
393641.84489932,8913.11680205074,0
393668.274204418,8885.40260512061,0
393694.621306663,8857.60904710505,0
393720.885969412,8829.73637359533,0
393747.067956736,8801.78483090436,0
393773.167033424,8773.75466606596,0
393799.182964981,8745.64612683302,0
393825.115517638,8717.459461674,0
393850.964458347,8689.19491977231,0
393876.729554787,8660.85275102415,0
393902.410575365,8632.43320603522,0
393928.007289219,8603.93653612011,0
393953.519466218,8575.36299329983,0
393978.94687697,8546.71283029875,0
394004.289292817,8517.98630054404,0
394029.546485841,8489.18365816278,0
394054.718228868,8460.30515797927,0
394079.804295464,8431.35105551436,0
394104.804459946,8402.3216069823,0
394129.718497375,8373.21706928833,0
394154.546183567,8344.03770002791,0
394179.287295086,8314.78375748332,0
394203.941609255,8285.45550062152,0
394228.508904152,8256.05318909331,0
394252.988958617,8226.57708322961,0
394277.381552248,8197.02744403973,0
394301.686465408,8167.40453321025,0
394325.903479229,8137.70861310117,0
394350.032375607,8107.93994674456,0
394374.072937209,8078.098797843,0
394398.024947477,8048.18543076579,0
394421.888190626,8018.20011054794,0
394445.662451646,7988.14310288805,0
394469.347516308,7958.01467414476,0
394492.943171163,7927.81509133595,0
394516.449203547,7897.54462213603,0
394539.865401577,7867.20353487281,0
394563.191554162,7836.79209852678,0
394586.427450997,7806.31058272775,0
394609.572882571,7775.75925775234,0
394632.627640164,7745.13839452307,0
394655.591515854,7714.44826460458,0
394678.464302516,7683.68914020173,0
394701.245793824,7652.86129415831,0
394723.935784255,7621.96499995301,0
394746.53406909,7591.00053169817,0
394769.040444415,7559.96816413775,0
394791.454707125,7528.86817264361,0
394813.776654924,7497.70083321453,0
394836.00608633,7466.46642247343,0
394858.142800675,7435.1652176642,0
394880.186598104,7403.79749665077,0
394902.137279584,7372.36353791363,0
394923.994646901,7340.86362054738,0
394945.758502662,7309.29802425956,0
394967.4286503,7277.66702936668,0
394989.004894074,7245.97091679252,0
395010.487039071,7214.20996806639,0
395031.874891206,7182.38446531913,0
395053.16825723,7150.49469128201,0
395074.366944726,7118.54092928401,0
395095.470762113,7086.52346324847,0
395116.479518648,7054.44257769208,0
395137.393024428,7022.29855772136,0
395158.211090394,6990.09168903008,0
395178.933528328,6957.82225789804,0
395199.560150858,6925.49055118696,0
395220.090771463,6893.09685633888,0
395240.525204466,6860.64146137401,0
395260.863265047,6828.12465488692,0
395281.104769236,6795.54672604538,0
395301.249533919,6762.90796458724,0
395321.297376841,6730.20866081735,0
395341.248116602,6697.44910560639,0
395361.101572667,6664.62959038696,0
395380.857565362,6631.75040715146,0
395400.515915877,6598.81184845033,0
395420.07644627,6565.81420738791,0
395439.538979465,6532.75777762127,0
395458.903339258,6499.64285335712,0
395478.169350317,6466.46972934858,0
395497.336838183,6433.23870089397,0
395516.405629271,6399.95006383288,0
395535.375550877,6366.60411454396,0
395554.246431173,6333.20114994311,0
395573.018099214,6299.74146747927,0
395591.690384935,6266.22536513325,0
395610.263119158,6232.65314141447,0
395628.73613359,6199.0250953578,0
395647.109260827,6165.34152652224,0
395665.382334353,6131.60273498683,0
395683.555188545,6097.80902134866,0
395701.627658672,6063.96068672065,0
395719.599580898,6030.05803272755,0
395737.470792285,5996.10136150467,0
395755.241130791,5962.09097569437,0
395772.910435277,5928.02717844316,0
395790.478545501,5893.91027340009,0
395807.94530213,5859.74056471258,0
395825.310546732,5825.51835702474,0
395842.574121782,5791.24395547449,0
395859.735870665,5756.91766569002,0
395876.795637676,5722.53979378843,0
395893.753268019,5688.11064637164,0
395910.608607814,5653.63053052422,0
395927.361504094,5619.0997538111,0
395944.01180481,5584.51862427353,0
395960.559358831,5549.88745042773,0
395977.004015943,5515.20654126111,0
395993.345626857,5480.4762062296,0
396009.584043203,5445.69675525571,0
396025.71911754,5410.86849872425,0
396041.750703348,5375.99174748094,0
396057.678655037,5341.06681282881,0
396073.502827947,5306.0940065252,0
396089.223078347,5271.07364077997,0
396104.839263438,5236.00602825126,0
396120.351241356,5200.89148204378,0
396135.75887117,5165.73031570553,0
396151.062012887,5130.52284322451,0
396166.260527452,5095.269379027,0
396181.354276749,5059.97023797331,0
396196.343123604,5024.62573535596,0
396211.226931785,4989.23618689645,0
396226.005566004,4953.80190874192,0
396240.678891917,4918.32321746335,0
396255.246776129,4882.80043005133,0
396269.709086192,4847.23386391422,0
396284.065690608,4811.62383687483,0
396298.316458831,4775.97066716712,0
396312.461261264,4740.27467343432,0
396326.499969269,4704.53617472467,0
396340.432455159,4668.75549048965,0
396354.258592206,4632.93294058043,0
396367.978254639,4597.06884524476,0
396381.591317645,4561.16352512494,0
396395.097657374,4525.2173012535,0
396408.497150937,4489.23049505159,0
396421.789676409,4453.20342832506,0
396434.975112827,4417.13642326179,0
396448.053340197,4381.02980242914,0
396461.024239491,4344.88388876996,0
396473.887692648,4308.69900560086,0
396486.64358258,4272.47547660807,0
396499.291793167,4236.21362584514,0
396511.832209262,4199.9137777299,0
396524.264716693,4163.5762570408,0
396536.589202261,4127.20138891504,0
396548.805553744,4090.78949884425,0
396560.913659895,4054.34091267257,0
396572.913410449,4017.85595659293,0
396584.804696118,3981.33495714417,0
396596.587408595,3944.77824120841,0
396608.261440555,3908.18613600714,0
396619.826685657,3871.55896909926,0
396631.283038544,3834.89706837695,0
396642.630394842,3798.20076206343,0
396653.868651168,3761.47037870954,0
396664.997705122,3724.70624719046,0
396676.017455296,3687.90869670334,0
396686.92780127,3651.07805676321,0
396697.728643615,3614.21465720101,0
396708.419883896,3577.31882815946,0
396719.001424668,3540.39090009076,0
396729.473169484,3503.43120375311,0
396739.835022888,3466.44007020748,0
396750.086890422,3429.41783081512,0
396760.228678627,3392.36481723349,0
396770.26029504,3355.28136141425,0
396780.181648198,3318.16779559907,0
396789.992647638,3281.02445231738,0
396799.6932039,3243.85166438269,0
396809.283228522,3206.64976488961,0
396818.762634051,3169.41908721097,0
396828.131334034,3132.15996499407,0
396837.389243024,3094.87273215841,0
396846.536276581,3057.5577228915,0
396855.572351271,3020.2152716468,0
396864.497384668,2982.84571313954,0
396873.311295356,2945.4493823444,0
396882.014002927,2908.02661449177,0
396890.605427984,2870.57774506484,0
396899.085492143,2833.10310979651,0
396907.45411803,2795.60304466582,0
396915.711229285,2758.0778858954,0
396923.856750563,2720.52796994751,0
396931.890607533,2682.95363352171,0
396939.812726879,2645.35521355077,0
396947.623036302,2607.73304719839,0
396955.321464521,2570.08747185513,0
396962.907941271,2532.41882513596,0
396970.382397309,2494.72744487651,0
396977.744764407,2457.01366913016,0
396984.994975363,2419.27783616476,0
396992.132963991,2381.52028445931,0
396999.158665128,2343.74135270099,0
397006.072014636,2305.94137978157,0
397012.872949398,2268.12070479468,0
397019.561407321,2230.27966703196,0
397026.137327337,2192.41860598056,0
397032.600649403,2154.53786131914,0
397038.951314501,2116.63777291539,0
397045.189264643,2078.71868082205,0
397051.314442863,2040.7809252744,0
397057.326793228,2002.82484668633,0
397063.226260829,1964.85078564773,0
397069.012791789,1926.85908292063,0
397074.686333261,1888.85007943653,0
397080.246833425,1850.82411629261,0
397085.694241494,1812.78153474899,0
397091.028507714,1774.72267622495,0
397096.249583359,1736.64788229618,0
397101.357420739,1698.55749469104,0
397106.351973194,1660.45185528773,0
397111.2331951,1622.33130611062,0
397116.001041866,1584.19618932735,0
397120.655469936,1546.0468472452,0
397125.196436787,1507.8836223082,0
397129.623900935,1469.70685709344,0
397133.937821928,1431.51689430819,0
397138.138160353,1393.31407678623,0
397142.224877833,1355.098747485,0
397146.197937028,1316.87124948183,0
397150.057301636,1278.63192597115,0
397153.802936394,1240.38112026074,0
397157.434807075,1202.11917576884,0
397160.952880492,1163.84643602051,0
397164.357124499,1125.56324464465,0
397167.647507986,1087.26994537046,0
397170.824000886,1048.96688202428,0
397173.88657417,1010.65439852625,0
397176.835199852,972.33283888699,0
397179.669850984,934.002547204395,0
397182.390501661,895.663867660133,0
397184.99712702,857.317144516632,0
397187.489703237,818.96272211345,0
397189.868207532,780.600944864271,0
397192.132618167,742.232157253375,0
397194.282914447,703.856703832435,0
397196.319076719,665.474929217229,0
397198.241086372,627.087178084207,0
397200.04892584,588.693795167354,0
397201.742578599,550.295125254726,0
397203.322029168,511.891513185204,0
397204.787263113,473.483303845226,0
397206.138267039,435.07084216534,0
397207.375028599,396.654473117041,0
397208.497536488,358.234541709364,0
397209.505780446,319.811392985568,0
397210.399751257,281.38537201987,0
397211.17944075,242.956823914099,0
397211.844841797,204.526093794358,0
397212.395948317,166.09352680774,0
397212.832755272,127.659468119011,0
397213.155258669,89.2242629072562,0
397213.363455561,50.7882563625948,0
397213.457344045,12.3517936828446,0
397213.436923261,-26.0847799297795,0
397213.302193398,-64.5211192720112,0
397213.053155686,-102.956879142822,0
397212.689812402,-141.39171434677,0
397212.212166868,-179.825279697288,0
397211.620223448,-218.25723002003,0
397210.913987554,-256.687220156163,0
397210.093465641,-295.114904965713,0
397209.158665209,-333.539939330867,0
397208.109594803,-371.961978159292,0
397206.946264012,-410.380676387432,0
397205.668683469,-448.795688983886,0
397204.276864852,-487.206670952658,0
397202.770820881,-525.613277336488,0
397201.150565324,-564.015163220207,0
397199.416112988,-602.411983734017,0
397197.567479728,-640.803394056764,0
397195.604682439,-679.189049419382,0
397193.527739061,-717.568605108041,0
397191.336668577,-755.941716467568,0
397189.031491011,-794.30803890476,0
397186.612227433,-832.667227891581,0
397184.078899953,-871.018938968645,0
397181.431531724,-909.362827748359,0
397178.670146939,-947.698549918311,0
397175.794770836,-986.02576124462,0
397172.805429692,-1024.34411757507,0
397169.702150825,-1062.65327484267,0
397166.484962594,-1100.95288906867,0
397163.1538944,-1139.24261636613,0
397159.708976682,-1177.52211294299,0
397156.150240919,-1215.79103510551,0
397152.477719631,-1254.04903926157,0
397148.691446376,-1292.29578192381,0
397144.79145575,-1330.53091971317,0
397140.777783388,-1368.75410936188,0
397136.650465964,-1406.96500771711,0
397132.409541187,-1445.16327174384,0
397128.055047805,-1483.34855852859,0
397123.587025603,-1521.52052528225,0
397119.0055154,-1559.67882934382,0
397114.310559052,-1597.82312818325,0
397109.502199452,-1635.95307940512,0
397104.580480524,-1674.06834075156,0
397099.54544723,-1712.16857010582,0
397094.397145564,-1750.25342549531,0
397089.135622553,-1788.32256509506,0
397083.760926258,-1826.37564723081,0
397078.273105772,-1864.41233038246,0
397072.672211218,-1902.43227318714,0
397066.958293753,-1940.43513444266,0
397061.131405563,-1978.42057311057,0
397055.191599864,-2016.38824831964,0
397049.138930901,-2054.33781936886,0
397042.973453949,-2092.26894573098,0
397036.695225311,-2130.18128705542,0
397030.304302317,-2168.07450317189,0
397023.800743324,-2205.94825409323,0
397017.184607717,-2243.80220001909,0
397010.455955903,-2281.63600133868,0
397003.614849318,-2319.44931863455,0
396996.66135042,-2357.24181268519,0
396989.595522691,-2395.01314446897,0
396982.417430637,-2432.76297516661,0
396975.127139785,-2470.49096616518,0
396967.724716684,-2508.19677906052,0
396960.210228903,-2545.88007566125,0
396952.583745033,-2583.54051799123,0
396944.845334682,-2621.17776829346,0
396936.995068478,-2658.79148903267,0
396929.033018067,-2696.38134289905,0
396920.95925611,-2733.94699281104,0
396912.773856285,-2771.48810191877,0
396904.476893287,-2809.0043336072,0
396896.068442824,-2846.49535149917,0
396887.548581617,-2883.96081945893,0
396878.917387401,-2921.40040159476,0
396870.174938924,-2958.81376226289,0
396861.321315942,-2996.20056606983,0
396852.356599224,-3033.56047787641,0
396843.280870548,-3070.8931628001,0
396834.0942127,-3108.19828621897,0
396824.796709472,-3145.47551377416,0
396815.388445665,-3182.72451137352,0
396805.869507085,-3219.94494519458,0
396796.239980543,-3257.13648168752,0
396786.499953854,-3294.29878757885,0
396776.649515833,-3331.43152987371,0
396766.688756302,-3368.53437586003,0
396756.617766079,-3405.60699311058,0
396746.436636986,-3442.64904948713,0
396736.145461841,-3479.6602131427,0
396725.744334461,-3516.64015252526,0
396715.23334966,-3553.58853638067,0
396704.612603248,-3590.5050337555,0
396693.882192029,-3627.38931400084,0
396683.042213801,-3664.24104677441,0
396672.092767357,-3701.05990204477,0
396661.033952477,-3737.84555009334,0
396649.865869936,-3774.59766151836,0
396638.588621496,-3811.31590723746,0
396627.202309908,-3847.99995849076,0
396615.70703891,-3884.64948684443,0
396604.102913227,-3921.26416419286,0
396592.390038567,-3957.84366276286,0
396580.568521624,-3994.38765511556,0
396568.638470073,-4030.89581415042,0
396556.599992571,-4067.36781310772,0
396544.453198757,-4103.80332557165,0
396532.198199247,-4140.20202547382,0
396519.835105635,-4176.56358709541,0
396507.364030492,-4212.8876850713,0
396494.785087366,-4249.17399439203,0
396482.098390778,-4285.42219040757,0
396469.304056221,-4321.63194883013,0
396456.402200162,-4357.80294573675,0
396443.392940037,-4393.93485757322,0
396430.276394253,-4430.02736115588,0
396417.052682182,-4466.08013367582,0
396403.721924165,-4502.09285270097,0
396390.284241509,-4538.0651961794,0
396376.739756483,-4573.99684244267,0
396363.08859232,-4609.88747020782,0
396349.330873215,-4645.73675858164,0
396335.466724322,-4681.54438706238,0
396321.496271755,-4717.31003554356,0
396307.419642584,-4753.03338431671,0
396293.236964837,-4788.71411407377,0
396278.948367494,-4824.35190591116,0
396264.553980491,-4859.94644133137,0
396250.053934715,-4895.497402247,0
396235.448362004,-4931.00447098317,0
396220.737395143,-4966.46733028016,0
396205.921167868,-5001.88566329726,0
396190.999814859,-5037.25915361439,0
396175.973471742,-5072.5874852362,0
396160.842275086,-5107.87034259426,0
396145.606362401,-5143.10741054988,0
396130.26587214,-5178.2983743978,0
396114.820943692,-5213.44291986778,0
396099.271717386,-5248.54073312874,0
396083.618334485,-5283.59150079089,0
396067.86093719,-5318.59490990846,0
396051.999668631,-5353.55064798347,0
396036.034672871,-5388.45840296719,0
396019.966094904,-5423.31786326431,0
396003.794080652,-5458.12871773503,0
395987.518776964,-5492.8906556977,0
395971.140331613,-5527.60336693265,0
395954.658893297,-5562.26654168359,0
395938.074611637,-5596.87987066164,0
395921.387637173,-5631.44304504762,0
395904.598121366,-5665.9557564944,0
395887.706216592,-5700.41769713086,0
395870.712076145,-5734.82855956325,0
395853.615854233,-5769.18803687907,0
395836.417705975,-5803.49582264952,0
395819.117787403,-5837.7516109316,0
395801.716255457,-5871.95509627217,0
395784.213267986,-5906.10597370939,0
395766.608983744,-5940.20393877615,0
395748.90356239,-5974.24868750306,0
395731.097164485,-6008.23991642005,0
395713.189951492,-6042.17732256052,0
395695.182085773,-6076.06060346307,0
395677.073730587,-6109.88945717426,0
395658.865050091,-6143.66358225215,0
395640.556209333,-6177.38267776768,0
395622.147374256,-6211.04644330849,0
395603.638711694,-6244.65457898127,0
395585.030389368,-6278.2067854137,0
395566.322575889,-6311.70276375853,0
395547.515440751,-6345.14221569487,0
395528.609154333,-6378.52484343151,0
395509.603887896,-6411.85034970989,0
395490.499813582,-6445.11843780557,0
395471.29710441,-6478.32881153222,0
395451.995934276,-6511.48117524351,0
395432.596477952,-6544.57523383535,0
395413.098911083,-6577.61069274978,0
395393.503410183,-6610.58725797608,0
395373.810152639,-6643.50463605426,0
395354.019316702,-6676.36253407785,0
395334.131081491,-6709.16065969525,0
395314.145626989,-6741.89872111384,0
395294.06313404,-6774.57642710164,0
395273.883784348,-6807.19348698959,0
395253.607760478,-6839.74961067536,0
395233.235245847,-6872.2445086244,0
395212.766424731,-6904.67789187335,0
395192.201482257,-6937.04947203281,0
395171.540604401,-6969.35896128861,0
395150.783977991,-7001.60607240584,0
395129.931790699,-7033.79051873055,0
395108.984231046,-7065.9120141918,0
395087.941488392,-7097.97027330552,0
395066.80375294,-7129.96501117564,0
395045.571215733,-7161.89594349702,0
395024.24406865,-7193.76278655866,0
395002.822504406,-7225.56525724464,0
394981.306716551,-7257.30307303795,0
394959.696899462,-7288.97595202259,0
394937.993248351,-7320.58361288509,0
394916.195959254,-7352.12577491844,0
394894.305229033,-7383.60215802354,0
394872.321255375,-7415.01248271135,0
394850.244236786,-7446.35647010663,0
394828.074372593,-7477.63384194881,0
394805.811862942,-7508.84432059513,0
394783.456908792,-7539.98762902352,0
394761.009711916,-7571.06349083358,0
394738.4704749,-7602.07163025026,0
394715.839401138,-7633.011772126,0
394693.116694831,-7663.88364194196,0
394670.302560986,-7694.68696581203,0
394647.397205413,-7725.42147048423,0
394624.400834725,-7756.08688334255,0
394601.31365633,-7786.68293241078,0
394578.135878436,-7817.20934635343,0
394554.867710047,-7847.66585447835,0
394531.509360956,-7878.05218673993,0
394508.061041751,-7908.36807374001,0
394484.522963806,-7938.61324673095,0
394460.895339281,-7968.78743761836,0
394437.178381123,-7998.89037896193,0
394413.37230306,-8028.92180397908,0
394389.477319599,-8058.88144654693,0
394365.493646027,-8088.76904120349,0
394341.421498407,-8118.5843231514,0
394317.261093573,-8148.3270282595,0
394293.012649134,-8177.99689306425,0
394268.676383467,-8207.59365477359,0
394244.252515716,-8237.11705126795,0
394219.741265791,-8266.5668211023,0
394195.142854364,-8295.94270350959,0
394170.457502868,-8325.24443840166,0
394145.685433496,-8354.47176637164,0
394120.826869197,-8383.62442869716,0
394095.882033671,-8412.70216734096,0
394070.851151376,-8441.70472495389,0
394045.734447515,-8470.63184487755,0
394020.53214804,-8499.48327114501,0
393995.244479649,-8528.25874848403,0
393969.871669784,-8556.9580223194,0
393944.413946625,-8585.58083877363,0
393918.871539094,-8614.12694467046,0
393893.244676848,-8642.59608753679,0
393867.533590279,-8670.98801560348,0
393841.738510509,-8699.30247780909,0
393815.859669393,-8727.53922380134,0
393789.897299511,-8755.69800393821,0
393763.851634169,-8783.7785692916,0
393737.722907397,-8811.78067164864,0
393711.511353944,-8839.70406351285,0
393685.217209279,-8867.54849810789,0
393658.840709586,-8895.31372937857,0
393632.382091765,-8922.99951199228,0
393605.841593424,-8950.60560134254,0
393579.219452884,-8978.13175354996,0
393552.515909171,-9005.57772546379,0
393525.731202017,-9032.94327466542,0
393498.865571854,-9060.22815946912,0
393471.919259817,-9087.43213892381,0
393444.892507737,-9114.55497281644,0
393417.785558141,-9141.59642167265,0
393390.59865425,-9168.55624675861,0
393363.332039975,-9195.43421008432,0
393335.985959914,-9222.23007440425,0
393308.560659354,-9248.94360321919,0
393281.056384264,-9275.57456077948,0
393253.473381295,-9302.12271208564,0
393225.811897777,-9328.58782289022,0
393198.072181717,-9354.969659701,0
393170.254481795,-9381.26798978153,0
393142.359047366,-9407.48258115307,0
393114.386128452,-9433.61320259765,0
393086.335975743,-9459.6596236587,0
393058.208840595,-9485.62161464285,0
393030.004975024,-9511.49894662305,0
393001.724631709,-9537.29139143914,0
392973.368063985,-9562.99872169964,0
392944.935525844,-9588.62071078481,0
392916.427271928,-9614.15713284728,0
392887.843557533,-9639.6077628137,0
392859.184638601,-9664.97237638785,0
392830.450771721,-9690.25075005128,0
392801.642214124,-9715.44266106481,0
392772.759223683,-9740.54788747172,0
392743.80205891,-9765.56620809841,0
392714.770978952,-9790.49740255569,0
392685.666243589,-9815.34125124208,0
392656.488113235,-9840.09753534452,0
392627.23684893,-9864.76603683946,0
392597.912712341,-9889.34653849617,0
392568.515965761,-9913.83882387761,0
392539.046872103,-9938.24267734127,0
392509.505694898,-9962.55788404249,0
392479.892698294,-9986.78422993548,0
392450.208147056,-10010.921501774,0
392420.452306557,-10034.9694871145,0
392390.62544278,-10058.9279743175,0
392360.727822317,-10082.7967525479,0
392330.759712363,-10106.5756117783,0
392300.721380714,-10130.2643427903,0
392270.613095765,-10153.8627371748,0
392240.435126511,-10177.370587335,0
392210.187742538,-10200.7876864882,0
392179.871214026,-10224.1138286659,0
392149.485811743,-10247.3488087164,0
392119.031807045,-10270.4924223069,0
392088.509471873,-10293.544465924,0
392057.919078748,-10316.5047368752,0
392027.260900772,-10339.3730332919,0
391996.535211624,-10362.1491541297,0
391965.742285557,-10384.8328991696,0
391934.882397395,-10407.424069021,0
391903.955822534,-10429.9224651223,0
391872.962836935,-10452.3278897418,0
391841.903717124,-10474.6401459807,0
391810.778740188,-10496.8590377739,0
391779.588183775,-10518.9843698906,0
391748.33232609,-10541.0159479373,0
391717.01144589,-10562.9535783587,0
391685.625822487,-10584.7970684384,0
391654.175735739,-10606.5462263013,0
391622.661466053,-10628.2008609155,0
391591.08329438,-10649.760782092,0
391559.441502212,-10671.2258004874,0
391527.736371581,-10692.5957276057,0
391495.968185054,-10713.8703757986,0
391464.137225735,-10735.0495582672,0
391432.243777257,-10756.1330890642,0
391400.288123782,-10777.1207830947,0
391368.270549999,-10798.012456117,0
391336.191341123,-10818.8079247452,0
391304.050782886,-10839.5070064503,0
391271.849161542,-10860.1095195601,0
391239.586763861,-10880.6152832626,0
391207.263877125,-10901.0241176067,0
391174.880789128,-10921.3358435026,0
391142.437788174,-10941.5502827238,0
391109.935163069,-10961.6672579094,0
391077.373203126,-10981.6865925639,0
391044.752198157,-11001.6081110587,0
391012.072438474,-11021.4316386345,0
390979.334214882,-11041.1570014021,0
390946.537818682,-11060.7840263424,0
390913.683541662,-11080.3125413097,0
390880.771676101,-11099.7423750322,0
390847.802514762,-11119.0733571125,0
390814.77635089,-11138.3053180296,0
390781.693478212,-11157.4380891407,0
390748.55419093,-11176.4715026811,0
390715.358783724,-11195.405391766,0
390682.107551743,-11214.2395903925,0
390648.800790609,-11232.9739334402,0
390615.438796408,-11251.6082566714,0
390582.021865694,-11270.1423967341,0
390548.550295479,-11288.5761911627,0
390515.024383238,-11306.9094783781,0
390481.444426901,-11325.1420976897,0
390447.810724851,-11343.2738892973,0
390414.123575923,-11361.3046942911,0
390380.383279405,-11379.2343546526,0
390346.590135025,-11397.0627132575,0
390312.744442958,-11414.7896138755,0
390278.84650382,-11432.414901171,0
390244.896618665,-11449.9384207055,0
390210.895088983,-11467.3600189386,0
390176.842216696,-11484.6795432279,0
390142.738304159,-11501.8968418308,0
390108.583654153,-11519.0117639065,0
390074.378569884,-11536.0241595159,0
390040.123354983,-11552.9338796226,0
390005.818313499,-11569.7407760949,0
389971.463749898,-11586.4447017068,0
389937.059969064,-11603.0455101377,0
389902.607276289,-11619.5430559749,0
389868.105977278,-11635.9371947146,0
389833.556378139,-11652.2277827621,0
389798.95878539,-11668.4146774329,0
389764.313505946,-11684.4977369547,0
389729.620847121,-11700.4768204678,0
389694.881116628,-11716.3517880256,0
389660.094622573,-11732.1225005962,0
389625.26167345,-11747.7888200639,0
389590.382578146,-11763.3506092294,0
389555.45764593,-11778.80773181,0
389520.487186458,-11794.1600524428,0
389485.471509762,-11809.4074366843,0
389450.410926254,-11824.5497510108,0
389415.305746723,-11839.5868628202,0
389380.156282327,-11854.5186404333,0
389344.962844596,-11869.3449530941,0
389309.725745428,-11884.0656709702,0
389274.445297082,-11898.680665155,0
389239.121812183,-11913.1898076682,0
389203.755603713,-11927.5929714559,0
389168.346985011,-11941.8900303922,0
389132.89626977,-11956.0808592804,0
389097.403772034,-11970.1653338536,0
389061.869806196,-11984.1433307747,0
389026.294686996,-11998.0147276385,0
388990.678729514,-12011.7794029726,0
388955.022249173,-12025.4372362372,0
388919.325561736,-12038.9881078262,0
388883.588983298,-12052.4318990692,0
388847.812830285,-12065.7684922315,0
388811.997419458,-12078.9977705142,0
388776.143067903,-12092.119618056,0
388740.25009303,-12105.1339199345,0
388704.318812569,-12118.0405621658,0
388668.349544575,-12130.8394317054,0
388632.342607416,-12143.5304164499,0
388596.298319772,-12156.1134052376,0
388560.217000637,-12168.5882878485,0
388524.098969314,-12180.9549550052,0
388487.94454541,-12193.2132983749,0
388451.754048836,-12205.363210569,0
388415.527799805,-12217.4045851439,0
388379.266118826,-12229.3373166018,0
388342.969326702,-12241.1613003922,0
388306.637744532,-12252.8764329121,0
388270.271693702,-12264.482611506,0
388233.871495889,-12275.9797344677,0
388197.437473048,-12287.367701041,0
388160.96994742,-12298.6464114197,0
388124.469241527,-12309.8157667483,0
388087.935678163,-12320.8756691233,0
388051.369580398,-12331.8260215943,0
388014.771271573,-12342.666728163,0
387978.141075298,-12353.3976937851,0
387941.479315447,-12364.0188243711,0
387904.786316157,-12374.5300267865,0
387868.062401827,-12384.9312088523,0
387831.307897113,-12395.2222793459,0
387794.523126926,-12405.4031480019,0
387757.708416427,-12415.4737255129,0
387720.86409103,-12425.4339235291,0
387683.990476395,-12435.2836546598,0
387647.087898425,-12445.0228324742,0
387610.156683263,-12454.6513715015,0
387573.197157295,-12464.1691872314,0
387536.209647141,-12473.5761961146,0
387499.194479653,-12482.8723155646,0
387462.151981914,-12492.057463957,0
387425.082481238,-12501.1315606302,0
387387.986305163,-12510.0945258861,0
387350.863781447,-12518.9462809913,0
387313.71523807,-12527.6867481773,0
387276.541003229,-12536.31585064,0
387239.341405337,-12544.8335125414,0
387202.116773017,-12553.2396590104,0
387164.867435099,-12561.5342161425,0
387127.593720625,-12569.7171110003,0
387090.295958838,-12577.7882716143,0
387052.974479181,-12585.7476269839,0
387015.629611294,-12593.5951070772,0
386978.261685016,-12601.3306428315,0
386940.871030381,-12608.9541661538,0
386903.457977606,-12616.4656099221,0
386866.022857101,-12623.864907985,0
386828.565999458,-12631.1519951623,0
386791.087735455,-12638.3268072453,0
386753.588396047,-12645.3892809978,0
386716.068312363,-12652.3393541567,0
386678.527815709,-12659.1769654314,0
386640.967237564,-12665.9020545048,0
386603.386909574,-12672.5145620341,0
386565.787163549,-12679.0144296509,0
386528.168331462,-12685.4015999617,0
386490.530745452,-12691.6760165475,0
386452.874737812,-12697.8376239655,0
386415.200640988,-12703.8863677491,0
386377.50878758,-12709.8221944079,0
386339.799510341,-12715.645051428,0
386302.073142167,-12721.3548872726,0
386264.3300161,-12726.9516513831,0
386226.570465322,-12732.4352941784,0
386188.794823155,-12737.8057670554,0
386151.00342306,-12743.0630223897,0
386113.196598626,-12748.2070135362,0
386075.374683574,-12753.237694829,0
386037.538011757,-12758.1550215813,0
385999.686917151,-12762.9589500866,0
385961.821733852,-12767.6494376188,0
385923.942796079,-12772.2264424322,0
385886.050438168,-12776.6899237618,0
385848.144994569,-12781.039841824,0
385810.226799843,-12785.2761578166,0
385772.29618866,-12789.3988339192,0
385734.353495798,-12793.4078332932,0
385696.399056139,-12797.3031200824,0
385658.433204662,-12801.0846594135,0
385620.456276447,-12804.7524173956,0
385582.468606671,-12808.3063611211,0
385544.470530601,-12811.7464586655,0
385506.462383596,-12815.0726790882,0
385468.444501099,-12818.2849924322,0
385430.417218644,-12821.3833697245,0
385392.380871841,-12824.3677829766,0
385354.335796381,-12827.2382051843,0
385316.282328032,-12829.994610328,0
385278.220802637,-12832.6369733732,0
385240.151556107,-12835.1652702703,0
385202.074924423,-12837.5794779552,0
385163.991243634,-12839.8795743491,0
385125.900849848,-12842.0655383589,0
385087.804079235,-12844.1373498772,0
385049.701268022,-12846.0949897828,0
385011.592752492,-12847.9384399406,0
384973.47886898,-12849.6676832015,0
384935.359953867,-12851.2827034033,0
384897.236343586,-12852.7834853701,0
384859.108374609,-12854.1700149128,0
384820.976383453,-12855.442278829,0
384782.840706672,-12856.6002649036,0
384744.701680855,-12857.6439619083,0
384706.559642624,-12858.5733596021,0
384668.414928633,-12859.3884487313,0
384630.267875563,-12860.0892210296,0
384592.118820119,-12860.6756692182,0
384553.96809903,-12861.1477870058,0
384515.816049041,-12861.5055690888,0
384477.663006918,-12861.7490111514,0
384439.509309438,-12861.8781098655,0
384401.355293391,-12861.8928628909,0
384363.201295574,-12861.7932688752,0
384325.047652793,-12861.5793274541,0
384286.894701852,-12861.2510392512,0
384248.742779561,-12860.808405878,0
384210.592222724,-12860.2514299344,0
384172.443368141,-12859.580115008,0
384134.296552605,-12858.7944656748,0
384096.152112898,-12857.8944874986,0
384058.010385788,-12856.8801870315,0
384019.871708029,-12855.7515718137,0
383981.736416355,-12854.5086503735,0
383943.604847479,-12853.151432227,0
383905.47733809,-12851.6799278788,0
383867.35422485,-12850.0941488211,0
383829.235844392,-12848.3941075344,0
383791.122533316,-12846.579817487,0
383753.014628189,-12844.6512931351,0
383714.912465538,-12842.6085499228,0
383676.81638185,-12840.4516042818,0
383638.726713571,-12838.1804736319,0
383600.643797099,-12835.7951763802,0
383562.567968783,-12833.2957319214,0
383524.499564924,-12830.682160638,0
383486.438921765,-12827.9544838995,0
383448.386375495,-12825.1127240628,0
383410.342262243,-12822.1569044721,0
383372.306918076,-12819.0870494588,0
383334.280678995,-12815.9031843407,0
383296.263880934,-12812.6053354231,0
383258.256859758,-12809.1935299977,0
383220.259951257,-12805.6677963428,0
383182.273491146,-12802.028163723,0
383144.297815061,-12798.2746623894,0
383106.33325856,-12794.4073235793,0
383068.380157111,-12790.4261795155,0
383030.4388461,-12786.331263407,0
382992.509660824,-12782.1226094485,0
382954.592936484,-12777.8002528199,0
382916.689008189,-12773.3642296862,0
382878.798210951,-12768.8145771979,0
382840.920879681,-12764.1513334903,0
382803.057349185,-12759.374537683,0
382765.207954164,-12754.4842298802,0
382727.373029215,-12749.4804511705,0
382689.552908818,-12744.3632436265,0
382651.74792734,-12739.1326503043,0
382613.958419035,-12733.7887152436,0
382576.184718036,-12728.3314834677,0
382538.427158352,-12722.7610009828,0
382500.686073867,-12717.0773147774,0
382462.961798341,-12711.280472823,0
382425.254665403,-12705.3705240736,0
382387.565008546,-12699.3475184647,0
382349.893161129,-12693.2115069132,0
382312.239456372,-12686.9625413181,0
382274.604227358,-12680.6006745594,0
382236.987807019,-12674.1259604976,0
382199.390528146,-12667.5384539735,0
382161.812723377,-12660.8382108083,0
382124.254725202,-12654.0252878036,0
382086.716865953,-12647.0997427399,0
382049.199477805,-12640.0616343766,0
382011.702892773,-12632.9110224524,0
381974.227442711,-12625.6479676849,0
381936.773459304,-12618.2725317692,0
381899.341274071,-12610.7847773782,0
381861.931218358,-12603.1847681621,0
381824.543623339,-12595.4725687489,0
381787.178820013,-12587.6482447428,0
381749.837139193,-12579.7118627238,0
381712.518911516,-12571.6634902481,0
381675.224467435,-12563.5031958479,0
381637.954137211,-12555.2310490299,0
381600.708250917,-12546.8471202754,0
381563.487138433,-12538.3514810399,0
381526.291129444,-12529.7442037533,0
381489.120553436,-12521.0253618184,0
381451.975739694,-12512.1950296106,0
381414.857017298,-12503.2532824782,0
381377.764715124,-12494.2001967417,0
381340.699161838,-12485.0358496929,0
381303.660685891,-12475.7603195945,0
381266.649615522,-12466.3736856797,0
381229.666278754,-12456.8760281528,0
381192.711003387,-12447.267428187,0
381155.784116999,-12437.5479679242,0
381118.885946942,-12427.7177304755,0
381082.016820341,-12417.7767999207,0
381045.17706409,-12407.7252613065,0
381008.367004847,-12397.5632006462,0
380971.586969034,-12387.2907049207,0
380934.837282837,-12376.9078620768,0
380898.118272197,-12366.4147610263,0
380861.43026281,-12355.8114916458,0
380824.773580126,-12345.098144777,0
380788.148549345,-12334.2748122252,0
380751.555495414,-12323.3415867587,0
380714.994743023,-12312.2985621082,0
380678.466616605,-12301.1458329673,0
380641.971440333,-12289.8834949908,0
380605.509538115,-12278.5116447939,0
380569.081233591,-12267.0303799524,0
380532.686850135,-12255.4397990021,0
380496.326710849,-12243.7400014379,0
380460.001138556,-12231.9310877122,0
380423.710455806,-12220.013159236,0
380387.454984869,-12207.9863183777,0
380351.235047729,-12195.8506684616,0
380315.050966088,-12183.6063137679,0
380278.903061357,-12171.2533595322,0
380242.791654658,-12158.7919119451,0
380206.71706682,-12146.2220781502,0
380170.679618372,-12133.5439662444,0
380134.679629548,-12120.7576852778,0
380098.717420278,-12107.8633452518,0
380062.793310188,-12094.8610571186,0
380026.907618597,-12081.750932781,0
379991.060664514,-12068.533085092,0
379955.252766636,-12055.2076278529,0
379919.484243342,-12041.7746758129,0
379883.755412696,-12028.2343446696,0
379848.066592441,-12014.5867510669,0
379812.418099995,-12000.8320125942,0
379776.810252449,-11986.9702477864,0
379741.243366568,-11973.0015761233,0
379705.717758784,-11958.926118028,0
379670.233745193,-11944.7439948658,0
379634.791641556,-11930.4553289449,0
379599.391763295,-11916.060243515,0
379564.034425487,-11901.5588627655,0
379528.719942864,-11886.9513118255,0
379493.448629813,-11872.2377167635,0
379458.220800369,-11857.418204586,0
379423.036768211,-11842.492903236,0
379387.896846666,-11827.461941593,0
379352.801348699,-11812.325449473,0
379317.750586917,-11797.0835576253,0
379282.74487356,-11781.7363977334,0
379247.784520501,-11766.2841024141,0
379212.869839247,-11750.726805216,0
379178.001140929,-11735.0646406184,0
379143.178736304,-11719.297744031,0
379108.402935753,-11703.4262517936,0
379073.674049275,-11687.4503011736,0
379038.992386486,-11671.3700303655,0
379004.358256618,-11655.1855784916,0
378969.771968512,-11638.8970855994,0
378935.23383062,-11622.5046926602,0
378900.744150998,-11606.0085415701,0
378866.303237309,-11589.408775148,0
378831.911396814,-11572.705537134,0
378797.568936371,-11555.8989721891,0
378763.276162437,-11538.9892258949,0
378729.033381059,-11521.9764447516,0
378694.840897876,-11504.8607761768,0
378660.699018112,-11487.6423685053,0
378626.608046577,-11470.3213709884,0
378592.568287664,-11452.8979337915,0
378558.580045342,-11435.3722079938,0
378524.643623161,-11417.7443455882,0
378490.759324242,-11400.0144994788,0
378456.927451277,-11382.1828234801,0
378423.148306528,-11364.2494723168,0
378389.422191822,-11346.2146016226,0
378355.749408549,-11328.0783679376,0
378322.130257661,-11309.840928709,0
378288.565039666,-11291.50244229,0
378255.054054628,-11273.0630679371,0
378221.597602163,-11254.5229658101,0
378188.195981438,-11235.8822969717,0
378154.849491166,-11217.1412233849,0
378121.558429604,-11198.2999079122,0
378088.323094553,-11179.3585143155,0
378055.14378335,-11160.3172072543,0
378022.020792872,-11141.1761522838,0
377988.954419526,-11121.9355158546,0
377955.944959253,-11102.5954653123,0
377922.992707521,-11083.1561688945,0
377890.097959325,-11063.6177957301,0
377857.261009182,-11043.98051584,0
377824.48215113,-11024.2445001334,0
377791.761678724,-11004.4099204075,0
377759.099885035,-10984.4769493469,0
377726.497062648,-10964.4457605221,0
377693.953503655,-10944.3165283871,0
377661.469499657,-10924.0894282799,0
377629.045341758,-10903.7646364206,0
377596.681320566,-10883.3423299095,0
377564.377726186,-10862.8226867261,0
377532.134848222,-10842.2058857293,0
377499.952975771,-10821.4921066538,0
377467.83239742,-10800.6815301098,0
377435.773401247,-10779.7743375829,0
377403.776274815,-10758.770711431,0
377371.841305169,-10737.6708348833,0
377339.968778837,-10716.4748920401,0
377308.158981825,-10695.1830678708,0
377276.412199613,-10673.7955482118,0
377244.728717154,-10652.3125197662,0
377213.108818875,-10630.7341701026,0
377181.552788664,-10609.0606876526,0
377150.060909881,-10587.29226171,0
377118.633465343,-10565.4290824303,0
377087.27073733,-10543.4713408278,0
377055.973007578,-10521.4192287748,0
377024.740557278,-10499.2729390011,0
376993.573667073,-10477.0326650913,0
376962.472617054,-10454.6986014833,0
376931.43768676,-10432.2709434686,0
376900.469155175,-10409.7498871891,0
376869.567300724,-10387.135629636,0
376838.732401268,-10364.428368649,0
376807.964734109,-10341.6283029146,0
376777.26457598,-10318.7356319639,0
376746.632203046,-10295.7505561719,0
376716.067890899,-10272.6732767564,0
376685.57191456,-10249.5039957749,0
376655.144548471,-10226.2429161245,0
376624.786066496,-10202.8902415407,0
376594.496741915,-10179.446176594,0
376564.276847427,-10155.9109266899,0
376534.126655143,-10132.2846980676,0
376504.046436582,-10108.5676977972,0
376474.036462675,-10084.7601337786,0
376444.097003755,-10060.8622147409,0
376414.228329559,-10036.8741502395,0
376384.430709225,-10012.7961506546,0
376354.704411288,-9988.6284271913,0
376325.049703679,-9964.37119187586,0
376295.466853718,-9940.02465755476,0
376265.956128121,-9915.58903789422,0
376236.517792987,-9891.06454737717,0
376207.1521138,-9866.45140130166,0
376177.85935543,-9841.74981578054,0
376148.639782123,-9816.96000773861,0
376119.493657503,-9792.0821949107,0
376090.421244572,-9767.11659584143,0
376061.4228057,-9742.0634298825,0
376032.498602629,-9716.9229171905,0
376003.648896467,-9691.69527872673,0
375974.87394769,-9666.38073625456,0
375946.174016131,-9640.97951233711,0
375917.549360987,-9615.491830337,0
375889.000240811,-9589.91791441384,0
375860.526913508,-9564.25798952179,0
375832.129636338,-9538.51228140921,0
375803.808665912,-9512.6810166163,0
375775.564258184,-9486.76442247249,0
375747.396668455,-9460.76272709609,0
375719.306151369,-9434.67615939197,0
375691.292960908,-9408.50494904888,0
375663.357350392,-9382.24932653903,0
375635.499572475,-9355.90952311581,0
375607.719879145,-9329.48577081107,0
375580.018521718,-9302.97830243463,0
375552.395750839,-9276.38735157206,0
375524.851816475,-9249.7131525818,0
375497.386967918,-9222.95594059481,0
375470.00145378,-9196.11595151219,0
375442.695521989,-9169.19342200233,0
375415.469419789,-9142.18858950052,0
375388.323393736,-9115.10169220654,0
375361.257689696,-9087.9329690818,0
375334.272552844,-9060.68265984896,0
375307.36822766,-9033.35100498935,0
375280.544957926,-9005.93824574024,0
375253.802986724,-8978.44462409442,0
375227.142556436,-8950.87038279745,0
375200.563908738,-8923.21576534506,0
375174.0672846,-8895.48101598269,0
375147.652924282,-8867.66637970253,0
375121.321067333,-8839.77210224116,0
375095.071952589,-8811.79843007891,0
375068.905818168,-8783.74561043686,0
375042.822901469,-8755.61389127449,0
375016.823439172,-8727.40352128913,0
374990.907667231,-8699.11474991263,0
374965.075820876,-8670.7478273093,0
374939.328134607,-8642.30300437524,0
374913.664842195,-8613.78053273481,0
374888.086176677,-8585.18066473879,0
374862.592370355,-8556.50365346359,0
374837.183654794,-8527.74975270755,0
374811.860260817,-8498.91921698936,0
374786.622418507,-8470.01230154706,0
374761.4703572,-8441.02926233416,0
374736.404305486,-8411.97035601849,0
374711.424491207,-8382.83583998071,0
374686.531141451,-8353.62597231058,0
374661.724482553,-8324.34101180598,0
374637.004740092,-8294.98121797103,0
374612.372138887,-8265.54685101248,0
374587.826902998,-8236.03817183897,0
374563.369255722,-8206.45544205865,0
374538.999419587,-8176.79892397583,0
374514.717616357,-8147.06888059037,0
374490.524067024,-8117.26557559474,0
374466.418991808,-8087.38927337115,0
374442.402610156,-8057.44023899089,0
374418.475140735,-8027.41873821085,0
374394.636801435,-7997.32503747125,0
374370.887809365,-7967.15940389472,0
374347.228380849,-7936.92210528248,0
374323.658731425,-7906.61341011261,0
374300.179075845,-7876.23358753875,0
374276.789628069,-7845.78290738613,0
374253.490601264,-7815.26164015035,0
374230.282207804,-7784.67005699543,0
374207.164659265,-7754.00842975009,0
374184.138166423,-7723.27703090682,0
374161.202939255,-7692.47613361923,0
374138.359186931,-7661.60601169875,0
374115.607117819,-7630.66693961389,0
374092.946939477,-7599.65919248678,0
374070.378858653,-7568.58304609065,0
374047.903081283,-7537.43877684879,0
374025.519812489,-7506.22666183067,0
374003.229256576,-7474.94697875011,0
373981.03161703,-7443.60000596373,0
373958.927096516,-7412.18602246692,0
373936.915896877,-7380.70530789268,0
373914.998219131,-7349.15814250919,0
373893.174263467,-7317.54480721622,0
373871.444229246,-7285.8655835442,0
373849.808314998,-7254.12075365095,0
373828.266718418,-7222.31060031883,0
373806.819636366,-7190.43540695367,0
373785.467264865,-7158.49545758084,0
373764.209799097,-7126.4910368433,0
373743.047433402,-7094.4224299999,0
373721.980361278,-7062.28992292135,0
373701.008775374,-7030.09380208895,0
373680.132867494,-6997.83435459195,0
373659.352828589,-6965.51186812401,0
373638.66884876,-6933.12663098221,0
373618.081117252,-6900.6789320634,0
373597.589822456,-6868.16906086164,0
373577.195151903,-6835.59730746682,0
373556.897292264,-6802.96396256053,0
373536.696429348,-6770.26931741443,0
373516.5927481,-6737.51366388793,0
373496.586432598,-6704.6972944244,0
373476.677666053,-6671.82050204997,0
373456.866630804,-6638.88358037015,0
373437.153508319,-6605.88682356691,0
373417.538479192,-6572.83052639734,0
373398.021723142,-6539.71498418953,0
373378.603419006,-6506.54049284072,0
373359.283744745,-6473.30734881505,0
373340.062877438,-6440.01584913963,0
373320.940993276,-6406.6662914033,0
373301.91826757,-6373.25897375316,0
373282.99487474,-6339.79419489166,0
373264.170988316,-6306.2722540751,0
373245.446780939,-6272.69345110944,0
373226.822424354,-6239.05808634859,0
373208.298089413,-6205.36646069175,0
373189.873946071,-6171.6188755797,0
373171.550163383,-6137.81563299348,0
373153.326909502,-6103.95703545057,0
373135.204351682,-6070.04338600232,0
373117.18265627,-6036.07498823213,0
373099.261988707,-6002.05214625114,0
373081.442513527,-5967.97516469686,0
373063.724394354,-5933.84434872984,0
373046.107793898,-5899.66000403039,0
373028.592873959,-5865.42243679712,0
373011.17979542,-5831.13195374265,0
372993.868718246,-5796.78886209172,0
372976.659801487,-5762.39346957854,0
372959.553203268,-5727.94608444284,0
372942.549080794,-5693.44701542863,0
372925.647590346,-5658.89657178005,0
372908.848887279,-5624.29506323898,0
372892.15312602,-5589.64280004282,0
372875.560460069,-5554.94009292032,0
372859.071041992,-5520.1872530901,0
372842.685023425,-5485.38459225691,0
372826.402555068,-5450.53242260872,0
372810.223786686,-5415.63105681485,0
372794.148867107,-5380.68080802155,0
372778.177944219,-5345.68198985046,0
372762.311164968,-5310.63491639507,0
372746.548675359,-5275.53990221749,0
372730.890620454,-5240.39726234671,0
372715.337144366,-5205.20731227413,0
372699.888390263,-5169.97036795189,0
372684.544500364,-5134.68674578944,0
372669.305615936,-5099.35676265016,0
372654.171877295,-5063.9807358496,0
372639.143423803,-5028.55898315104,0
372624.220393866,-4993.09182276373,0
372609.402924934,-4957.5795733394,0
372594.691153498,-4922.02255396896,0
372580.085215091,-4886.42108418055,0
372565.585244282,-4850.77548393519,0
372551.191374677,-4815.08607362494,0
372536.903738921,-4779.35317406935,0
372522.722468688,-4743.57710651219,0
372508.647694688,-4707.7581926194,0
372494.679546662,-4671.89675447473,0
372480.818153379,-4635.99311457797,0
372467.063642637,-4600.04759584107,0
372453.416141261,-4564.06052158528,0
372439.8757751,-4528.03221553864,0
372426.442669028,-4491.96300183184,0
372413.116946942,-4455.85320499643,0
372399.898731757,-4419.70314996063,0
372386.788145413,-4383.5131620469,0
372373.785308862,-4347.2835669689,0
372360.890342077,-4311.01469082767,0
372348.103364045,-4274.70686010975,0
372335.424492768,-4238.3604016827,0
372322.85384526,-4201.97564279316,0
372310.391537546,-4165.55291106309,0
372298.037684662,-4129.09253448661,0
372285.792400654,-4092.59484142758,0
372273.655798572,-4056.06016061533,0
372261.627990476,-4019.48882114277,0
372249.709087428,-3982.88115246217,0
372237.899199496,-3946.23748438269,0
372226.198435749,-3909.5581470671,0
372214.606904257,-3872.84347102818,0
372203.124712091,-3836.09378712642,0
372191.75196532,-3799.30942656578,0
372180.488769011,-3762.49072089158,0
372169.335227226,-3725.63800198641,0
372158.291443023,-3688.75160206752,0
372147.357518454,-3651.83185368354,0
372136.533554564,-3614.87908971083,0
372125.819651389,-3577.89364335116,0
372115.215907955,-3540.87584812739,0
372104.722422278,-3503.82603788137,0
372094.339291362,-3466.74454676979,0
372084.066611197,-3429.63170926156,0
372073.904476761,-3392.48786013439,0
372063.852982015,-3355.3133344713,0
372053.912219903,-3318.10846765803,0
372044.082282355,-3280.87359537889,0
372034.36326028,-3243.60905361451,0
372024.755243567,-3206.31517863763,0
372015.258321086,-3168.99230701064,0
372005.872580685,-3131.64077558174,0
371996.598109189,-3094.26092148199,0
371987.434992401,-3056.853082122,0
371978.383315097,-3019.41759518838,0
371969.443161029,-2981.95479864107,0
371960.614612922,-2944.46503070912,0
371951.897752475,-2906.94862988852,0
371943.292660356,-2869.40593493779,0
371934.799416205,-2831.83728487565,0
371926.418098631,-2794.24301897692,0
371918.148785214,-2756.62347676983,0
371909.9915525,-2718.9789980323,0
371901.946476001,-2681.30992278879,0
371894.013630197,-2643.61659130704,0
371886.193088533,-2605.89934409447,0
371878.484923418,-2568.15852189534,0
371870.889206224,-2530.39446568674,0
371863.406007287,-2492.60751667606,0
371856.035395903,-2454.79801629678,0
371848.777440332,-2416.96630620598,0
371841.632207791,-2379.11272828021,0
371834.599764459,-2341.23762461283,0
371827.680175472,-2303.34133751004,0
371820.873504925,-2265.42420948808,0
371814.179815871,-2227.48658326936,0
371807.599170317,-2189.52880177953,0
371801.131629228,-2151.55120814377,0
371794.777252523,-2113.55414568364,0
371788.536099075,-2075.53795791361,0
371782.408226711,-2037.50298853765,0
371776.393692213,-1999.44958144597,0
371770.492551312,-1961.37808071148,0
371764.704858692,-1923.28883058655,0
371759.030667988,-1885.18217549947,0
371753.470031787,-1847.05846005123,0
371748.023001622,-1808.91802901188,0
371742.689627979,-1770.76122731746,0
371737.46996029,-1732.58840006621,0
371732.364046937,-1694.39989251554,0
371727.371935248,-1656.19605007832,0
371722.493671497,-1617.97721831969,0
371717.729300907,-1579.74374295345,0
371713.078867644,-1541.49596983884,0
371708.542414821,-1503.23424497695,0
371704.119984496,-1464.95891450743,0
371699.81161767,-1426.67032470499,0
371695.617354287,-1388.36882197596,0
371691.537233238,-1350.05475285497,0
371687.571292353,-1311.72846400133,0
371683.719568405,-1273.39030219589,0
371679.982097112,-1235.04061433721,0
371676.35891313,-1196.67974743855,0
371672.850050057,-1158.30804862406,0
371669.455540433,-1119.92586512564,0
371666.175415738,-1081.53354427921,0
371663.00970639,-1043.13143352161,0
371659.958441749,-1004.71988038675,0
371657.021650114,-966.299232502541,0
371654.199358722,-927.869837587215,0
371651.491593748,-889.432043445897,0
371648.898380308,-850.9861979673,0
371646.419742453,-812.532649120056,0
371644.055703173,-774.071744949467,0
371641.806284397,-735.603833573874,0
371639.671506988,-697.129263181326,0
371637.651390748,-658.648382026095,0
371635.745954417,-620.161538425109,0
371633.955215667,-581.669080754702,0
371632.279191112,-543.171357446931,0
371630.717896298,-504.668716986246,0
371629.271345708,-466.161507906019,0
371627.939552761,-427.650078785009,0
371626.722529812,-389.134778243963,0
371625.62028815,-350.615954942137,0
371624.632838001,-312.093957573806,0
371623.760188525,-273.56913486481,0
371623.002347818,-235.041835569106,0
371622.35932291,-196.512408465274,0
371621.831119767,-157.981202353034,0
371621.417743287,-119.448566049854,0
371621.119197308,-80.9148483873604,0
371620.935484597,-42.3803982079929,0
371620.86660686,-3.8455643614269,0
371620.912564736,34.6893042988066,0
371621.073357797,73.223858918832,0
371621.348984553,111.757750647937,0
371621.739442446,150.290630641962,0
371622.244727854,188.822150066812,0
371622.86483609,227.351960101962,0
371623.5997614,265.879711943847,0
371624.449496968,304.405056809372,0
371625.414034909,342.927645939436,0
371626.493366277,381.447130602288,0
371627.687481058,419.963162097045,0
371628.996368174,458.475391757235,0
371630.420015485,496.983470954125,0
371631.958409784,535.487051100288,0
371633.611536799,573.985783653029,0
371635.379381196,612.479320117887,0
371637.261926576,650.967312051999,0
371639.259155476,689.449411067704,0
371641.371049371,727.92526883591,0
371643.59758867,766.394537089549,0
371645.938752722,804.856867627118,0
371648.394519811,843.311912316034,0
371650.964867158,881.759323096204,0
371653.649770924,920.198751983348,0
371656.449206206,958.629851072578,0
371659.36314704,997.052272541819,0
371662.391566401,1035.46566865513,0
371665.534436201,1073.86969176644,0
371668.791727294,1112.26399432266,0
371672.163409471,1150.64822886741,0
371675.649451465,1189.02204804429,0
371679.249820947,1227.38510460037,0
371682.964484531,1265.73705138975,0
371686.793407771,1304.07754137673,0
371690.736555161,1342.40622763962,0
371694.79389014,1380.72276337375,0
371698.965375087,1419.02680189534,0
371703.250971324,1457.31799664453,0
371707.650639116,1495.5960011892,0
371712.164337675,1533.86046922797,0
371716.792025151,1572.1110545941,0
371721.533658644,1610.34741125846,0
371726.389194198,1648.5691933333,0
371731.358586799,1686.77605507546,0
371736.441790385,1724.96765088992,0
371741.638757836,1763.14363533307,0
371746.949440982,1801.30366311629,0
371752.3737906,1839.4473891092,0
371757.911756415,1877.5744683432,0
371763.563287102,1915.68455601478,0
371769.328330284,1953.77730748898,0
371775.206832537,1991.85237830274,0
371781.198739384,2029.90942416831,0
371787.303995304,2067.94810097671,0
371793.522543725,2105.96806480099,0
371799.854327029,2143.96897189971,0
371806.29928655,2181.95047872035,0
371812.857362579,2219.91224190254,0
371819.528494359,2257.85391828165,0
371826.312620091,2295.77516489194,0
371833.209676931,2333.67563897019,0
371840.219600993,2371.55499795867,0
371847.342327346,2409.41289950909,0
371854.577790022,2447.24900148524,0
371861.925922009,2485.06296196712,0
371869.386655257,2522.8544392535,0
371876.959920675,2560.62309186608,0
371884.645648135,2598.368578552,0
371892.443766472,2636.09055828801,0
371900.354203484,2673.78869028304,0
371908.376885932,2711.46263398224,0
371916.511739543,2749.11204906963,0
371924.758689012,2786.73659547207,0
371933.117657996,2824.33593336203,0
371941.588569125,2861.9097231613,0
371950.171343993,2899.45762554413,0
371958.865903168,2936.97930144048,0
371967.672166184,2974.47441203959,0
371976.59005155,3011.94261879284,0
371985.619476745,3049.38358341765,0
371994.760358222,3086.79696790003,0
372004.012611408,3124.1824344987,0
372013.376150707,3161.53964574749,0
372022.850889497,3198.86826445952,0
372032.436740134,3236.16795372965,0
372042.133613953,3273.43837693837,0
372051.941421267,3310.67919775476,0
372061.860071369,3347.89008013963,0
372071.889472536,3385.07068834936,0
372082.029532025,3422.22068693823,0
372092.280156076,3459.33974076269,0
372102.641249917,3496.42751498364,0
372113.112717759,3533.48367507052,0
372123.694462798,3570.5078868038,0
372134.386387223,3607.49981627878,0
372145.188392207,3644.45912990851,0
372156.100377917,3681.38549442693,0
372167.122243509,3718.27857689258,0
372178.253887132,3755.13804469089,0
372189.495205929,3791.96356553859,0
372200.846096038,3828.75480748566,0
372212.306452591,3865.51143891952,0
372223.876169721,3902.23312856763,0
372235.555140556,3938.91954550074,0
372247.343257225,3975.57035913655,0
372259.240410859,4012.18523924191,0
372271.246491589,4048.76385593716,0
372283.361388551,4085.3058796982,0
372295.584989885,4121.81098136046,0
372307.917182737,4158.27883212157,0
372320.35785326,4194.70910354454,0
372332.906886617,4231.10146756136,0
372345.564166979,4267.45559647521,0
372358.329577529,4303.7711629647,0
372371.203000463,4340.04784008594,0
372384.18431699,4376.28530127642,0
372397.273407335,4412.48322035782,0
372410.470150739,4448.64127153874,0
372423.77442546,4484.75912941878,0
372437.186108778,4520.8364689903,0
372450.705076992,4556.87296564278,0
372464.331205422,4592.86829516499,0
372478.064368414,4628.82213374833,0
372491.904439338,4664.73415799035,0
372505.851290589,4700.60404489673,0
372519.904793593,4736.43147188565,0
372534.064818802,4772.21611678967,0
372548.3312357,4807.95765785947,0
372562.703912804,4843.65577376679,0
372577.182717664,4879.31014360688,0
372591.767516865,4914.92044690259,0
372606.45817603,4950.48636360612,0
372621.254559818,4986.00757410307,0
372636.156531931,5021.48375921493,0
372651.163955109,5056.91460020185,0
372666.276691136,5092.29977876649,0
372681.494600842,5127.63897705578,0
372696.8175441,5162.931877665,0
372712.245379833,5198.17816364015,0
372727.777966012,5233.37751848073,0
372743.415159659,5268.52962614359,0
372759.156816849,5303.63417104451,0
372775.002792708,5338.69083806248,0
372790.952941422,5373.69931254183,0
372807.00711623,5408.65928029504,0
372823.165169433,5443.57042760661,0
372839.42695239,5478.43244123453,0
372855.792315524,5513.24500841455,0
372872.26110832,5548.00781686232,0
372888.83317933,5582.72055477605,0
372905.508376172,5617.38291084046,0
372922.286545533,5651.99457422821,0
372939.167533171,5686.55523460397,0
372956.151183917,5721.0645821268,0
372973.237341673,5755.52230745248,0
372990.42584942,5789.92810173766,0
373007.716549215,5824.28165664114,0
373025.109282193,5858.58266432781,0
373042.603888571,5892.83081747131,0
373060.20020765,5927.02580925594,0
373077.898077813,5961.16733338092,0
373095.697336531,5995.25508406191,0
373113.597820361,6029.28875603432,0
373131.599364952,6063.26804455655,0
373149.701805044,6097.19264541146,0
373167.90497447,6131.06225491064,0
373186.208706157,6164.87656989624,0
373204.612832132,6198.63528774361,0
373223.117183519,6232.3381063651,0
373241.721590543,6265.98472421127,0
373260.42588253,6299.57484027484,0
373279.229887914,6333.10815409315,0
373298.133434233,6366.58436574998,0
373317.136348134,6400.00317587979,0
373336.238455373,6433.36428566904,0
373355.439580819,6466.66739685942,0
373374.739548455,6499.912211751,0
373394.138181379,6533.09843320369,0
373413.635301807,6566.22576464117,0
373433.230731075,6599.29391005296,0
373452.924289641,6632.30257399659,0
373472.715797086,6665.25146160149,0
373492.605072116,6698.14027857026,0
373512.591932565,6730.96873118206,0
373532.676195397,6763.73652629544,0
373552.857676705,6796.44337134984,0
373573.136191718,6829.08897436949,0
373593.5115548,6861.67304396537,0
373613.983579451,6894.19528933728,0
373634.552078311,6926.65542027775,0
373655.216863162,6959.05314717322,0
373675.977744928,6991.38818100724,0
373696.834533679,7023.66023336348,0
373717.787038634,7055.86901642693,0
373738.835068159,7088.01424298783,0
373759.978429772,7120.09562644361,0
373781.216930147,7152.11288080079,0
373802.550375109,7184.06572067887,0
373823.978569646,7215.95386131159,0
373845.501317902,7247.77701854968,0
373867.118423184,7279.53490886422,0
373888.829687962,7311.22724934763,0
373910.634913875,7342.85375771726,0
373932.533901726,7374.41415231786,0
373954.526451492,7405.90815212277,0
373976.612362319,7437.33547673803,0
373998.791432531,7468.69584640389,0
374021.063459624,7499.98898199676,0
374043.428240278,7531.21460503308,0
374065.885570349,7562.37243767032,0
374088.435244879,7593.46220270978,0
374111.077058096,7624.48362359979,0
374133.810803411,7655.4364244366,0
374156.636273428,7686.3203299679,0
374179.553259943,7717.13506559521,0
374202.561553944,7747.88035737494,0
374225.660945615,7778.55593202237,0
374248.851224339,7809.16151691323,0
374272.1321787,7839.69684008532,0
374295.503596483,7870.16163024244,0
374318.96526468,7900.55561675537,0
374342.516969486,7930.87852966425,0
374366.158496311,7961.13009968205,0
374389.889629771,7991.3100581953,0
374413.710153699,8021.41813726713,0
374437.619851144,8051.45406964013,0
374461.618504371,8081.41758873704,0
374485.705894866,8111.30842866437,0
374509.88180334,8141.12632421453,0
374534.146009726,8170.87101086676,0
374558.498293186,8200.54222479105,0
374582.938432111,8230.13970284961,0
374607.466204123,8259.66318259825,0
374632.081386079,8289.11240229025,0
374656.783754073,8318.48710087742,0
374681.573083435,8347.78701801194,0
374706.44914874,8377.01189404998,0
374731.411723801,8406.16147005249,0
374756.460581681,8435.23548778758,0
374781.595494689,8464.23368973366,0
374806.816234384,8493.15581908021,0
374832.122571578,8522.00161973047,0
374857.514276338,8550.77083630428,0
374882.991117988,8579.46321413873,0
374908.552865109,8608.07849929125,0
374934.199285549,8636.616438542,0
374959.930146416,8665.07677939456,0
374985.745214085,8693.4592700793,0
375011.644254203,8721.76365955538,0
375037.627031683,8749.98969751156,0
375063.693310717,8778.13713436963,0
375089.84285477,8806.20572128622,0
375116.075426585,8834.19521015361,0
375142.390788187,8862.10535360336,0
375168.788700885,8889.93590500777,0
375195.268925271,8917.6866184808,0
375221.831221227,8945.3572488818,0
375248.475347925,8972.9475518167,0
375275.201063828,9000.45728363909,0
375302.008126696,9027.88620145392,0
375328.896293587,9055.23406311847,0
375355.865320858,9082.50062724364,0
375382.914964167,9109.68565319752,0
375410.044978479,9136.78890110628,0
375437.255118065,9163.81013185554,0
375464.545136507,9190.74910709389,0
375491.914786699,9217.60558923362,0
375519.363820846,9244.37934145227,0
375546.891990476,9271.070127696,0
375574.499046431,9297.67771268028,0
375602.184738878,9324.2018618915,0
375629.948817308,9350.64234159024,0
375657.791030538,9376.99891881197,0
375685.711126714,9403.27136136861,0
375713.708853316,9429.45943785179,0
375741.783957156,9455.56291763351,0
375769.936184383,9481.5815708677,0
375798.165280486,9507.51516849342,0
375826.470990295,9533.36348223553,0
375854.853057985,9559.12628460618,0
375883.311227076,9584.803348908,0
375911.84524044,9610.39444923481,0
375940.454840298,9635.89936047295,0
375969.139768225,9661.31785830453,0
375997.899765156,9686.64971920816,0
376026.734571381,9711.89472046012,0
376055.643926554,9737.05264013771,0
376084.627569694,9762.12325711991,0
376113.685239184,9787.10635108846,0
376142.816672778,9812.00170253126,0
376172.021607603,9836.80909274303,0
376201.299780157,9861.52830382628,0
376230.650926316,9886.15911869468,0
376260.074781339,9910.70132107384,0
376289.571079861,9935.15469550209,0
376319.139555905,9959.51902733382,0
376348.779942881,9983.7941027404,0
376378.491973586,10007.9797087108,0
376408.275380213,10032.0756330549,0
376438.129894347,10056.0816644045,0
376468.05524697,10079.9975922138,0
376498.051168464,10103.8232067626,0
376528.117388615,10127.5582991574,0
376558.253636612,10151.2026613322,0
376588.459641051,10174.7560860509,0
376618.73512994,10198.2183669092,0
376649.079830698,10221.5892983346,0
376679.49347016,10244.8686755892,0
376709.975774579,10268.0562947717,0
376740.526469627,10291.1519528175,0
376771.145280399,10314.1554475004,0
376801.831931417,10337.0665774359,0
376832.58614663,10359.8851420806,0
376863.407649418,10382.6109417341,0
376894.296162592,10405.2437775417,0
376925.251408404,10427.783451495,0
376956.273108538,10450.2297664325,0
376987.360984125,10472.5825260429,0
377018.514755735,10494.8415348656,0
377049.734143387,10517.0065982913,0
377081.018866548,10539.077522565,0
377112.368644136,10561.054114787,0
377143.783194523,10582.936182913,0
377175.262235539,10604.7235357573,0
377206.805484473,10626.4159829936,0
377238.412658074,10648.0133351555,0
377270.083472557,10669.5154036389,0
377301.817643604,10690.9220007034,0
377333.614886368,10712.2329394732,0
377365.474915471,10733.4480339379,0
377397.397445013,10754.5670989556,0
377429.382188572,10775.5899502528,0
377461.428859204,10796.5164044255,0
377493.537169448,10817.346278942,0
377525.706831331,10838.0793921431,0
377557.937556366,10858.7155632432,0
377590.229055557,10879.2546123325,0
377622.581039404,10899.6963603781,0
377654.993217898,10920.0406292244,0
377687.465300534,10940.287241595,0
377719.996996306,10960.4360210947,0
377752.588013711,10980.4867922096,0
377785.238060755,11000.4393803081,0
377817.946844952,11020.2936116441,0
377850.714073328,11040.0493133562,0
377883.539452423,11059.7063134694,0
377916.422688296,11079.264440897,0
377949.363486526,11098.7235254419,0
377982.361552213,11118.0833977961,0
378015.416589982,11137.3438895437,0
378048.528303988,11156.5048331619,0
378081.696397915,11175.5660620212,0
378114.92057498,11194.5274103869,0
378148.200537938,11213.3887134212,0
378181.535989081,11232.1498071833,0
378214.926630242,11250.8105286303,0
378248.372162799,11269.3707156197,0
378281.872287675,11287.8302069097,0
378315.426705344,11306.1888421598,0
378349.035115831,11324.4464619325,0
378382.697218716,11342.6029076952,0
378416.412713137,11360.6580218197,0
378450.181297789,11378.611647584,0
378484.002670933,11396.4636291738,0
378517.876530394,11414.2138116835,0
378551.802573565,11431.862041116,0
378585.78049741,11449.4081643853,0
378619.809998466,11466.8520293176,0
378653.890772846,11484.1934846505,0
378688.022516241,11501.4323800359,0
378722.204923926,11518.5685660405,0
378756.437690759,11535.6018941468,0
378790.720511181,11552.532216753,0
378825.053079228,11569.3593871762,0
378859.435088527,11586.083259652,0
378893.866232297,11602.703689335,0
378928.346203356,11619.2205323009,0
378962.874694124,11635.6336455473,0
378997.451396622,11651.9428869944,0
379032.076002477,11668.148115485,0
379066.748202925,11684.2491907876,0
379101.467688812,11700.245973596,0
379136.234150599,11716.1383255296,0
379171.047278361,11731.9261091356,0
379205.906761796,11747.6091878899,0
379240.812290222,11763.1874261969,0
379275.763552578,11778.6606893908,0
379310.760237437,11794.0288437376,0
379345.802032997,11809.291756435,0
379380.888627089,11824.4492956126,0
379416.019707181,11839.5013303341,0
379451.19496038,11854.4477305981,0
379486.41407343,11869.288367338,0
379521.676732722,11884.023112423,0
379556.98262429,11898.6518386601,0
379592.331433821,11913.1744197941,0
379627.72284665,11927.5907305077,0
379663.156547766,11941.9006464235,0
379698.632221819,11956.1040441049,0
379734.149553115,11970.2008010559,0
379769.708225624,11984.1907957223,0
379805.307922979,11998.0739074927,0
379840.948328485,12011.8500166999,0
379876.629125114,12025.5190046199,0
379912.349995511,12039.0807534741,0
379948.110622,12052.5351464301,0
379983.910686582,12065.882067602,0
380019.749870938,12079.1214020506,0
380055.627856435,12092.253035785,0
380091.544324127,12105.2768557636,0
380127.498954757,12118.192749894,0
380163.491428757,12131.0006070335,0
380199.52142626,12143.700316991,0
380235.588627094,12156.2917705271,0
380271.692710786,12168.7748593543,0
380307.833356566,12181.1494761381,0
380344.010243372,12193.4155144981,0
380380.223049851,12205.5728690085,0
380416.471454358,12217.6214351979,0
380452.755134963,12229.5611095506,0
380489.073769456,12241.3917895082,0
380525.427035343,12253.1133734688,0
380561.814609853,12264.7257607876,0
380598.236169939,12276.2288517789,0
380634.691392283,12287.6225477159,0
380671.179953299,12298.9067508311,0
380707.701529128,12310.0813643168,0
380744.255795652,12321.1462923267,0
380780.842428492,12332.1014399761,0
380817.461103006,12342.9467133415,0
380854.111494298,12353.6820194621,0
380890.79327722,12364.3072663406,0
380927.506126372,12374.8223629436,0
380964.249716106,12385.2272192013,0
381001.023720527,12395.5217460087,0
381037.827813501,12405.705855227,0
381074.661668654,12415.7794596831,0
381111.524959372,12425.7424731695,0
381148.417358808,12435.5948104464,0
381185.338539884,12445.3363872416,0
381222.288175294,12454.9671202511,0
381259.265937503,12464.4869271386,0
381296.271498754,12473.8957265373,0
381333.304531072,12483.1934380503,0
381370.364706261,12492.3799822507,0
381407.451695908,12501.4552806812,0
381444.56517139,12510.4192558563,0
381481.704803876,12519.271831262,0
381518.870264326,12528.0129313563,0
381556.061223494,12536.6424815688,0
381593.277351933,12545.1604083024,0
381630.518320001,12553.5666389337,0
381667.783797855,12561.8611018128,0
381705.07345546,12570.0437262632,0
381742.386962591,12578.1144425837,0
381779.723988834,12586.073182048,0
381817.084203592,12593.9198769054,0
381854.467276082,12601.6544603802,0
381891.872875343,12609.2768666733,0
381929.300670237,12616.7870309627,0
381966.750329454,12624.1848894028,0
382004.221521505,12631.4703791254,0
382041.713914739,12638.6434382397,0
382079.227177337,12645.7040058336,0
382116.760977316,12652.6520219732,0
382154.314982532,12659.4874277033,0
382191.888860683,12666.2101650477,0
