371620.866035044,0,0
371620.923452853,38.5348529905004,0
371621.095705747,77.0693571272939,0
371621.382792128,115.603163560143,0
371621.784709333,154.135923445751,0
371622.301453633,192.66728795123,0
371622.933020234,231.196908257569,0
371623.679403277,269.724435563104,0
371624.540595838,308.249521086987,0
371625.516589929,346.771816072668,0
371626.607376494,385.290971791336,0
371627.812945415,423.806639545394,0
371629.133285507,462.318470671955,0
371630.568384524,500.826116546283,0
371632.118229152,539.329228585233,0
371633.782805014,577.827458250784,0
371635.562096669,616.320457053457,0
371637.456087613,654.807876555746,0
371639.464760275,693.289368375693,0
371641.588096025,731.76458419022,0
371643.826075167,770.233175738651,0
371646.178676941,808.694794826228,0
371648.645879527,847.149093327413,0
371651.22766004,885.595723189538,0
371653.923994534,924.034336436111,0
371656.734858001,962.464585170312,0
371659.660224371,1000.88612157854,0
371662.700066512,1039.29859793366,0
371665.854356232,1077.70166659872,0
371669.123064277,1116.09498003012,0
371672.506160334,1154.47819078132,0
371676.003613028,1192.85095150608,0
371679.615389927,1231.212914962,0
371683.341457538,1269.56373401403,0
371687.181781309,1307.90306163767,0
371691.136325629,1346.23055092278,0
371695.205053831,1384.54585507657,0
371699.387928189,1422.84862742751,0
371703.684909919,1461.1385214283,0
371708.095959181,1499.41519065973,0
371712.621035081,1537.67828883371,0
371717.260095665,1575.92746979706,0
371722.013097926,1614.16238753461,0
371726.879997802,1652.38269617291,0
371731.860750178,1690.5880499834,0
371736.955308883,1728.77810338601,0
371742.163626693,1766.95251095248,0
371747.485655333,1805.11092740979,0
371752.921345475,1843.2530076436,0
371758.470646739,1881.37840670158,0
371764.133507696,1919.48677979693,0
371769.909875864,1957.57778231165,0
371775.799697712,1995.65106980005,0
371781.802918662,2033.70629799207,0
371787.919483086,2071.74312279672,0
371794.149334308,2109.76120030544,0
371800.492414605,2147.76018679548,0
371806.948665208,2185.73973873333,0
371813.518026302,2223.69951277802,0
371820.200437028,2261.63916578462,0
371826.995835481,2299.55835480743,0
371833.904158713,2337.45673710359,0
371840.925342733,2375.33397013614,0
371848.05932251,2413.18971157777,0
371855.306031968,2451.02361931373,0
371862.665403992,2488.83535144568,0
371870.137370429,2526.62456629449,0
371877.721862085,2564.39092240422,0
371885.418808727,2602.13407854474,0
371893.228139088,2639.85369371588,0
371901.149780861,2677.54942714992,0
371909.183660705,2715.22093831576,0
371917.329704243,2752.86788692147,0
371925.587836067,2790.48993291829,0
371933.957979731,2828.0867365034,0
371942.440057762,2865.65795812367,0
371951.033991652,2903.20325847869,0
371959.739701864,2940.72229852415,0
371968.557107832,2978.21473947532,0
371977.48612796,3015.68024280995,0
371986.526679626,3053.11847027216,0
371995.67867918,3090.52908387496,0
372004.942041948,3127.91174590446,0
372014.31668223,3165.26611892215,0
372023.802513303,3202.59186576916,0
372033.39944742,3239.88864956868,0
372043.107395814,3277.15613372986,0
372052.926268697,3314.39398195074,0
372062.855975261,3351.60185822151,0
372072.89642368,3388.7794268281,0
372083.04752111,3425.9263523548,0
372093.309173691,3463.04229968834,0
372103.681286547,3500.1269340202,0
372114.163763788,3537.17992085077,0
372124.756508513,3574.20092599176,0
372135.459422805,3611.18961557004,0
372146.27240774,3648.14565603057,0
372157.195363382,3685.06871413948,0
372168.228188787,3721.95845698784,0
372179.370782004,3758.81455199398,0
372190.623040074,3795.63666690775,0
372201.984859037,3832.42446981264,0
372213.456133924,3869.17762912988,0
372225.036758768,3905.89581362104,0
372236.726626596,3942.57869239135,0
372248.52562944,3979.22593489322,0
372260.433658328,4015.83721092861,0
372272.450603294,4052.41219065325,0
372284.576353373,4088.95054457872,0
372296.810796607,4125.45194357648,0
372309.153820042,4161.91605888051,0
372321.605309733,4198.34256209044,0
372334.165150743,4234.73112517524,0
372346.833227144,4271.08142047532,0
372359.609422022,4307.39312070692,0
372372.493617474,4343.66589896401,0
372385.48569461,4379.89942872228,0
372398.585533556,4416.09338384191,0
372411.793013457,4452.24743857037,0
372425.108012473,4488.36126754633,0
372438.530407784,4524.4345458016,0
372452.060075592,4560.46694876542,0
372465.696891122,4596.45815226657,0
372479.44072862,4632.40783253686,0
372493.291461359,4668.31566621443,0
372507.248961639,4704.18133034596,0
372521.313100786,4740.00450239091,0
372535.483749157,4775.78486022337,0
372549.76077614,4811.52208213591,0
372564.144050154,4847.21584684245,0
372578.633438653,4882.8658334807,0
372593.228808127,4918.4717216163,0
372607.930024102,4954.0331912445,0
372622.736951141,4989.54992279428,0
372637.64945285,5025.02159713083,0
372652.667391874,5060.44789555823,0
372667.790629901,5095.82849982344,0
372683.019027666,5131.16309211792,0
372698.352444948,5166.45135508184,0
372713.790740574,5201.69297180632,0
372729.33377242,5236.88762583634,0
372744.981397413,5272.03500117446,0
372760.733471534,5307.13478228252,0
372776.589849816,5342.18665408583,0
372792.550386348,5377.19030197531,0
372808.614934278,5412.1454118104,0
372824.783345811,5447.05166992276,0
372841.055472213,5481.90876311788,0
372857.431163813,5516.71637867929,0
372873.910270004,5551.47420437068,0
372890.492639244,5586.18192843866,0
372907.178119058,5620.83923961655,0
372923.966556041,5655.44582712594,0
372940.857795857,5690.00138068072,0
372957.851683245,5724.50559048942,0
372974.948062015,5758.95814725763,0
372992.146775055,5793.35874219203,0
373009.44766433,5827.70706700178,0
373026.850570885,5862.0028139024,0
373044.355334845,5896.24567561839,0
373061.961795417,5930.43534538527,0
373079.669790895,5964.57151695374,0
373097.479158658,5998.65388459115,0
373115.389735174,6032.68214308498,0
373133.401355999,6066.65598774588,0
373151.513855783,6100.57511440928,0
373169.727068268,6134.43921943968,0
373188.040826293,6168.24799973227,0
373206.454961793,6202.00115271585,0
373224.969305802,6235.6983763564,0
373243.583688457,6269.33936915842,0
373262.297938994,6302.92383016889,0
373281.111885757,6336.45145897957,0
373300.025356196,6369.92195572902,0
373319.038176867,6403.33502110673,0
373338.15017344,6436.69035635441,0
373357.361170694,6469.98766326933,0
373376.670992523,6503.2266442074,0
373396.079461938,6536.40700208456,0
373415.586401068,6569.5284403809,0
373435.19163116,6602.59066314253,0
373454.894972584,6635.59337498385,0
373474.696244835,6668.53628109146,0
373494.59526653,6701.41908722534,0
373514.591855417,6734.24149972231,0
373534.685828373,6767.00322549888,0
373554.877001405,6799.70397205262,0
373575.165189656,6832.34344746626,0
373595.550207403,6864.92136040944,0
373616.03186806,6897.43742014092,0
373636.609984181,6929.89133651247,0
373657.284367463,6962.28281996996,0
373678.054828745,6994.6115815567,0
373698.921178011,7026.87733291631,0
373719.883224395,7059.079786294,0
373740.940776178,7091.21865454052,0
373762.093640796,7123.29365111402,0
373783.341624834,7155.30449008198,0
373804.684534038,7187.25088612517,0
373826.122173308,7219.13255453876,0
373847.654346705,7250.94921123525,0
373869.280857454,7282.70057274768,0
373891.001507942,7314.38635623066,0
373912.816099723,7346.00627946406,0
373934.724433518,7377.56006085529,0
373956.726309221,7409.04741944065,0
373978.821525896,7440.46807488942,0
374001.009881784,7471.82174750521,0
374023.2911743,7503.10815822816,0
374045.665200041,7534.32702863864,0
374068.131754782,7565.47808095821,0
374090.690633484,7596.56103805263,0
374113.341630293,7627.57562343484,0
374136.084538539,7658.52156126593,0
374158.919150747,7689.39857635875,0
374181.84525863,7720.20639418011,0
374204.862653096,7750.944740852,0
374227.971124251,7781.61334315554,0
374251.170461396,7812.21192853245,0
374274.460453036,7842.74022508683,0
374297.840886877,7873.19796158898,0
374321.31154983,7903.58486747639,0
374344.872228014,7933.90067285618,0
374368.522706757,7964.1451085085,0
374392.262770599,7994.31790588727,0
374416.092203294,8024.41879712331,0
374440.010787811,8054.44751502702,0
374464.018306339,8084.40379308926,0
374488.114540287,8114.28736548485,0
374512.299270287,8144.09796707472,0
374536.572276195,8173.83533340688,0
374560.933337096,8203.4992007203,0
374585.382231305,8233.08930594637,0
374609.918736366,8262.60538671034,0
374634.542629062,8292.04718133512,0
374659.253685409,8321.41442884236,0
374684.051680662,8350.70686895431,0
374708.936389319,8379.92424209744,0
374733.90758512,8409.0662894032,0
374758.965041051,8438.13275271038,0
374784.108529346,8467.12337456836,0
374809.33782149,8496.03789823773,0
374834.652688221,8524.87606769309,0
374860.052899531,8553.63762762584,0
374885.538224669,8582.32232344484,0
374911.108432145,8610.92990127949,0
374936.763289731,8639.46010798215,0
374962.502564463,8667.91269112877,0
374988.326022642,8696.28739902235,0
375014.233429842,8724.58398069484,0
375040.224550906,8752.80218590797,0
375066.29914995,8780.94176515681,0
375092.456990369,8809.00246967136,0
375118.697834834,8836.98405141751,0
375145.021445298,8864.88626310067,0
375171.427582999,8892.70885816712,0
375197.916008457,8920.45159080504,0
375224.486481483,8948.11421594823,0
375251.138761179,8975.69648927717,0
375277.872605938,9003.1981672203,0
375304.68777345,9030.61900695756,0
375331.584020701,9057.9587664214,0
375358.561103979,9085.21720429814,0
375385.618778874,9112.39408003146,0
375412.756800281,9139.48915382327,0
375439.974922401,9166.50218663517,0
375467.272898749,9193.4329401919,0
375494.650482148,9220.2811769821,0
375522.107424738,9247.04666025983,0
375549.643477975,9273.72915404798,0
375577.258392637,9300.32842313893,0
375604.951918822,9326.84423309614,0
375632.723805953,9353.2763502575,0
375660.573802781,9379.6245417359,0
375688.501657385,9405.88857542092,0
375716.507117177,9432.06821998203,0
375744.589928904,9458.16324486922,0
375772.74983865,9484.17342031459,0
375800.986591836,9510.09851733561,0
375829.299933228,9535.93830773565,0
375857.689606935,9561.69256410558,0
375886.155356413,9587.36105982696,0
375914.696924468,9612.94356907265,0
375943.314053255,9638.43986680824,0
375972.006484289,9663.84972879531,0
376000.773958436,9689.17293159202,0
376029.616215926,9714.40925255444,0
376058.532996348,9739.55846983981,0
376087.524038657,9764.6203624072,0
376116.589081174,9789.59471001868,0
376145.72786159,9814.48129324256,0
376174.940116969,9839.27989345418,0
376204.225583746,9863.99029283687,0
376233.583997738,9888.61227438522,0
376263.015094138,9913.14562190597,0
376292.518607522,9937.59012001874,0
376322.094271852,9961.94555415935,0
376351.741820476,9986.21171058079,0
376381.460986131,10010.3883763538,0
376411.251500948,10034.4753393702,0
376441.113096453,10058.4723883439,0
376471.045503567,10082.3793128113,0
376501.048452614,10106.1959031345,0
376531.121673318,10129.9219505029,0
376561.264894811,10153.557246933,0
376591.477845629,10177.1015852716,0
376621.760253721,10200.5547591974,0
376652.111846449,10223.9165632212,0
376682.532350588,10247.1867926884,0
376713.021492333,10270.3652437812,0
376743.578997299,10293.4517135185,0
376774.204590525,10316.4459997582,0
376804.897996473,10339.3479011994,0
376835.658939037,10362.1572173831,0
376866.487141539,10384.873748693,0
376897.382326735,10407.4972963588,0
376928.34421682,10430.0276624567,0
376959.372533422,10452.4646499098,0
376990.466997617,10474.8080624917,0
377021.627329919,10497.0577048268,0
377052.853250292,10519.2133823908,0
377084.144478148,10541.2749015141,0
377115.500732352,10563.2420693824,0
377146.92173122,10585.1146940369,0
377178.407192527,10606.8925843774,0
377209.95683351,10628.5755501637,0
377241.570370864,10650.1634020152,0
377273.247520751,10671.6559514139,0
377304.987998799,10693.0530107059,0
377336.791520108,10714.3543931013,0
377368.65779925,10735.5599126766,0
377400.58655027,10756.6693843764,0
377432.577486695,10777.6826240139,0
377464.630321529,10798.5994482722,0
377496.744767261,10819.4196747063,0
377528.920535865,10840.1431217446,0
377561.157338803,10860.7696086885,0
377593.45488703,10881.2989557157,0
377625.812890994,10901.7309838808,0
377658.231060638,10922.065515116,0
377690.709105404,10942.3023722326,0
377723.246734238,10962.4413789235,0
377755.843655589,10982.4823597626,0
377788.499577411,11002.4251402068,0
377821.214207172,11022.2695465979,0
377853.987251848,11042.0154061634,0
377886.818417931,11061.6625470165,0
377919.707411432,11081.2107981593,0
377952.653937881,11100.6599894834,0
377985.657702332,11120.0099517699,0
378018.718409363,11139.2605166918,0
378051.835763081,11158.4115168155,0
378085.009467124,11177.4627856007,0
378118.239224663,11196.4141574021,0
378151.524738405,11215.2654674714,0
378184.865710598,11234.0165519575,0
378218.261843028,11252.6672479071,0
378251.712837028,11271.2173932675,0
378285.218393477,11289.6668268871,0
378318.778212803,11308.0153885151,0
378352.391994986,11326.2629188045,0
378386.059439564,11344.4092593129,0
378419.780245628,11362.4542525024,0
378453.554111831,11380.3977417414,0
378487.38073639,11398.2395713065,0
378521.259817088,11415.9795863826,0
378555.191051273,11433.6176330634,0
378589.174135867,11451.153558354,0
378623.208767365,11468.5872101714,0
378657.294641838,11485.9184373446,0
378691.431454935,11503.1470896165,0
378725.618901889,11520.2730176453,0
378759.856677516,11537.2960730048,0
378794.144476218,11554.2161081849,0
378828.481991989,11571.0329765941,0
378862.868918414,11587.7465325599,0
378897.304948673,11604.3566313288,0
378931.789775545,11620.8631290682,0
378966.323091409,11637.265882868,0
379000.904588247,11653.5647507402,0
379035.533957646,11669.7595916202,0
379070.210890804,11685.8502653686,0
379104.935078528,11701.8366327716,0
379139.706211241,11717.7185555411,0
379174.52397898,11733.4958963169,0
379209.388071404,11749.1685186676,0
379244.298177793,11764.7362870904,0
379279.253987051,11780.1990670124,0
379314.255187711,11795.5567247924,0
379349.301467937,11810.8091277213,0
379384.392515523,11825.9561440217,0
379419.5280179,11840.9976428505,0
379454.707662138,11855.9334942998,0
379489.931134948,11870.7635693962,0
379525.198122682,11885.4877401025,0
379560.508311343,11900.1058793191,0
379595.86138658,11914.6178608845,0
379631.257033693,11929.0235595752,0
379666.69493764,11943.3228511076,0
379702.174783034,11957.5156121388,0
379737.696254149,11971.601720267,0
379773.259034919,11985.5810540317,0
379808.862808946,11999.4534929161,0
379844.507259502,12013.2189173468,0
379880.192069524,12026.8772086943,0
379915.916921627,12040.4282492742,0
379951.681498102,12053.8719223486,0
379987.485480918,12067.2081121262,0
380023.328551724,12080.4367037621,0
380059.210391856,12093.5575833603,0
380095.130682337,12106.5706379739,0
380131.089103879,12119.4757556052,0
380167.085336884,12132.2728252065,0
380203.119061453,12144.9617366814,0
380239.189957386,12157.5423808857,0
380275.297704178,12170.014649627,0
380311.441981032,12182.3784356658,0
380347.622466856,12194.633632717,0
380383.838840268,12206.7801354502,0
380420.090779593,12218.817839489,0
380456.377962875,12230.7466414135,0
380492.700067874,12242.5664387605,0
380529.056772069,12254.2771300238,0
380565.44775266,12265.8786146542,0
380601.872686574,12277.3707930615,0
380638.331250468,12288.7535666148,0
380674.823120724,12300.0268376424,0
380711.347973461,12311.1905094324,0
380747.905484534,12322.2444862345,0
380784.495329537,12333.1886732597,0
380821.117183803,12344.0229766808,0
380857.77072241,12354.747303633,0
380894.455620184,12365.3615622152,0
380931.171551703,12375.8656614901,0
380967.918191291,12386.2595114842,0
381004.695213031,12396.5430231889,0
381041.502290765,12406.7161085616,0
381078.339098095,12416.7786805257,0
381115.205308381,12426.7306529704,0
381152.100594756,12436.5719407521,0
381189.024630118,12446.3024596954,0
381225.977087138,12455.9221265927,0
381262.957638259,12465.4308592046,0
381299.965955702,12474.828576261,0
381337.001711468,12484.1151974617,0
381374.064577342,12493.2906434766,0
381411.154224889,12502.3548359454,0
381448.270325465,12511.3076974795,0
381485.412550218,12520.1491516619,0
381522.580570087,12528.8791230475,0
381559.774055806,12537.497537163,0
381596.992677908,12546.0043205085,0
381634.236106732,12554.3994005577,0
381671.504012415,12562.6827057578,0
381708.796064903,12570.8541655297,0
381746.111933951,12578.9137102693,0
381783.451289128,12586.8612713478,0
381820.813799819,12594.6967811117,0
381858.199135222,12602.4201728829,0
381895.606964357,12610.0313809596,0
381933.03695607,12617.5303406172,0
381970.488779033,12624.9169881078,0
382007.962101742,12632.1912606606,0
382045.456592527,12639.3530964824,0
382082.971919552,12646.4024347589,0
382120.507750821,12653.3392156538,0
382158.063754172,12660.1633803095,0
382195.639597287,12666.8748708474,0
382233.234947693,12673.4736303688,0
382270.849472769,12679.9596029549,0
382308.482839739,12686.3327336667,0
382346.13471568,12692.5929685454,0
382383.804767527,12698.7402546134,0
382421.492662075,12704.7745398744,0
382459.198065979,12710.6957733131,0
382496.920645756,12716.5039048956,0
382534.66006779,12722.1988855703,0
382572.415998339,12727.780667268,0
382610.188103529,12733.2492029017,0
382647.976049362,12738.604446367,0
382685.779501715,12743.8463525427,0
382723.598126352,12748.9748772911,0
382761.431588915,12753.9899774577,0
382799.279554932,12758.8916108718,0
382837.14168982,12763.6797363466,0
382875.017658889,12768.3543136797,0
382912.907127343,12772.9153036532,0
382950.809760279,12777.3626680334,0
382988.725222696,12781.6963695718,0
383026.653179497,12785.9163720049,0
383064.593295489,12790.0226400544,0
383102.545235382,12794.0151394274,0
383140.508663802,12797.8938368166,0
383178.483245286,12801.6586999006,0
383216.468644288,12805.3096973438,0
383254.464525177,12808.8467987967,0
383292.470552248,12812.2699748963,0
383330.486389717,12815.5791972657,0
383368.511701726,12818.7744385148,0
383406.546152349,12821.85567224,0
383444.58940559,12824.8228730248,0
383482.64112539,12827.6760164394,0
383520.700975625,12830.4150790411,0
383558.768620113,12833.0400383745,0
383596.843722615,12835.5508729714,0
383634.925946838,12837.947562351,0
383673.014956434,12840.2300870198,0
383711.110415012,12842.3984284723,0
383749.211986131,12844.4525691902,0
383787.319333308,12846.3924926431,0
383825.432120017,12848.2181832883,0
383863.550009699,12849.9296265712,0
383901.672665754,12851.5268089246,0
383939.799751554,12853.0097177698,0
383977.93093044,12854.3783415156,0
384016.065865724,12855.6326695592,0
384054.204220696,12856.7726922855,0
384092.345658623,12857.7984010679,0
384130.489842756,12858.7097882674,0
384168.636436325,12859.5068472335,0
384206.78510255,12860.1895723036,0
384244.93550464,12860.7579588032,0
384283.087305795,12861.2120030459,0
384321.240169211,12861.5517023335,0
384359.393758079,12861.7770549558,0
384397.547735594,12861.8880601904,0
384435.70176495,12861.8847183033,0
384473.855509349,12861.7670305481,0
384512.008632001,12861.5349991664,0
384550.160796126,12861.1886273879,0
384588.311664958,12860.7279194297,0
384626.460901749,12860.1528804969,0
384664.608169769,12859.4635167822,0
384702.75313231,12858.6598354659,0
384740.895452689,12857.7418447157,0
384779.034794249,12856.7095536867,0
384817.170820364,12855.5629725216,0
384855.303194442,12854.3021123499,0
384893.431579925,12852.9269852884,0
384931.555640294,12851.4376044411,0
384969.67503907,12849.8339838983,0
385007.789439818,12848.1161387376,0
385045.89850615,12846.284085023,0
385084.001901727,12844.3378398047,0
385122.099290262,12842.2774211197,0
385160.19033552,12840.1028479907,0
385198.274701326,12837.8141404268,0
385236.352051565,12835.4113194226,0
385274.422050184,12832.8944069585,0
385312.484361194,12830.2634260005,0
385350.538648677,12827.5184004997,0
385388.584576782,12824.6593553923,0
385426.621809735,12821.6863165998,0
385464.650011837,12818.5993110279,0
385502.668847469,12815.3983665669,0
385540.677981089,12812.0835120918,0
385578.677077246,12808.6547774613,0
385616.665800572,12805.1121935177,0
385654.64381579,12801.4557920875,0
385692.610787715,12797.6856059802,0
385730.566381258,12793.8016689884,0
385768.510261427,12789.8040158875,0
385806.442093331,12785.6926824358,0
385844.361542183,12781.4677053737,0
385882.268273302,12777.1291224235,0
385920.161952115,12772.6769722895,0
385958.04224416,12768.1112946577,0
385995.908815091,12763.4321301948,0
386033.761330678,12758.6395205486,0
386071.599456811,12753.7335083476,0
386109.4228595,12748.7141372008,0
386147.231204884,12743.5814516965,0
386185.024159228,12738.335497403,0
386222.801388927,12732.9763208681,0
386260.562560507,12727.5039696185,0
386298.307340635,12721.9184921594,0
386336.035396114,12716.2199379739,0
386373.746393886,12710.4083575239,0
386411.44000104,12704.4838022484,0
386449.115884812,12698.4463245635,0
386486.773712587,12692.2959778618,0
386524.4131519,12686.0328165134,0
386562.03387044,12679.6568958636,0
386599.63553606,12673.1682722334,0
386637.217816768,12666.5670029191,0
386674.780380734,12659.8531461923,0
386712.322896297,12653.0267612986,0
386749.845031962,12646.0879084577,0
386787.34645641,12639.0366488624,0
386824.826838487,12631.8730446797,0
386862.285847222,12624.5971590489,0
386899.723151821,12617.209056081,0
386937.138421675,12609.708800859,0
386974.531326354,12602.0964594378,0
387011.901535618,12594.3720988432,0
387049.248719418,12586.5357870707,0
387086.572547899,12578.5875930858,0
387123.872691396,12570.5275868242,0
387161.148820447,12562.3558391902,0
387198.400605787,12554.0724220564,0
387235.62771836,12545.6774082631,0
387272.829829311,12537.1708716185,0
387310.006609993,12528.5528868981,0
387347.157731977,12519.8235298429,0
387384.282867043,12510.9828771599,0
387421.38168719,12502.0310065219,0
387458.453864633,12492.9679965668,0
387495.499071816,12483.7939268957,0
387532.516981403,12474.5088780738,0
387569.507266288,12465.1129316296,0
387606.469599593,12455.6061700545,0
387643.403654675,12445.988676801,0
387680.309105128,12436.2605362831,0
387717.185624782,12426.4218338763,0
387754.032887709,12416.472655916,0
387790.850568226,12406.4130896968,0
387827.638340896,12396.2432234721,0
387864.395880531,12385.9631464547,0
387901.122862193,12375.5729488144,0
387937.818961202,12365.072721678,0
387974.483853136,12354.4625571287,0
388011.117213829,12343.7425482062,0
388047.718719379,12332.9127889051,0
388084.288046152,12321.9733741738,0
388120.82487078,12310.924399915,0
388157.328870165,12299.7659629851,0
388193.799721485,12288.4981611925,0
388230.237102192,12277.121093297,0
388266.640690018,12265.6348590101,0
388303.010162975,12254.0395589937,0
388339.345199361,12242.3352948593,0
388375.645477761,12230.5221691668,0
388411.910677047,12218.6002854252,0
388448.140476386,12206.5697480911,0
388484.334555239,12194.4306625671,0
388520.492593364,12182.183135202,0
388556.614270821,12169.8272732909,0
388592.699267969,12157.3631850727,0
388628.747265478,12144.7909797298,0
388664.757944324,12132.110767388,0
388700.730985791,12119.3226591158,0
388736.666071481,12106.4267669228,0
388772.562883312,12093.4232037587,0
388808.421103517,12080.3120835139,0
388844.240414654,12067.093521018,0
388880.020499605,12053.7676320382,0
388915.76104158,12040.3345332791,0
388951.461724116,12026.7943423829,0
388987.122231084,12013.1471779269,0
389022.742246689,11999.3931594233,0
389058.321455476,11985.5324073183,0
389093.859542328,11971.5650429924,0
389129.356192471,11957.4911887574,0
389164.811091479,11943.3109678566,0
389200.223925272,11929.0245044649,0
389235.594380121,11914.6319236866,0
389270.922142654,11900.1333515544,0
389306.20689985,11885.5289150292,0
389341.448339052,11870.8187419997,0
389376.646147961,11856.0029612801,0
389411.800014644,11841.0817026097,0
389446.909627535,11826.0550966527,0
389481.974675437,11810.9232749968,0
389516.994847526,11795.6863701516,0
389551.969833353,11780.3445155481,0
389586.899322844,11764.8978455391,0
389621.783006308,11749.3464953961,0
389656.620574437,11733.6906013088,0
389691.411718307,11717.9303003855,0
389726.156129383,11702.0657306513,0
389760.853499519,11686.097031046,0
389795.503520967,11670.0243414247,0
389830.105886369,11653.8478025565,0
389864.66028877,11637.567556123,0
389899.166421615,11621.183744717,0
389933.623978754,11604.6965118424,0
389968.032654441,11588.106001913,0
390002.392143342,11571.4123602506,0
390036.702140534,11554.6157330846,0
390070.962341508,11537.7162675514,0
390105.172442173,11520.7141116926,0
390139.332138857,11503.6094144534,0
390173.441128312,11486.4023256833,0
390207.499107712,11469.0929961338,0
390241.505774662,11451.6815774569,0
390275.460827197,11434.1682222048,0
390309.36396378,11416.5530838294,0
390343.214883317,11398.8363166793,0
390377.013285147,11381.018076,0
390410.758869052,11363.098517933,0
390444.451335256,11345.0777995141,0
390478.09038443,11326.9560786715,0
390511.675717694,11308.7335142263,0
390545.207036617,11290.4102658907,0
390578.684043225,11271.9864942659,0
390612.10644,11253.462360842,0
390645.473929879,11234.8380279969,0
390678.786216265,11216.1136589944,0
390712.043003025,11197.2894179827,0
390745.243994491,11178.365469995,0
390778.388895465,11159.3419809465,0
390811.477411222,11140.2191176333,0
390844.509247511,11120.9970477324,0
390877.484110557,11101.6759397997,0
390910.401707069,11082.2559632682,0
390943.261744233,11062.7372884473,0
390976.063929724,11043.1200865226,0
391008.807971703,11023.4045295526,0
391041.493578822,11003.5907904683,0
391074.120460224,10983.6790430728,0
391106.688325549,10963.6694620391,0
391139.196884936,10943.5622229082,0
391171.645849023,10923.3575020893,0
391204.034928949,10903.0554768578,0
391236.363836363,10882.6563253531,0
391268.63228342,10862.1602265788,0
391300.839982784,10841.5673604007,0
391332.986647637,10820.877907545,0
391365.071991674,10800.0920495971,0
391397.095729107,10779.2099690015,0
391429.057574671,10758.2318490588,0
391460.957243627,10737.1578739245,0
391492.794451757,10715.9882286088,0
391524.568915375,10694.7230989746,0
391556.280351326,10673.362671735,0
391587.928476989,10651.9071344537,0
391619.513010277,10630.3566755429,0
391651.033669645,10608.7114842609,0
391682.490174089,10586.971750712,0
391713.882243146,10565.1376658451,0
391745.209596903,10543.2094214507,0
391776.471955996,10521.1872101608,0
391807.669041608,10499.0712254478,0
391838.800575482,10476.8616616216,0
391869.866279914,10454.5587138287,0
391900.865877761,10432.1625780517,0
391931.799092439,10409.6734511065,0
391962.665647933,10387.0915306409,0
391993.465268789,10364.4170151342,0
392024.197680127,10341.6501038949,0
392054.862607635,10318.7909970584,0
392085.459777579,10295.8398955871,0
392115.988916797,10272.7970012682,0
392146.449752711,10249.6625167111,0
392176.842013322,10226.4366453473,0
392207.165427216,10203.1195914289,0
392237.419723565,10179.7115600252,0
392267.604632132,10156.2127570228,0
392297.719883269,10132.6233891244,0
392327.765207924,10108.943663845,0
392357.740337642,10085.1737895123,0
392387.645004566,10061.3139752647,0
392417.47894144,10037.364431049,0
392447.241881615,10013.3253676189,0
392476.933559046,9989.19699653451,0
392506.553708296,9964.97953015925,0
392536.102064543,9940.67318165844,0
392565.578363576,9916.27816499895,0
392594.982341801,9891.79469494595,0
392624.313736245,9867.22298706148,0
392653.572284552,9842.56325770405,0
392682.757724993,9817.81572402555,0
392711.869796465,9792.98060396956,0
392740.908238492,9768.05811627098,0
392769.87279123,9743.04848045311,0
392798.763195468,9717.95191682568,0
392827.579192632,9692.76864648452,0
392856.320524785,9667.49889130878,0
392884.986934631,9642.14287395876,0
392913.578165517,9616.70081787553,0
392942.093961436,9591.17294727835,0
392970.534067029,9565.55948716225,0
392998.898227586,9539.86066329768,0
393027.186189053,9514.07670222798,0
393055.397698027,9488.20783126689,0
393083.532501765,9462.2542784981,0
393111.590348184,9436.21627277289,0
393139.570985862,9410.09404370741,0
393167.474164042,9383.88782168228,0
393195.299632635,9357.59783784026,0
393223.047142221,9331.22432408345,0
393250.716444052,9304.76751307286,0
393278.307290053,9278.2276382261,0
393305.819432827,9251.6049337145,0
393333.252625654,9224.89963446271,0
393360.606622498,9198.11197614631,0
393387.881178004,9171.24219518894,0
393415.076047504,9144.29052876191,0
393442.190987019,9117.2572147817,0
393469.225753259,9090.14249190713,0
393496.180103627,9062.94659953893,0
393523.053796224,9035.6697778172,0
393549.846589845,9008.31226761857,0
393576.558243986,8980.8743105558,0
393603.188518847,8953.35614897505,0
393629.737175329,8925.7580259532,0
393656.203975045,8898.0801852974,0
393682.588680311,8870.32287154213,0
393708.891054159,8842.48632994673,0
393735.110860332,8814.57080649485,0
393761.247863291,8786.57654789137,0
393787.301828214,8758.50380156005,0
393813.272520999,8730.35281564296,0
393839.159708269,8702.12383899721,0
393864.96315737,8673.81712119276,0
393890.682636375,8645.43291251178,0
393916.317914089,8616.97146394521,0
393941.868760047,8588.43302719078,0
393967.334944518,8559.81785465224,0
393992.716238507,8531.12619943574,0
394018.01241376,8502.35831534811,0
394043.223242761,8473.51445689593,0
394068.348498738,8444.59487928173,0
394093.387955665,8415.59983840261,0
394118.341388261,8386.52959084895,0
394143.208571998,8357.38439390067,0
394167.989283097,8328.16450552601,0
394192.683298535,8298.87018437999,0
394217.290396044,8269.50168980061,0
394241.810354115,8240.05928180803,0
394266.242951999,8210.5432211024,0
394290.587969711,8180.95376906042,0
394314.845188029,8151.29118773458,0
394339.0143885,8121.55573985057,0
394363.09535344,8091.74768880411,0
394387.087865935,8061.86729866028,0
394410.991709846,8031.91483415042,0
394434.806669809,8001.89056066942,0
394458.532531239,7971.79474427499,0
394482.169080328,7941.62765168405,0
394505.716104055,7911.38955027059,0
394529.173390178,7881.0807080647,0
394552.540727245,7850.70139374865,0
394575.817904591,7820.25187665528,0
394599.004712341,7789.73242676656,0
394622.100941414,7759.14331470967,0
394645.106383524,7728.48481175582,0
394668.02083118,7697.75718981816,0
394690.844077691,7666.96072144816,0
394713.575917167,7636.09567983467,0
394736.21614452,7605.16233880113,0
394758.764555469,7574.16097280246,0
394781.220946539,7543.09185692419,0
394803.585115063,7511.95526687897,0
394825.856859189,7480.75147900416,0
394848.035977873,7449.48077026071,0
394870.12227089,7418.14341822925,0
394892.115538833,7386.73970110837,0
394914.01558311,7355.26989771294,0
394935.822205955,7323.73428747015,0
394957.535210422,7292.13315041841,0
394979.154400393,7260.46676720476,0
395000.679580575,7228.73541908141,0
395022.110556505,7196.93938790485,0
395043.447134552,7165.07895613241,0
395064.689121918,7133.15440681959,0
395085.836326639,7101.16602361894,0
395106.88855759,7069.11409077608,0
395127.845624484,7036.99889312786,0
395148.707337875,7004.82071610059,0
395169.47350916,6972.57984570603,0
395190.143950581,6940.27656854022,0
395210.718475228,6907.91117178072,0
395231.196897037,6875.48394318317,0
395251.579030796,6842.99517108032,0
395271.864692148,6810.44514437829,0
395292.053697585,6777.83415255419,0
395312.145864461,6745.16248565466,0
395332.141010984,6712.43043429169,0
395352.038956225,6679.63828964121,0
395371.839520114,6646.78634344061,0
395391.542523446,6613.87488798498,0
395411.147787884,6580.90421612611,0
395430.655135954,6547.87462126888,0
395450.064391055,6514.78639736859,0
395469.375377454,6481.6398389295,0
395488.587920294,6448.43524100077,0
395507.701845591,6415.17289917471,0
395526.716980237,6381.85310958445,0
395545.633152004,6348.47616890007,0
395564.450189542,6315.04237432751,0
395583.167922384,6281.55202360489,0
395601.786180948,6248.00541499987,0
395620.304796535,6214.40284730807,0
395638.723601334,6180.74461984887,0
395657.042428423,6147.03103246389,0
395675.261111771,6113.26238551419,0
395693.379486239,6079.4389798767,0
395711.397387582,6045.56111694293,0
395729.31465245,6011.62909861512,0
395747.131118394,5977.64322730386,0
395764.846623858,5943.60380592611,0
395782.461008194,5909.5111379011,0
395799.974111651,5875.36552714892,0
395817.385775385,5841.16727808722,0
395834.695841456,5806.91669562807,0
395851.904152835,5772.61408517642,0
395869.010553398,5738.25975262595,0
395886.014887935,5703.85400435722,0
395902.917002146,5669.39714723495,0
395919.716742648,5634.88948860432,0
395936.413956972,5600.33133628962,0
395953.008493565,5565.7229985902,0
395969.500201796,5531.06478427818,0
395985.888931952,5496.3570025962,0
396002.174535244,5461.59996325335,0
396018.356863804,5426.79397642376,0
396034.435770692,5391.93935274286,0
396050.411109893,5357.03640330464,0
396066.282736322,5322.08543965966,0
396082.050505822,5287.08677381086,0
396097.714275168,5252.04071821202,0
396113.273902069,5216.94758576417,0
396128.729245167,5181.80768981268,0
396144.080164041,5146.6213441453,0
396159.326519206,5111.38886298791,0
396174.468172117,5076.11056100296,0
396189.504985169,5040.7867532859,0
396204.4368217,5005.41775536212,0
396219.263545988,4970.00388318506,0
396233.985023261,4934.54545313193,0
396248.601119687,4899.04278200205,0
396263.111702387,4863.4961870133,0
396277.516639428,4827.90598579905,0
396291.815799828,4792.27249640616,0
396306.009053556,4756.59603729076,0
396320.096271537,4720.87692731653,0
396334.077325647,4685.11548575105,0
396347.952088721,4649.31203226285,0
396361.720434549,4613.46688691924,0
396375.382237882,4577.58037018212,0
396388.937374429,4541.65280290628,0
396402.38572086,4505.68450633556,0
396415.727154811,4469.67580210015,0
396428.961554878,4433.62701221404,0
396442.088800625,4397.53845907109,0
396455.108772582,4361.41046544325,0
396468.021352245,4325.24335447646,0
396480.826422082,4289.03744968836,0
396493.52386553,4252.7930749652,0
396506.113566997,4216.51055455829,0
396518.595411865,4180.19021308206,0
396530.969286491,4143.83237550976,0
396543.235078205,4107.43736717156,0
396555.392675315,4071.00551375086,0
396567.441967108,4034.53714128135,0
396579.382843847,3998.03257614448,0
396591.215196778,3961.49214506544,0
396602.938918127,3924.91617511132,0
396614.553901103,3888.30499368696,0
396626.060039898,3851.65892853265,0
396637.45722969,3814.97830772077,0
396648.745366641,3778.26345965253,0
396659.924347904,3741.5147130556,0
396670.994071616,3704.73239697999,0
396681.954436905,3667.91684079611,0
396692.80534389,3631.06837419068,0
396703.546693681,3594.18732716437,0
396714.17838838,3557.27403002839,0
396724.700331084,3520.32881340121,0
396735.112425883,3483.35200820613,0
396745.414577865,3446.34394566721,0
396755.606693112,3409.30495730718,0
396765.688678707,3372.23537494339,0
396775.660442729,3335.13553068547,0
396785.521894258,3298.00575693171,0
396795.272943375,3260.84638636601,0
396804.913501163,3223.65775195513,0
396814.443479706,3186.44018694483,0
396823.862792095,3149.19402485766,0
396833.171352423,3111.91959948879,0
396842.369075788,3074.61724490385,0
396851.455878299,3037.28729543498,0
396860.431677067,2999.93008567823,0
396869.296390214,2962.54595049008,0
396878.049936873,2925.13522498433,0
396886.692237183,2887.69824452922,0
396895.223212298,2850.23534474364,0
396903.642784381,2812.7468614948,0
396911.950876609,2775.2331308941,0
396920.147413174,2737.69448929492,0
396928.23231928,2700.13127328854,0
396936.205521148,2662.54381970171,0
396944.066946013,2624.93246559282,0
396951.816522129,2587.29754824922,0
396959.454178767,2549.63940518371,0
396966.979846217,2511.95837413137,0
396974.393455786,2474.25479304658,0
396981.694939803,2436.52900009939,0
396988.884231618,2398.7813336729,0
396995.9612656,2361.01213235929,0
397002.925977143,2323.22173495745,0
397009.778302663,2285.41048046893,0
397016.518179598,2247.57870809547,0
397023.145546412,2209.72675723506,0
397029.660342593,2171.85496747939,0
397036.062508656,2133.96367861,0
397042.35198614,2096.0532305956,0
397048.528717613,2058.1239635883,0
397054.59264667,2020.17621792086,0
397060.543717933,1982.21033410304,0
397066.381877054,1944.22665281867,0
397072.107070714,1906.22551492211,0
397077.719246624,1868.20726143529,0
397083.218353526,1830.1722335442,0
397088.604341193,1792.12077259581,0
397093.877160428,1754.05322009471,0
397099.036763068,1715.96991769988,0
397104.083101983,1677.87120722143,0
397109.016131074,1639.75743061735,0
397113.83580528,1601.62892999016,0
397118.542080569,1563.48604758376,0
397123.134913947,1525.32912578004,0
397127.614263456,1487.15850709572,0
397131.98008817,1448.97453417892,0
397136.232348204,1410.77754980607,0
397140.371004705,1372.56789687841,0
397144.39601986,1334.34591841899,0
397148.307356893,1296.111957569,0
397152.104980064,1257.86635758492,0
397155.788854675,1219.60946183481,0
397159.358947062,1181.34161379543,0
397162.815224603,1143.06315704852,0
397166.157655715,1104.77443527792,0
397169.386209854,1066.4757922659,0
397172.500857517,1028.16757189022,0
397175.501570241,989.850118120492,0
397178.388320603,951.523775015141,0
397181.161082222,913.188886717987,0
397183.819829757,874.845797454893,0
397186.364538911,836.494851530638,0
397188.795186426,798.136393325378,0
397191.111750089,759.770767291581,0
397193.314208726,721.398317950497,0
397195.402542208,683.019389889005,0
397197.376731449,644.63432775628,0
397199.236758405,606.243476260365,0
397200.982606074,567.847180165055,0
397202.614258502,529.44578428638,0
397204.131700773,491.03963348946,0
397205.534919017,452.629072685114,0
397206.823900411,414.214446826503,0
397207.99863317,375.796100905918,0
397209.059106559,337.374379951411,0
397210.005310884,298.949629023434,0
397210.837237495,260.522193211616,0
397211.554878789,222.092417631376,0
397212.158228207,183.660647420628,0
397212.647280232,145.227227736465,0
397213.022030395,106.792503751843,0
397213.282475271,68.3568206522441,0
397213.428612478,29.9205236323904,0
397213.460440681,-8.51604210710265,0
397213.37795959,-46.9525313630497,0
397213.181169957,-85.3885989329884,0
397212.870073582,-123.823899618496,0
397212.444673308,-162.258088228544,0
397211.904973024,-200.69081958279,0
397211.250977662,-239.121748514909,0
397210.482693202,-277.550529875876,0
397209.600126665,-315.97681853734,0
397208.603286119,-354.400269394917,0
397207.492180675,-392.820537371498,0
397206.26682049,-431.237277420542,0
397204.927216763,-469.650144529476,0
397203.473381738,-508.058793722934,0
397201.905328705,-546.462880066079,0
397200.223071995,-584.862058667964,0
397198.426626985,-623.255984684809,0
397196.516010093,-661.644313323292,0
397194.491238783,-700.026699843971,0
397192.352331561,-738.402799564418,0
397190.099307975,-776.772267862688,0
397187.732188617,-815.134760180588,0
397185.250995122,-853.489932026894,0
397182.655750165,-891.837438980825,0
397179.946477464,-930.176936695175,0
397177.123201781,-968.508080899751,0
397174.185948916,-1006.83052740464,0
397171.134745713,-1045.14393210342,0
397167.969620054,-1083.44795097668,0
397164.690600865,-1121.74224009502,0
397161.297718109,-1160.02645562267,0
397157.79100279,-1198.30025382049,0
397154.170486954,-1236.56329104954,0
397150.436203683,-1274.81522377417,0
397146.588187098,-1313.05570856536,0
397142.626472361,-1351.28440210413,0
397138.551095669,-1389.50096118463,0
397134.36209426,-1427.70504271768,0
397130.059506406,-1465.89630373371,0
397125.643371418,-1504.0744013865,0
397121.113729643,-1542.23899295594,0
397116.470622463,-1580.38973585187,0
397111.714092297,-1618.52628761677,0
397106.844182597,-1656.64830592963,0
397101.860937852,-1694.75544860867,0
397096.764403583,-1732.84737361513,0
397091.554626346,-1770.92373905601,0
397086.231653729,-1808.98420318792,0
397080.795534353,-1847.02842441973,0
397075.246317871,-1885.05606131646,0
397069.584054967,-1923.0667726019,0
397063.808797356,-1961.06021716252,0
397057.920597785,-1999.03605405009,0
397051.919510027,-2036.99394248557,0
397045.805588888,-2074.93354186169,0
397039.578890199,-2112.8545117469,0
397033.239470823,-2150.75651188793,0
397026.787388646,-2188.63920221369,0
397020.222702583,-2226.50224283785,0
397013.545472576,-2264.34529406276,0
397006.755759589,-2302.168016382,0
396999.853625613,-2339.97007048432,0
396992.839133663,-2377.7511172561,0
396985.712347777,-2415.51081778538,0
396978.473333014,-2453.24883336432,0
396971.122155457,-2490.96482549311,0
396963.658882208,-2528.65845588256,0
396956.083581393,-2566.32938645786,0
396948.396322153,-2603.97727936138,0
396940.597174651,-2641.60179695615,0
396932.686210067,-2679.20260182888,0
396924.663500599,-2716.77935679326,0
396916.52911946,-2754.33172489321,0
396908.283140881,-2791.85936940582,0
396899.925640105,-2829.361953845,0
396891.456693391,-2866.83914196401,0
396882.876378013,-2904.29059775945,0
396874.184772252,-2941.71598547358,0
396865.381955406,-2979.11496959835,0
396856.468007781,-3016.48721487773,0
396847.443010693,-3053.83238631167,0
396838.307046468,-3091.15014915864,0
396829.060198437,-3128.44016893913,0
396819.702550942,-3165.7021114388,0
396810.234189329,-3202.93564271133,0
396800.655199949,-3240.14042908216,0
396790.965670159,-3277.31613715077,0
396781.165688316,-3314.46243379488,0
396771.255343783,-3351.57898617249,0
396761.234726922,-3388.66546172602,0
396751.103929097,-3425.7215281846,0
396740.86304267,-3462.74685356777,0
396730.512161003,-3499.74110618841,0
396720.051378452,-3536.7039546556,0
396709.480790374,-3573.63506787837,0
396698.800493118,-3610.53411506792,0
396688.010584029,-3647.40076574173,0
396677.111161443,-3684.23468972564,0
396666.10232469,-3721.03555715784,0
396654.984174091,-3757.80303849137,0
396643.756810957,-3794.53680449734,0
396632.420337586,-3831.23652626836,0
396620.974857265,-3867.90187522083,0
396609.420474269,-3904.53252309909,0
396597.757293856,-3941.12814197736,0
396585.985422271,-3977.6884042637,0
396574.104966739,-4014.21298270258,0
396562.116035469,-4050.70155037794,0
396550.018737652,-4087.15378071672,0
396537.813183455,-4123.56934749094,0
396525.499484028,-4159.947924822,0
396513.077751494,-4196.28918718248,0
396500.548098956,-4232.59280940007,0
396487.910640489,-4268.85846666017,0
396475.165491142,-4305.08583450878,0
396462.312766937,-4341.27458885617,0
396449.352584868,-4377.42440597884,0
396436.285062898,-4413.53496252366,0
396423.110319957,-4449.60593550995,0
396409.828475945,-4485.63700233293,0
396396.439651727,-4521.62784076684,0
396382.943969132,-4557.57812896716,0
396369.341550953,-4593.48754547477,0
396355.632520945,-4629.35576921767,0
396341.817003824,-4665.1824795149,0
396327.895125265,-4700.96735607908,0
396313.867011902,-4736.71007901911,0
396299.732791325,-4772.41032884397,0
396285.492592079,-4808.06778646447,0
396271.146543663,-4843.68213319731,0
396256.69477653,-4879.25305076734,0
396242.137422082,-4914.78022131047,0
396227.474612673,-4950.26332737729,0
396212.706481605,-4985.70205193476,0
396197.833163124,-5021.09607837046,0
396182.854792426,-5056.44509049453,0
396167.771505648,-5091.74877254281,0
396152.583439871,-5127.00680918023,0
396137.290733117,-5162.2188855026,0
396121.893524347,-5197.38468704081,0
396106.39195346,-5232.50389976265,0
396090.786161294,-5267.57621007602,0
396075.076289619,-5302.60130483228,0
396059.262481143,-5337.57887132794,0
396043.344879501,-5372.50859730891,0
396027.323629263,-5407.39017097223,0
396011.198875925,-5442.22328096928,0
395994.970765914,-5477.00761640911,0
395978.639446581,-5511.74286686007,0
395962.205066201,-5546.42872235398,0
395945.667773974,-5581.06487338803,0
395929.027720019,-5615.65101092765,0
395912.285055376,-5650.18682641009,0
395895.439932004,-5684.67201174585,0
395878.492502777,-5719.10625932286,0
395861.442921486,-5753.48926200845,0
395844.291342833,-5787.82071315195,0
395827.037922433,-5822.10030658847,0
395809.682816813,-5856.32773664028,0
395792.226183404,-5890.50269812065,0
395774.668180548,-5924.62488633635,0
395757.00896749,-5958.69399708959,0
395739.24870438,-5992.7097266822,0
395721.387552268,-6026.67177191696,0
395703.425673105,-6060.57983010101,0
395685.363229741,-6094.43359904887,0
395667.200385922,-6128.23277708394,0
395648.937306289,-6161.9770630427,0
395630.574156377,-6195.66615627637,0
395612.111102613,-6229.29975665364,0
395593.548312311,-6262.87756456423,0
395574.885953678,-6296.39928092022,0
395556.124195802,-6329.8646071598,0
395537.263208659,-6363.2732452497,0
395518.303163107,-6396.624897687,0
395499.244230886,-6429.91926750323,0
395480.086584614,-6463.1560582657,0
395460.830397786,-6496.33497408061,0
395441.475844774,-6529.45571959624,0
395422.023100824,-6562.51800000422,0
395402.472342054,-6595.52152104346,0
395382.823745451,-6628.46598900228,0
395363.077488872,-6661.35111072028,0
395343.233751039,-6694.17659359242,0
395323.29271154,-6726.94214557014,0
395303.254550827,-6759.64747516457,0
395283.11945021,-6792.29229144959,0
395262.887591861,-6824.87630406303,0
395242.559158809,-6857.3992232106,0
395222.134334935,-6889.86075966792,0
395201.613304979,-6922.26062478231,0
395180.996254529,-6954.59853047682,0
395160.283370024,-6986.87418925144,0
395139.47483875,-7019.08731418594,0
395118.570848841,-7051.23761894318,0
395097.571589272,-7083.32481777014,0
395076.477249862,-7115.34862550161,0
395055.288021271,-7147.30875756253,0
395034.004094995,-7179.20492996942,0
395012.625663368,-7211.03685933438,0
394991.152919557,-7242.80426286652,0
394969.586057563,-7274.50685837426,0
394947.925272216,-7306.14436426898,0
394926.170759176,-7337.71649956599,0
394904.322714926,-7369.22298388771,0
394882.381336778,-7400.66353746654,0
394860.346822863,-7432.03788114591,0
394838.219372133,-7463.34573638403,0
394815.999184361,-7494.58682525592,0
394793.686460134,-7525.76087045485,0
394771.281400852,-7556.86759529633,0
394748.784208731,-7587.90672371939,0
394726.195086796,-7618.87798028874,0
394703.514238878,-7649.78109019843,0
394680.741869617,-7680.61577927276,0
394657.878184456,-7711.38177396918,0
394634.923389641,-7742.07880138134,0
394611.877692218,-7772.70658923989,0
394588.741300028,-7803.26486591609,0
394565.514421712,-7833.75336042399,0
394542.197266704,-7864.17180242158,0
394518.790045226,-7894.51992221463,0
394495.292968295,-7924.79745075832,0
394471.706247712,-7955.00411965869,0
394448.030096064,-7985.13966117657,0
394424.264726722,-8015.20380822868,0
394400.410353838,-8045.1962943897,0
394376.467192342,-8075.1168538958,0
394352.435457943,-8104.96522164553,0
394328.315367123,-8134.74113320246,0
394304.107137137,-8164.44432479823,0
394279.81098601,-8194.07453333332,0
394255.427132538,-8223.63149638021,0
394230.955796278,-8253.11495218589,0
394206.397197557,-8282.5246396727,0
394181.75155746,-8311.8602984418,0
394157.019097831,-8341.12166877525,0
394132.200041275,-8370.3084916369,0
394107.294611149,-8399.42050867621,0
394082.303031565,-8428.45746222972,0
394057.225527385,-8457.41909532235,0
394032.062324219,-8486.30515167113,0
394006.813648425,-8515.11537568641,0
393981.479727105,-8543.84951247339,0
393956.060788101,-8572.50730783583,0
393930.557059998,-8601.08850827692,0
393904.968772116,-8629.59286100123,0
393879.29615451,-8658.0201139181,0
393853.539437971,-8686.37001564246,0
393827.698854019,-8714.642315497,0
393801.774634902,-8742.8367635154,0
393775.767013594,-8770.95311044294,0
393749.676223796,-8798.99110773902,0
393723.502499927,-8826.95050758011,0
393697.246077128,-8854.8310628603,0
393670.907191257,-8882.63252719406,0
393644.486078886,-8910.35465491889,0
393617.982977299,-8937.99720109592,0
393591.398124494,-8965.5599215128,0
393564.731759173,-8993.04257268614,0
393537.984120745,-9020.44491186209,0
393511.155449324,-9047.76669701939,0
393484.245985723,-9075.00768687159,0
393457.255971456,-9102.16764086767,0
393430.185648732,-9129.2463191951,0
393403.035260454,-9156.24348278202,0
393375.805050218,-9183.15889329775,0
393348.49526231,-9209.99231315602,0
393321.106141701,-9236.74350551691,0
393293.637934048,-9263.41223428747,0
393266.090885692,-9289.99826412488,0
393238.465243652,-9316.50136043838,0
393210.761255627,-9342.92128938985,0
393182.979169988,-9369.25781789695,0
393155.119235783,-9395.51071363506,0
393127.181702729,-9421.67974503775,0
393099.16682121,-9447.76468130002,0
393071.074842279,-9473.76529238008,0
393042.906017651,-9499.68134899991,0
393014.660599702,-9525.5126226484,0
392986.338841467,-9551.25888558316,0
392957.940996637,-9576.91991083102,0
392929.46731956,-9602.49547219112,0
392900.91806523,-9627.98534423676,0
392872.293489297,-9653.3893023159,0
392843.593848053,-9678.70712255405,0
392814.819398436,-9703.93858185631,0
392785.970398026,-9729.08345790776,0
392757.047105043,-9754.14152917625,0
392728.049778344,-9779.1125749145,0
392698.978677421,-9803.99637516056,0
392669.834062398,-9828.79271074028,0
392640.616194028,-9853.50136326972,0
392611.325333693,-9878.1221151554,0
392581.9617434,-9902.65474959673,0
392552.525685778,-9927.09905058847,0
392523.017424077,-9951.45480292106,0
392493.437222163,-9975.72179218269,0
392463.785344518,-9999.89980476205,0
392434.062056239,-10023.9886278486,0
392404.267623031,-10047.9880494345,0
392374.402311206,-10071.8978583172,0
392344.466387685,-10095.7178441002,0
392314.460119989,-10119.4477971943,0
392284.38377624,-10143.0875088208,0
392254.237625158,-10166.6367710118,0
392224.02193606,-10190.0953766114,0
392193.736978855,-10213.4631192791,0
392163.383024042,-10236.7397934902,0
392132.96034271,-10259.9251945367,0
392102.469206531,-10283.0191185304,0
392071.909887761,-10306.0213624042,0
392041.282659239,-10328.9317239121,0
392010.587794379,-10351.7500016326,0
391979.825567172,-10374.4759949698,0
391948.996252181,-10397.1095041541,0
391918.100124542,-10419.6503302443,0
391887.137459957,-10442.0982751298,0
391856.108534695,-10464.4531415308,0
391825.013625586,-10486.7147330004,0
391793.853010023,-10508.8828539268,0
391762.626965955,-10530.9573095338,0
391731.335771889,-10552.9379058821,0
391699.979706882,-10574.824449872,0
391668.559050543,-10596.6167492442,0
391637.074083029,-10618.3146125803,0
391605.525085043,-10639.9178493061,0
391573.912337829,-10661.4262696922,0
391542.236123173,-10682.8396848543,0
391510.496723398,-10704.1579067565,0
391478.694421362,-10725.380748212,0
391446.829500457,-10746.5080228837,0
391414.902244603,-10767.5395452867,0
391382.91293825,-10788.4751307897,0
391350.861866372,-10809.3145956154,0
391318.749314465,-10830.0577568422,0
391286.575568545,-10850.7044324067,0
391254.340915145,-10871.254441104,0
391222.045641315,-10891.7076025884,0
391189.690034615,-10912.0637373764,0
391157.274383114,-10932.3226668476,0
391124.798975392,-10952.4842132445,0
391092.26410053,-10972.5481996756,0
391059.670048112,-10992.5144501168,0
391027.01710822,-11012.3827894109,0
390994.305571436,-11032.1530432703,0
390961.535728834,-11051.8250382786,0
390928.707871979,-11071.3986018911,0
390895.822292927,-11090.8735624355,0
390862.87928422,-11110.2497491149,0
390829.879138882,-11129.5269920081,0
390796.822150421,-11148.7051220699,0
390763.708612822,-11167.7839711343,0
390730.538820546,-11186.7633719147,0
390697.313068529,-11205.6431580046,0
390664.031652177,-11224.4231638796,0
390630.694867364,-11243.103224899,0
390597.30301043,-11261.683177306,0
390563.856378179,-11280.1628582289,0
390530.355267875,-11298.5421056836,0
390496.799977237,-11316.8207585737,0
390463.190804445,-11334.9986566913,0
390429.528048127,-11353.0756407194,0
390395.812007363,-11371.0515522324,0
390362.04298168,-11388.9262336972,0
390328.221271051,-11406.6995284739,0
390294.34717589,-11424.3712808185,0
390260.42099705,-11441.9413358826,0
390226.443035823,-11459.4095397143,0
390192.413593934,-11476.7757392609,0
390158.33297354,-11494.0397823689,0
390124.201477227,-11511.2015177847,0
390090.019408009,-11528.2607951567,0
390055.787069321,-11545.2174650362,0
390021.504765022,-11562.0713788779,0
389987.172799388,-11578.8223890411,0
389952.791477113,-11595.4703487915,0
389918.3611033,-11612.0151123019,0
389883.881983468,-11628.4565346521,0
389849.354423542,-11644.7944718318,0
389814.778729851,-11661.0287807408,0
389780.155209128,-11677.1593191898,0
389745.484168507,-11693.185945901,0
389710.765915519,-11709.1085205109,0
389676.000758089,-11724.9269035697,0
389641.189004535,-11740.6409565423,0
389606.330963566,-11756.2505418102,0
389571.426944275,-11771.7555226721,0
389536.477256141,-11787.1557633448,0
389501.482209025,-11802.4511289635,0
389466.442113167,-11817.6414855844,0
389431.357279182,-11832.7267001846,0
389396.228018061,-11847.7066406623,0
389361.054641164,-11862.5811758393,0
389325.837460221,-11877.3501754613,0
389290.576787325,-11892.0135101987,0
389255.272934937,-11906.5710516469,0
389219.926215874,-11921.0226723286,0
389184.536943312,-11935.3682456944,0
389149.105430784,-11949.6076461221,0
389113.631992173,-11963.7407489195,0
389078.116941713,-11977.7674303248,0
389042.560593985,-11991.687567507,0
389006.963263915,-12005.5010385666,0
388971.32526677,-12019.2077225373,0
388935.646918156,-12032.807499387,0
388899.928534016,-12046.3002500171,0
388864.170430629,-12059.6858562646,0
388828.3729246,-12072.9642009031,0
388792.536332867,-12086.1351676432,0
388756.660972693,-12099.1986411326,0
388720.747161663,-12112.154506958,0
388684.795217683,-12125.0026516461,0
388648.805458976,-12137.7429626634,0
388612.778204082,-12150.375328417,0
388576.713771852,-12162.8996382564,0
388540.612481448,-12175.3157824739,0
388504.474652337,-12187.6236523045,0
388468.300604294,-12199.8231399276,0
388432.090657392,-12211.9141384677,0
388395.845132003,-12223.8965419952,0
388359.564348801,-12235.770245526,0
388323.248628748,-12247.5351450236,0
388286.898293099,-12259.1911373998,0
388250.513663396,-12270.7381205146,0
388214.09506147,-12282.1759931771,0
388177.642809433,-12293.5046551465,0
388141.157229675,-12304.7240071332,0
388104.638644868,-12315.8339507987,0
388068.087377956,-12326.8343887561,0
388031.503752158,-12337.725224572,0
387994.888090958,-12348.5063627664,0
387958.240718112,-12359.1777088133,0
387921.561957637,-12369.739169141,0
387884.852133813,-12380.1906511338,0
387848.111571177,-12390.5320631326,0
387811.340594525,-12400.7633144339,0
387774.539528904,-12410.8843152919,0
387737.708699614,-12420.8949769195,0
387700.8484322,-12430.7952114878,0
387663.959052455,-12440.5849321269,0
387627.040886416,-12450.2640529266,0
387590.094260355,-12459.832488938,0
387553.119500784,-12469.2901561729,0
387516.116934452,-12478.6369716041,0
387479.086888338,-12487.8728531672,0
387442.029689649,-12496.9977197605,0
387404.945665818,-12506.0114912462,0
387367.835144507,-12514.9140884492,0
387330.698453594,-12523.7054331597,0
387293.535921177,-12532.3854481329,0
387256.347875568,-12540.9540570898,0
387219.134645297,-12549.4111847167,0
387181.896559101,-12557.7567566669,0
387144.633945925,-12565.9906995612,0
387107.347134916,-12574.1129409881,0
387070.036455428,-12582.1234095037,0
387032.702237015,-12590.0220346328,0
386995.344809424,-12597.80874687,0
386957.964502596,-12605.4834776794,0
386920.561646668,-12613.0461594949,0
386883.136571963,-12620.4967257209,0
386845.68960899,-12627.8351107335,0
386808.22108844,-12635.0612498802,0
386770.731341186,-12642.1750794802,0
386733.220698283,-12649.1765368251,0
386695.689490955,-12656.0655601797,0
386658.1380506,-12662.8420887825,0
386620.566708787,-12669.5060628452,0
386582.975797255,-12676.0574235535,0
386545.365647904,-12682.4961130682,0
386507.736592793,-12688.8220745252,0
386470.088964145,-12695.0352520358,0
386432.423094338,-12701.1355906865,0
386394.739315905,-12707.1230365406,0
386357.037961526,-12712.997536638,0
386319.31936403,-12718.7590389956,0
386281.583856396,-12724.4074926073,0
386243.831771743,-12729.9428474449,0
386206.063443328,-12735.3650544584,0
386168.279204546,-12740.6740655765,0
386130.479388931,-12745.8698337061,0
386092.664330145,-12750.9523127333,0
386054.83436198,-12755.921457524,0
386016.989818353,-12760.777223924,0
385979.131033308,-12765.5195687585,0
385941.25834101,-12770.1484498338,0
385903.37207574,-12774.6638259365,0
385865.472571894,-12779.0656568347,0
385827.560163986,-12783.3539032773,0
385789.635186636,-12787.528526995,0
385751.697974572,-12791.5894907006,0
385713.748862628,-12795.5367580891,0
385675.78818574,-12799.3702938374,0
385637.816278944,-12803.0900636057,0
385599.833477371,-12806.6960340369,0
385561.840116246,-12810.1881727573,0
385523.836530888,-12813.5664483763,0
385485.823056703,-12816.8308304873,0
385447.800029182,-12819.9812896678,0
385409.7677839,-12823.017797479,0
385371.726656513,-12825.9403264667,0
385333.676982754,-12828.7488501614,0
385295.61909843,-12831.4433430783,0
385257.553339424,-12834.0237807175,0
385219.480041685,-12836.4901395645,0
385181.399541229,-12838.8423970901,0
385143.312174138,-12841.0805317506,0
385105.218276556,-12843.204522988,0
385067.118184683,-12845.2143512304,0
385029.012234777,-12847.1099978919,0
384990.900763148,-12848.8914453726,0
384952.784106159,-12850.5586770594,0
384914.662600217,-12852.1116773254,0
384876.536581779,-12853.5504315304,0
384838.40638734,-12854.8749260211,0
384800.272353438,-12856.0851481311,0
384762.134816646,-12857.1810861809,0
384723.994113572,-12858.1627294784,0
384685.850580855,-12859.0300683184,0
384647.704555164,-12859.7830939835,0
384609.556373194,-12860.4217987433,0
384571.406371662,-12860.9461758552,0
384533.254887307,-12861.3562195642,0
384495.102256887,-12861.651925103,0
384456.948817172,-12861.8332886918,0
384418.794904948,-12861.9003075391,0
384380.640857008,-12861.8529798408,0
384342.487010155,-12861.6913047811,0
384304.333701194,-12861.4152825319,0
384266.181266933,-12861.0249142532,0
384228.030044179,-12860.5202020932,0
384189.880369733,-12859.9011491879,0
384151.732580393,-12859.1677596616,0
384113.587012945,-12858.3200386266,0
384075.444004165,-12857.3579921832,0
384037.303890814,-12856.2816274201,0
383999.167009634,-12855.0909524137,0
383961.033697349,-12853.7859762288,0
383922.904290658,-12852.3667089182,0
383884.779126237,-12850.8331615225,0
383846.658540733,-12849.1853460707,0
383808.542870761,-12847.4232755793,0
383770.432452902,-12845.5469640532,0
383732.327623703,-12843.5564264849,0
383694.228719669,-12841.4516788547,0
383656.136077266,-12839.2327381307,0
383618.050032913,-12836.8996222688,0
383579.970922983,-12834.4523502122,0
383541.899083798,-12831.890941892,0
383503.834851629,-12829.2154182265,0
383465.778562691,-12826.4258011214,0
383427.730553138,-12823.5221134695,0
383389.691159066,-12820.504379151,0
383351.660716509,-12817.3726230329,0
383313.639561431,-12814.1268709693,0
383275.628029726,-12810.7671498006,0
383237.626457223,-12807.2934873545,0
383199.635179669,-12803.7059124449,0
383161.654532737,-12800.0044548717,0
383123.68485202,-12796.1891454215,0
383085.72647303,-12792.2600158669,0
383047.779731189,-12788.217098966,0
383009.844961835,-12784.0604284629,0
382971.922500213,-12779.7900390872,0
382934.012681477,-12775.4059665539,0
382896.115840681,-12770.9082475628,0
382858.232312781,-12766.2969197991,0
382820.362432635,-12761.5720219325,0
382782.506534991,-12756.7335936175,0
382744.664954494,-12751.7816754926,0
382706.838025675,-12746.7163091803,0
382669.026082958,-12741.5375372876,0
382631.229460647,-12736.2454034047,0
382593.448492928,-12730.8399521051,0
382555.683513869,-12725.3212289456,0
382517.934857413,-12719.6892804662,0
382480.202857377,-12713.9441541891,0
382442.487847446,-12708.0858986188,0
382404.790161178,-12702.1145632423,0
382367.110131996,-12696.0301985283,0
382329.448093182,-12689.832855927,0
382291.804377881,-12683.5225878695,0
382254.179319093,-12677.0994477682,0
382216.573249679,-12670.5634900163,0
382178.986502344,-12663.9147699871,0
382141.419409644,-12657.1533440334,0
382103.872303986,-12650.2792694883,0
382066.345517618,-12643.2926046645,0
382028.839382628,-12636.1934088531,0
381991.354230942,-12628.9817423236,0
381953.890394323,-12621.6576663244,0
381916.448204368,-12614.2212430821,0
381879.027992502,-12606.6725358003,0
381841.630089977,-12599.0116086595,0
381804.254827871,-12591.2385268177,0
381766.902537086,-12583.3533564094,0
381729.573548339,-12575.3561645448,0
381692.268192164,-12567.2470193096,0
381654.986798912,-12559.0259897649,0
381617.729698744,-12550.693145947,0
381580.497221628,-12542.2485588665,0
381543.289697336,-12533.6923005073,0
381506.107455447,-12525.0244438275,0
381468.950825339,-12516.2450627585,0
381431.820136186,-12507.3542322041,0
381394.715716956,-12498.3520280399,0
381357.637896411,-12489.2385271137,0
381320.587003102,-12480.013807245,0
381283.563365367,-12470.6779472237,0
381246.567311325,-12461.2310268095,0
381209.599168878,-12451.6731267328,0
381172.659265708,-12442.0043286934,0
381135.747929271,-12432.2247153596,0
381098.865486794,-12422.3343703677,0
381062.012265277,-12412.3333783226,0
381025.188591488,-12402.2218247964,0
380988.394791956,-12391.9997963279,0
380951.631192976,-12381.6673804216,0
380914.898120599,-12371.2246655486,0
380878.195900636,-12360.6717411451,0
380841.52485865,-12350.0086976116,0
380804.885319953,-12339.2356263123,0
380768.277609609,-12328.352619576,0
380731.702052428,-12317.3597706937,0
380695.158972959,-12306.2571739189,0
380658.648695493,-12295.0449244664,0
380622.17154406,-12283.7231185132,0
380585.727842426,-12272.2918531963,0
380549.317914083,-12260.7512266123,0
380512.942082259,-12249.1013378174,0
380476.600669905,-12237.3422868273,0
380440.293999697,-12225.4741746148,0
380404.022394031,-12213.4971031102,0
380367.786175024,-12201.4111752011,0
380331.585664508,-12189.2164947313,0
380295.421184025,-12176.9131664998,0
380259.293054831,-12164.5012962599,0
380223.201597888,-12151.9809907203,0
380187.147133864,-12139.3523575426,0
380151.129983127,-12126.6155053408,0
380115.150465746,-12113.7705436812,0
380079.208901488,-12100.8175830822,0
380043.305609812,-12087.7567350123,0
380007.440909868,-12074.5881118896,0
379971.615120496,-12061.3118270821,0
379935.828560223,-12047.9279949065,0
379900.081547255,-12034.4367306266,0
379864.374399482,-12020.8381504533,0
379828.707434472,-12007.1323715446,0
379793.080969466,-11993.3195120036,0
379757.495321377,-11979.3996908776,0
379721.95080679,-11965.3730281584,0
379686.447741955,-11951.2396447817,0
379650.986442788,-11936.9996626245,0
379615.567224864,-11922.6532045058,0
379580.190403419,-11908.2003941856,0
379544.856293344,-11893.6413563643,0
379509.565209183,-11878.9762166807,0
379474.317465131,-11864.2051017121,0
379439.113375032,-11849.3281389743,0
379403.953252374,-11834.345456919,0
379368.837410287,-11819.2571849334,0
379333.766161542,-11804.0634533406,0
379298.739818548,-11788.7643933979,0
379263.758693345,-11773.360137295,0
379228.823097608,-11757.8508181543,0
379193.93334264,-11742.2365700305,0
379159.089739371,-11726.5175279083,0
379124.292598352,-11710.6938277017,0
379089.542229757,-11694.7656062545,0
379054.83894338,-11678.733001338,0
379020.183048626,-11662.5961516503,0
378985.574854515,-11646.3551968155,0
378951.014669679,-11630.0102773835,0
378916.502802356,-11613.561534828,0
378882.039560386,-11597.0091115454,0
378847.625251215,-11580.3531508551,0
378813.260181887,-11563.5937969979,0
378778.944659042,-11546.7311951343,0
378744.678988914,-11529.7654913443,0
378710.46347733,-11512.6968326269,0
378676.298429703,-11495.525366898,0
378642.184151032,-11478.2512429893,0
378608.120945903,-11460.8746106489,0
378574.109118478,-11443.3956205388,0
378540.148972499,-11425.814424234,0
378506.240811282,-11408.131174222,0
378472.384937717,-11390.3460239019,0
378438.581654263,-11372.4591275823,0
378404.831262946,-11354.470640481,0
378371.134065355,-11336.3807187245,0
378337.490362644,-11318.1895193458,0
378303.900455523,-11299.8972002833,0
378270.36464426,-11281.503920381,0
378236.883228677,-11263.0098393867,0
378203.456508145,-11244.4151179497,0
378170.084781585,-11225.7199176214,0
378136.768347464,-11206.9244008543,0
378103.50750379,-11188.0287309989,0
378070.302548114,-11169.033072304,0
378037.153777522,-11149.9375899161,0
378004.061488638,-11130.742449877,0
377971.025977615,-11111.4478191226,0
377938.047540138,-11092.053865483,0
377905.126471419,-11072.5607576806,0
377872.263066193,-11052.9686653282,0
377839.457618717,-11033.2777589286,0
377806.710422768,-11013.4882098743,0
377774.021771639,-10993.600190444,0
377741.391958136,-10973.613873803,0
377708.821274578,-10953.5294340021,0
377676.310012789,-10933.3470459757,0
377643.858464102,-10913.06688554,0
377611.466919352,-10892.6891293935,0
377579.135668874,-10872.2139551145,0
377546.865002502,-10851.6415411594,0
377514.655209563,-10830.9720668627,0
377482.506578879,-10810.2057124355,0
377450.419398761,-10789.3426589627,0
377418.393957007,-10768.3830884032,0
377386.4305409,-10747.3271835892,0
377354.529437205,-10726.1751282226,0
377322.690932164,-10704.9271068751,0
377290.915311501,-10683.5833049876,0
377259.20286041,-10662.1439088674,0
377227.553863557,-10640.609105687,0
377195.968605077,-10618.9790834839,0
377164.447368573,-10597.2540311586,0
377132.99043711,-10575.4341384721,0
377101.598093213,-10553.5195960466,0
377070.270618868,-10531.5105953627,0
377039.008295514,-10509.4073287581,0
377007.811404046,-10487.2099894266,0
376976.680224807,-10464.9187714169,0
376945.61503759,-10442.5338696303,0
376914.616121632,-10420.0554798196,0
376883.683755613,-10397.4837985888,0
376852.818217653,-10374.8190233896,0
376822.01978531,-10352.0613525213,0
376791.288735577,-10329.2109851296,0
376760.625344879,-10306.2681212041,0
376730.029889071,-10283.2329615767,0
376699.502643434,-10260.105707922,0
376669.043882676,-10236.8865627537,0
376638.653880925,-10213.5757294235,0
376608.332911728,-10190.1734121207,0
376578.081248052,-10166.67981587,0
376547.899162274,-10143.0951465288,0
376517.786926185,-10119.4196107879,0
376487.744810986,-10095.6534161685,0
376457.773087283,-10071.7967710204,0
376427.872025085,-10047.8498845214,0
376398.041893806,-10023.8129666756,0
376368.282962256,-9999.68622831073,0
376338.595498641,-9975.46988107763,0
376308.979770562,-9951.16413744886,0
376279.436045012,-9926.76921071567,0
376249.964588371,-9902.28531498757,0
376220.565666405,-9877.71266519101,0
376191.239544265,-9853.05147706621,0
376161.986486482,-9828.30196716664,0
376132.806756966,-9803.46435285786,0
376103.700619003,-9778.53885231426,0
376074.66833525,-9753.52568451834,0
376045.71016774,-9728.42506925975,0
376016.826377869,-9703.237227132,0
375988.017226403,-9677.96237953145,0
375959.282973468,-9652.60074865667,0
375930.623878553,-9627.15255750488,0
375902.040200505,-9601.61802987102,0
375873.532197526,-9575.99739034703,0
375845.100127172,-9550.29086431834,0
375816.744246349,-9524.49867796283,0
375788.464811313,-9498.6210582501,0
375760.262077664,-9472.65823293804,0
375732.136300346,-9446.61043057158,0
375704.087733644,-9420.47788048208,0
375676.11663118,-9394.26081278381,0
375648.223245914,-9367.95945837271,0
375620.407830139,-9341.57404892568,0
375592.670635477,-9315.10481689715,0
375565.011912881,-9288.5519955177,0
375537.431912627,-9261.9158187934,0
375509.930884319,-9235.19652150229,0
375482.509076876,-9208.39433919307,0
375455.166738542,-9181.50950818429,0
375427.904116872,-9154.54226556092,0
375400.721458738,-9127.49284917289,0
375373.619010321,-9100.36149763442,0
375346.597017114,-9073.14845032036,0
375319.655723912,-9045.8539473649,0
375292.795374818,-9018.47822966075,0
375266.016213234,-8991.02153885544,0
375239.318481862,-8963.48411735014,0
375212.702422702,-8935.86620829866,0
375186.168277046,-8908.16805560379,0
375159.716285479,-8880.38990391614,0
375133.346687876,-8852.53199863305,0
375107.059723398,-8824.5945858948,0
375080.855630492,-8796.57791258375,0
375054.734646886,-8768.48222632286,0
375028.69700959,-8740.30777547203,0
375002.742954888,-8712.05480912735,0
374976.872718342,-8683.72357711929,0
374951.086534787,-8655.31433000924,0
374925.384638327,-8626.82731908875,0
374899.767262335,-8598.26279637749,0
374874.234639448,-8569.62101461991,0
374848.787001569,-8540.90222728458,0
374823.424579861,-8512.10668856176,0
374798.147604744,-8483.23465336034,0
374772.956305898,-8454.2863773072,0
374747.850912252,-8425.26211674436,0
374722.831651992,-8396.1621287263,0
374697.898752549,-8366.98667101921,0
374673.052440605,-8337.73600209786,0
374648.292942082,-8308.41038114318,0
374623.620482149,-8279.01006804149,0
374599.035285213,-8249.53532338101,0
374574.537574918,-8219.98640844977,0
374550.127574145,-8190.3635852348,0
374525.805505008,-8160.66711641818,0
374501.571588852,-8130.89726537558,0
374477.42604625,-8101.05429617492,0
374453.369097002,-8071.13847357247,0
374429.400960133,-8041.1500630117,0
374405.521853887,-8011.08933062147,0
374381.731995732,-7980.95654321225,0
374358.031602349,-7950.75196827531,0
374334.420889638,-7920.47587398019,0
374310.900072708,-7890.12852917141,0
374287.469365883,-7859.71020336772,0
374264.128982692,-7829.22116675893,0
374240.879135873,-7798.66169020318,0
374217.720037365,-7768.03204522612,0
374194.651898311,-7737.3325040172,0
374171.674929053,-7706.56333942755,0
374148.789339131,-7675.72482496888,0
374125.99533728,-7644.81723480939,0
374103.293131427,-7613.8408437724,0
374080.682928692,-7582.7959273345,0
374058.164935382,-7551.68276162164,0
374035.739356991,-7520.5016234082,0
374013.406398198,-7489.2527901143,0
373991.166262863,-7457.93653980241,0
373969.019154027,-7426.55315117654,0
373946.96527391,-7395.10290357879,0
373925.004823905,-7363.58607698669,0
373903.138004583,-7332.0029520122,0
373881.365015682,-7300.35380989765,0
373859.686056112,-7268.63893251399,0
373838.10132395,-7236.85860235908,0
373816.611016439,-7205.01310255362,0
373795.215329983,-7173.10271684007,0
373773.91446015,-7141.12772957987,0
373752.708601666,-7109.08842575009,0
373731.597948412,-7076.98509094241,0
373710.582693427,-7044.81801135947,0
373689.6630289,-7012.58747381243,0
373668.839146173,-6980.29376571959,0
373648.111235737,-6947.93717510227,0
373627.479487226,-6915.51799058323,0
373606.944089424,-6883.03650138447,0
373586.505230253,-6850.49299732331,0
373566.163096779,-6817.88776881136,0
373545.917875205,-6785.22110685118,0
373525.76975087,-6752.4933030333,0
373505.71890825,-6719.70464953498,0
373485.765530952,-6686.85543911617,0
373465.909801714,-6653.94596511755,0
373446.151902403,-6620.9765214585,0
373426.492014011,-6587.9474026331,0
373406.930316658,-6554.85890370885,0
373387.466989585,-6521.7113203235,0
373368.102211153,-6488.50494868184,0
373348.836158844,-6455.24008555448,0
373329.669009257,-6421.91702827367,0
373310.600938103,-6388.53607473138,0
373291.632120211,-6355.09752337712,0
373272.762729517,-6321.60167321386,0
373253.99293907,-6288.04882379684,0
373235.322921024,-6254.43927523006,0
373216.75284664,-6220.7733281633,0
373198.282886283,-6187.05128379069,0
373179.913209418,-6153.27344384636,0
373161.643984612,-6119.44011060279,0
373143.475379531,-6085.55158686814,0
373125.407560934,-6051.60817598241,0
373107.44069468,-6017.61018181621,0
373089.574945715,-5983.5579087668,0
373071.810478079,-5949.45166175561,0
373054.147454903,-5915.29174622631,0
373036.5860384,-5881.07846814048,0
373019.126389874,-5846.81213397627,0
373001.76866971,-5812.49305072494,0
372984.513037375,-5778.12152588768,0
372967.359651418,-5743.697867474,0
372950.308669465,-5709.2223839975,0
372933.360248219,-5674.69538447396,0
372916.514543459,-5640.11717841854,0
372899.771710036,-5605.48807584196,0
372883.131901874,-5570.80838724914,0
372866.595271966,-5536.07842363504,0
372850.161972373,-5501.2984964823,0
372833.832154224,-5466.46891775889,0
372817.605967711,-5431.58999991394,0
372801.483562091,-5396.6620558764,0
372785.46508568,-5361.68539905097,0
372769.550685857,-5326.66034331548,0
372753.740509057,-5291.58720301873,0
372738.034700772,-5256.46629297622,0
372722.43340555,-5221.29792846856,0
372706.936766991,-5186.08242523773,0
372691.544927748,-5150.82009948419,0
372676.258029522,-5115.51126786466,0
372661.076213066,-5080.15624748798,0
372645.999618176,-5044.75535591334,0
372631.028383698,-5009.30891114657,0
372616.162647517,-4973.81723163722,0
372601.402546564,-4938.28063627628,0
372586.748216808,-4902.69944439198,0
372572.19979326,-4867.07397574811,0
372557.757409967,-4831.40455054006,0
372543.421200013,-4795.69148939212,0
372529.191295515,-4759.93511335494,0
372515.067827626,-4724.13574390143,0
372501.050926528,-4688.29370292508,0
372487.140721435,-4652.40931273576,0
372473.33734059,-4616.48289605726,0
372459.640911261,-4580.5147760245,0
372446.051559745,-4544.5052761795,0
372432.569411362,-4508.45472046969,0
372419.194590454,-4472.36343324353,0
372405.927220387,-4436.23173924832,0
372392.767423546,-4400.05996362693,0
372379.715321334,-4363.8484319142,0
372366.771034172,-4327.59747003493,0
372353.934681499,-4291.30740429946,0
372341.206381766,-4254.97856140179,0
372328.58625244,-4218.6112684157,0
372316.074409997,-4182.20585279172,0
372303.670969926,-4145.76264235465,0
372291.376046725,-4109.28196529934,0
372279.189753901,-4072.76415018877,0
372267.112203964,-4036.20952594985,0
372255.143508435,-3999.61842187105,0
372243.283777835,-3962.99116759889,0
372231.53312169,-3926.32809313465,0
372219.891648527,-3889.62952883185,0
372208.359465874,-3852.8958053921,0
372196.936680258,-3816.12725386307,0
372185.623397204,-3779.32420563424,0
372174.419721233,-3742.48699243445,0
372163.325755863,-3705.61594632856,0
372152.341603605,-3668.71139971381,0
372141.467365966,-3631.77368531753,0
372130.703143442,-3594.80313619278,0
372120.049035521,-3557.80008571636,0
372109.505140681,-3520.76486758453,0
372099.071556388,-3483.69781581051,0
372088.748379097,-3446.59926472099,0
372078.535704247,-3409.46954895274,0
372068.433626266,-3372.30900344989,0
372058.442238562,-3335.11796345993,0
372048.561633528,-3297.89676453138,0
372038.79190254,-3260.64574250958,0
372029.133135954,-3223.36523353435,0
372019.585423106,-3186.05557403598,0
372010.148852311,-3148.71710073242,0
372000.823510862,-3111.350150626,0
371991.609485028,-3073.9550609997,0
371982.506860055,-3036.53216941471,0
371973.515720165,-2999.08181370609,0
371964.636148551,-2961.6043319806,0
371955.86822738,-2924.1000626124,0
371947.212037793,-2886.56934424058,0
371938.6676599,-2849.01251576521,0
371930.235172782,-2811.42991634456,0
371921.914654487,-2773.8218853914,0
371913.706182035,-2736.18876256988,0
371905.609831412,-2698.53088779233,0
371897.625677568,-2660.84860121548,0
371889.753794422,-2623.14224323789,0
371881.994254856,-2585.41215449567,0
371874.347130717,-2547.65867586019,0
371866.812492815,-2509.88214843375,0
371859.39041092,-2472.08291354708,0
371852.080953767,-2434.26131275534,0
371844.884189049,-2396.41768783528,0
371837.80018342,-2358.55238078149,0
371830.829002492,-2320.66573380339,0
371823.970710837,-2282.75808932155,0
371817.225371984,-2244.8297899646,0
371810.593048418,-2206.88117856573,0
371804.07380158,-2168.91259815927,0
371797.667691868,-2130.92439197751,0
371791.374778633,-2092.9169034471,0
371785.19512018,-2054.89047618588,0
371779.128773769,-2016.84545399927,0
371773.175795611,-1978.7821808772,0
371767.336240869,-1940.70100099029,0
371761.610163657,-1902.602258687,0
371755.997617043,-1864.48629848964,0
371750.498653039,-1826.35346509156,0
371745.113322612,-1788.20410335322,0
371739.841675675,-1750.03855829927,0
371734.683761089,-1711.85717511466,0
371729.639626665,-1673.66029914174,0
371724.709319159,-1635.44827587636,0
371719.892884274,-1597.22145096492,0
371715.190366659,-1558.98017020048,0
371710.601809909,-1520.72477951983,0
371706.127256564,-1482.45562499962,0
371701.766748107,-1444.17305285331,0
371697.520324968,-1405.87740942746,0
371693.388026517,-1367.56904119849,0
371689.369891069,-1329.24829476916,0
371685.465955882,-1290.91551686518,0
371681.676257154,-1252.57105433174,0
371678.000830028,-1214.21525413007,0
371674.439708586,-1175.84846333414,0
371670.992925851,-1137.47102912691,0
371667.660513787,-1099.08329879731,0
371664.442503297,-1060.68561973634,0
371661.338924227,-1022.27833943409,0
371658.34980536,-983.861805475863,0
371655.475174417,-945.436365539056,0
371652.715058059,-907.0023673895,0
371650.069481888,-868.560158878139,0
371647.53847044,-830.110087937504,0
371645.12204719,-791.652502578255,0
371642.820234553,-753.187750885815,0
371640.633053878,-714.716181016761,0
371638.560525454,-676.238141195562,0
371636.602668505,-637.753979710918,0
371634.759501191,-599.264044912423,0
371633.03104061,-560.768685207142,0
371631.417302796,-522.268249055949,0
371629.918302718,-483.763084970326,0
371628.534054281,-445.253541508696,0
371627.264570328,-406.739967273035,0
371626.109862633,-368.222710905465,0
371625.06994191,-329.702121084647,0
371624.144817805,-291.178546522429,0
371623.3344989,-252.652335960374,0
371622.638992713,-214.123838166204,0
371622.058305696,-175.593401930433,0
371621.592443236,-137.061376062815,0
371621.241409655,-98.5281093889583,0
371621.005208209,-59.9939507468017,0
371620.88384109,-21.4592489831168,0
