394218.515939409,8268.03434744246,0
394243.031543682,8238.58825820435,0
394267.459776774,8209.06852927882,0
394291.800418736,8179.47542207704,0
394316.053250386,8149.80919868454,0
394340.21805331,8120.07012186051,0
394364.29460986,8090.25845503469,0
394388.282703162,8060.37446230476,0
394412.182117116,8030.41840843548,0
394435.992636396,8000.39055885529,0
394459.714046456,7970.29117965404,0
394483.346133529,7940.12053758203,0
394506.888684629,7909.87890004623,0
394530.341487556,7879.56653510855,0
394553.704330897,7849.1837114845,0
394576.977004026,7818.73069853927,0
394600.159297108,7788.20776628649,0
394623.251001101,7757.61518538632,0
394646.251907759,7726.95322714166,0
394669.16180963,7696.22216349731,0
394691.980500064,7665.42226703728,0
394714.707773211,7634.55381098153,0
394737.343424023,7603.61706918518,0
394759.887248259,7572.61231613514,0
394782.339042484,7541.53982694755,0
394804.698604072,7510.39987736675,0
394826.965731211,7479.19274376146,0
394849.140222898,7447.91870312288,0
394871.22187895,7416.57803306325,0
394893.210499997,7385.17101181179,0
394915.105887493,7353.69791821352,0
394936.907843709,7322.15903172692,0
394958.616171742,7290.55463242032,0
394980.230675514,7258.88500097097,0
395001.751159775,7227.15041866185,0
395023.177430103,7195.35116737878,0
395044.509292908,7163.48752960937,0
395065.746555433,7131.55978843921,0
395086.889025758,7099.56822754978,0
395107.936512797,7067.51313121695,0
395128.888826307,7035.39478430688,0
395149.745776883,7003.2134722747,0
395170.507175964,6970.9694811621,0
395191.172835835,6938.66309759368,0
395211.742569627,6906.29460877593,0
395232.21619132,6873.86430249381,0
395252.593515745,6841.37246710804,0
395272.874358584,6808.81939155379,0
395293.058536376,6776.20536533672,0
395313.145866515,6743.53067853111,0
395333.136167252,6710.79562177792,0
395353.029257702,6678.00048628073,0
395372.824957838,6645.14556380468,0
395392.523088499,6612.23114667328,0
395412.123471388,6579.25752776529,0
395431.625929078,6546.22500051353,0
395451.030285009,6513.13385890087,0
395470.336363493,6479.98439745823,0
395489.543989715,6446.77691126261,0
395508.652989736,6413.51169593303,0
395527.663190492,6380.18904762931,0
395546.574419798,6346.80926304889,0
395565.386506348,6313.37263942364,0
395584.09927972,6279.87947451861,0
395602.712570375,6246.33006662795,0
395621.226209658,6212.7247145729,0
395639.640029803,6179.06371769968,0
395657.953863933,6145.34737587543,0
395676.167546061,6111.57598948703,0
395694.280911092,6077.74985943755,0
395712.293794827,6043.86928714341,0
395730.20603396,6009.93457453283,0
395748.017466085,5975.9460240416,0
395765.727929694,5941.90393861144,0
395783.337264182,5907.80862168727,0
395800.845309843,5873.6603772135,0
395818.25190788,5839.45950963276,0
395835.556900397,5805.20632388199,0
395852.760130409,5770.90112539002,0
395869.86144184,5736.54422007551,0
395886.860679524,5702.13591434286,0
395903.757689208,5667.67651508084,0
395920.552317552,5633.16632965899,0
395937.244412135,5598.60566592473,0
395953.833821449,5563.99483220162,0
395970.320394908,5529.33413728515,0
395986.703982847,5494.62389044105,0
396002.984436521,5459.86440140221,0
396019.16160811,5425.05598036525,0
396035.235350719,5390.19893798896,0
396051.20551838,5355.29358539015,0
396067.071966053,5320.34023414166,0
396082.834549629,5285.33919626955,0
396098.49312593,5250.29078424943,0
396114.047552709,5215.19531100494,0
396129.497688657,5180.05308990359,0
396144.843393398,5144.86443475467,0
396160.084527495,5109.6296598065,0
396175.22095245,5074.34907974265,0
396190.252530705,5039.0230096804,0
396205.179125644,5003.65176516664,0
396220.000601593,4968.23566217561,0
396234.716823826,4932.77501710622,0
396249.327658561,4897.27014677822,0
396263.832972963,4861.72136843059,0
396278.232635148,4826.12899971745,0
396292.52651418,4790.49335870578,0
396306.714480079,4754.81476387265,0
396320.796403814,4719.09353410143,0
396334.772157311,4683.32998868013,0
396348.641613452,4647.52444729723,0
396362.404646074,4611.67723003949,0
396376.061129977,4575.78865738898,0
396389.610940917,4539.85905021943,0
396403.053955613,4503.88872979446,0
396416.390051747,4467.8780177633,0
396429.619107966,4431.82723615887,0
396442.741003881,4395.7367073943,0
396455.755620069,4359.60675425977,0
396468.662838076,4323.43769992035,0
396481.462540418,4287.22986791178,0
396494.15461058,4250.98358213873,0
396506.738933019,4214.69916687085,0
396519.215393166,4178.37694674014,0
396531.583877425,4142.01724673824,0
396543.844273176,4105.62039221254,0
396555.996468776,4069.18670886435,0
396568.04035356,4032.71652274464,0
396579.97581784,3996.21016025197,0
396591.802752911,3959.667948129,0
396603.521051049,3923.09021345927,0
396615.13060551,3886.4772836649,0
396626.631310537,3849.82948650245,0
396638.023061356,3813.14715006101,0
396649.30575418,3776.43060275815,0
396660.479286208,3739.68017333746,0
396671.543555629,3702.8961908654,0
396682.498461621,3666.07898472777,0
396693.34390435,3629.22888462749,0
396704.079784977,3592.34622058042,0
396714.706005653,3555.4313229134,0
396725.222469525,3518.48452226018,0
396735.629080732,3481.50614955895,0
396745.925744413,3444.49653604905,0
396756.112366699,3407.4560132676,0
396766.188854722,3370.38491304703,0
396776.155116611,3333.28356751106,0
396786.011061498,3296.15230907259,0
396795.756599512,3258.99147042958,0
396805.391641786,3221.80138456276,0
396814.916100456,3184.58238473194,0
396824.329888661,3147.33480447305,0
396833.632920544,3110.0589775952,0
396842.825111255,3072.75523817701,0
396851.906376952,3035.42392056424,0
396860.876634796,2998.06535936566,0
396869.735802962,2960.67988945094,0
396878.483800629,2923.26784594651,0
396887.12054799,2885.82956423319,0
396895.645966247,2848.36537994245,0
396904.059977616,2810.87562895354,0
396912.362505324,2773.36064739032,0
396920.553473612,2735.82077161776,0
396928.632807735,2698.25633823933,0
396936.600433965,2660.66768409305,0
396944.456279589,2623.05514624916,0
396952.20027291,2585.41906200603,0
396959.832343251,2547.75976888785,0
396967.352420952,2510.07760464059,0
396974.760437371,2472.37290722952,0
396982.056324888,2434.64601483542,0
396989.240016904,2396.89726585179,0
396996.31144784,2359.12699888137,0
397003.27055314,2321.33555273305,0
397010.11726927,2283.52326641865,0
397016.851533721,2245.69047914953,0
397023.473285007,2207.83753033371,0
397029.982462668,2169.96475957213,0
397036.379007269,2132.07250665605,0
397042.662860402,2094.1611115631,0
397048.833964684,2056.23091445478,0
397054.892263763,2018.28225567248,0
397060.837702312,1980.31547573498,0
397066.670226034,1942.33091533445,0
397072.389781661,1904.32891533393,0
397077.996316957,1866.30981676338,0
397083.489780714,1828.27396081712,0
397088.870122755,1790.22168884986,0
397094.137293938,1752.15334237415,0
397099.29124615,1714.06926305643,0
397104.331932312,1675.96979271442,0
397109.259306377,1637.85527331323,0
397114.073323335,1599.72604696269,0
397118.773939207,1561.5824559135,0
397123.36111105,1523.42484255451,0
397127.834796956,1485.2535494089,0
397132.194956054,1447.06891913146,0
397136.441548507,1408.87129450475,0
397140.574535517,1370.66101843633,0
397144.593879321,1332.43843395504,0
397148.499543195,1294.20388420809,0
397152.291491451,1255.95771245744,0
397155.969689442,1217.7002620768,0
397159.534103558,1179.4318765481,0
397162.984701227,1141.15289945838,0
397166.321450918,1102.86367449638,0
397169.544322139,1064.56454544928,0
397172.65328544,1026.25585619945,0
397175.648312408,987.937950721025,0
397178.529375673,949.611173076811,0
397181.296448906,911.275867414705,0
397183.949506819,872.932377964708,0
397186.488525165,834.581049035324,0
397188.913480739,796.222225010481,0
397191.224351379,757.856250346109,0
397193.421115965,719.483469566817,0
397195.503754419,681.104227262719,0
397197.472247706,642.718868085914,0
397199.326577835,604.327736747397,0
397201.066727858,565.931178013589,0
397202.692681868,527.529536703071,0
397204.204425006,489.123157683337,0
397205.601943453,450.712385867348,0
397206.885224436,412.297566210343,0
397208.054256224,373.879043706472,0
397209.109028134,335.457163385444,0
397210.049530523,297.032270309287,0
397210.875754794,258.604709568985,0
397211.587693396,220.174826281144,0
397212.185339822,181.742965584722,0
397212.668688608,143.30947263769,0
397213.037735335,104.874692613698,0
397213.292476632,66.4389706987723,0
397213.432910169,28.0026520880005,0
397213.459034662,-10.433918017794,0
397213.370849874,-48.8703944153718,0
397213.168356609,-87.3064319023946,0
397212.851556719,-125.741685280743,0
397212.4204531,-164.175809359837,0
397211.875049691,-202.608458959953,0
397211.21535148,-241.03928891554,0
397210.441364494,-279.467954078545,0
397209.553095811,-317.894109321735,0
397208.550553547,-356.317409541996,0
397207.433746868,-394.737509663654,0
397206.202685981,-433.154064641817,0
397204.857382139,-471.566729465676,0
397203.397847638,-509.975159161788,0
397201.824095819,-548.379008797453,0
397200.136141065,-586.777933484001,0
397198.333998805,-625.171588380058,0
397196.417685511,-663.559628694962,0
397194.387218697,-701.941709691991,0
397192.242616922,-740.31748669167,0
397189.983899785,-778.686615075195,0
397187.611087932,-817.048750287565,0
397185.124203047,-855.403547841057,0
397182.52326786,-893.75066331845,0
397179.80830614,-932.089752376294,0
397176.9793427,-970.420470748375,0
397174.036403394,-1008.74247424878,0
397170.979515115,-1047.05541877546,0
397167.8087058,-1085.3589603133,0
397164.524004424,-1123.65275493759,0
397161.125441004,-1161.93645881725,0
397157.613046596,-1200.20972821808,0
397153.986853296,-1238.47221950624,0
397150.246894239,-1276.72358915123,0
397146.393203599,-1314.96349372959,0
397142.425816587,-1353.19158992775,0
397138.344769455,-1391.40753454575,0
397134.15009949,-1429.61098450015,0
397129.841845018,-1467.80159682762,0
397125.4200454,-1505.97902868799,0
397120.884741035,-1544.14293736771,0
397116.235973358,-1582.29298028302,0
397111.473784837,-1620.42881498327,0
397106.598218979,-1658.55009915419,0
397101.609320322,-1696.65649062117,0
397096.50713444,-1734.74764735255,0
397091.291707939,-1772.8232274628,0
397085.96308846,-1810.88288921599,0
397080.521324676,-1848.92629102875,0
397074.966466289,-1886.95309147388,0
397069.298564037,-1924.9629492833,0
397063.517669686,-1962.95552335156,0
397057.623836032,-2000.93047273888,0
397051.617116903,-2038.88745667463,0
397045.497567154,-2076.82613456031,0
397039.265242668,-2114.74616597312,0
397032.920200358,-2152.64721066887,0
397026.462498163,-2190.52892858552,0
397019.89219505,-2228.3909798462,0
397013.209351009,-2266.23302476259,0
397006.414027057,-2304.0547238381,0
396999.506285237,-2341.85573777104,0
396992.486188613,-2379.63572745803,0
396985.353801275,-2417.39435399696,0
396978.109188333,-2455.13127869057,0
396970.752415921,-2492.84616304918,0
396963.283551194,-2530.53866879453,0
396955.702662325,-2568.20845786229,0
396948.009818508,-2605.85519240602,0
396940.205089957,-2643.47853479958,0
396932.288547902,-2681.07814764117,0
396924.260264592,-2718.6536937557,0
396916.120313291,-2756.20483619877,0
396907.86876828,-2793.73123825917,0
396899.505704853,-2831.23256346263,0
396891.031199321,-2868.7084755746,0
396882.445329005,-2906.15863860368,0
396873.748172241,-2943.58271680477,0
396864.939808374,-2980.98037468198,0
396856.020317761,-3018.35127699238,0
396846.98978177,-3055.69508874834,0
396837.848282775,-3093.01147522167,0
396828.59590416,-3130.30010194577,0
396819.232730314,-3167.56063471974,0
396809.758846636,-3204.79273961071,0
396800.174339526,-3241.99608295764,0
396790.47929639,-3279.17033137401,0
396780.673805637,-3316.31515175117,0
396770.757956679,-3353.4302112616,0
396760.731839928,-3390.51517736153,0
396750.595546798,-3427.56971779493,0
396740.349169701,-3464.59350059556,0
396729.992802048,-3501.58619409121,0
396719.526538246,-3538.54746690579,0
396708.950473701,-3575.47698796325,0
396698.264704811,-3612.37442649023,0
396687.469328971,-3649.23945201917,0
396676.564444568,-3686.07173439186,0
396665.55015098,-3722.8709437617,0
396654.426548577,-3759.63675059784,0
396643.193738719,-3796.3688256872,0
396631.851823756,-3833.06684013845,0
396620.400907022,-3869.7304653845,0
396608.841092842,-3906.35937318571,0
396597.172486523,-3942.95323563331,0
396585.395194358,-3979.51172515169,0
396573.509323623,-4016.03451450247,0
396561.514982576,-4052.52127678649,0
396549.412280454,-4088.97168544777,0
396537.201327476,-4125.38541427597,0
396524.882234839,-4161.76213740953,0
396512.455114716,-4198.10152933914,0
396499.920080257,-4234.40326490985,0
396487.277245586,-4270.66701932525,0
396474.526725803,-4306.89246814938,0
396461.668636976,-4343.07928731055,0
396448.703096148,-4379.22715310403,0
396435.630221329,-4415.33574219474,0
396422.4501315,-4451.40473162115,0
396409.162946608,-4487.43379879698,0
396395.768787566,-4523.4226215155,0
396382.267776251,-4559.37087795156,0
396368.660035504,-4595.27824666488,0
396354.945689128,-4631.1444066034,0
396341.124861888,-4666.96903710527,0
396327.197679506,-4702.75181790308,0
396313.164268663,-4738.49242912562,0
396299.024756998,-4774.19055130159,0
396284.779273102,-4809.84586536244,0
396270.427946524,-4845.45805264469,0
396255.970907762,-4881.02679489396,0
396241.408288267,-4916.55177426668,0
396226.74022044,-4952.03267333396,0
396211.966837629,-4987.46917508413,0
396197.08827413,-5022.86096292526,0
396182.104665184,-5058.20772068907,0
396167.016146976,-5093.50913263255,0
396151.822856633,-5128.76488344196,0
396136.524932224,-5163.97465823516,0
396121.122512758,-5199.13814256422,0
396105.615738181,-5234.25502241928,0
396090.004749375,-5269.3249842301,0
396074.289688161,-5304.34771487004,0
396058.470697288,-5339.32290165842,0
396042.547920442,-5374.25023236302,0
396026.521502238,-5409.12939520395,0
396010.391588219,-5443.96007885517,0
395994.158324857,-5478.7419724484,0
395977.821859549,-5513.47476557553,0
395961.382340617,-5548.15814829098,0
395944.839917306,-5582.79181111564,0
395928.194739782,-5617.3754450383,0
395911.446959131,-5651.90874151951,0
395894.596727357,-5686.39139249409,0
395877.644197381,-5720.82309037322,0
395860.589523037,-5755.20352804856,0
395843.432859075,-5789.53239889364,0
395826.174361156,-5823.80939676744,0
395808.814185849,-5858.03421601725,0
395791.352490633,-5892.20655148039,0
395773.789433894,-5926.32609848842,0
395756.125174923,-5960.39255286872,0
395738.359873914,-5994.40561094749,0
395720.493691963,-6028.36496955318,0
395702.526791066,-6062.27032601785,0
395684.459334116,-6096.12137818125,0
395666.291484906,-6129.91782439282,0
395648.02340812,-6163.65936351405,0
395629.655269339,-6197.34569492232,0
395611.187235032,-6230.97651851221,0
395592.61947256,-6264.5515346991,0
395573.952150172,-6298.07044442186,0
395555.185437003,-6331.53294914446,0
395536.31950307,-6364.93875086015,0
395517.354519278,-6398.28755209295,0
395498.290657408,-6431.57905590049,0
395479.128090123,-6464.81296587744,0
395459.866990962,-6497.98898615677,0
395440.507534342,-6531.10682141354,0
395421.04989555,-6564.16617686725,0
395401.494250748,-6597.16675828357,0
395381.840776967,-6630.10827197848,0
395362.089652108,-6662.99042481949,0
395342.241054935,-6695.81292422868,0
395322.295165081,-6728.57547818596,0
395302.252163037,-6761.2777952302,0
395282.112230161,-6793.91958446311,0
395261.875548664,-6826.50055555146,0
395241.542301618,-6859.0204187287,0
395221.11267295,-6891.47888479909,0
395200.586847438,-6923.87566513897,0
395179.965010716,-6956.2104716995,0
395159.247349263,-6988.48301701007,0
395138.434050409,-7020.69301417934,0
395117.525302329,-7052.8401768989,0
395096.52129404,-7084.92421944567,0
395075.422215405,-7116.9448566833,0
395054.228257123,-7148.90180406621,0
395032.939610733,-7180.79477764107,0
395011.556468612,-7212.62349404905,0
394990.079023966,-7244.38767052949,0
394968.50747084,-7276.08702492096,0
394946.842004104,-7307.72127566438,0
394925.082819458,-7339.29014180592,0
394903.230113429,-7370.79334299808,0
394881.284083368,-7402.23059950344,0
394859.244927448,-7433.60163219671,0
394837.112844663,-7464.90616256621,0
394814.888034824,-7496.14391271784,0
394792.57069856,-7527.31460537636,0
394770.161037312,-7558.41796388765,0
394747.659253337,-7589.45371222228,0
394725.065549698,-7620.42157497647,0
394702.380130268,-7651.32127737509,0
394679.603199728,-7682.15254527458,0
394656.73496356,-7712.91510516387,0
394633.77562805,-7743.60868416796,0
394610.725400282,-7774.23301005015,0
394587.584488141,-7804.78781121316,0
394564.353100305,-7835.27281670303,0
394541.031446246,-7865.68775621071,0
394517.61973623,-7896.03236007359,0
394494.118181309,-7926.30635927944,0
394470.526993325,-7956.50948546741,0
394446.846384904,-7986.64147093029,0
394423.076569456,-8016.70204861797,0
394399.217761172,-8046.69095213825,0
394375.270175022,-8076.60791575972,0
394351.234026751,-8106.45267441464,0
394327.109532882,-8136.22496369971,0
394302.896910707,-8165.92451987946,0
394278.596378291,-8195.55107988856,0
394254.208154466,-8225.10438133268,0
394229.73245883,-8254.5841624922,0
394205.169511745,-8283.99016232402,0
394180.519534336,-8313.32212046264,0
394155.782748485,-8342.57977722398,0
394130.959376833,-8371.76287360678,0
394106.049642776,-8400.87115129399,0
394081.053770464,-8429.90435265657,0
394055.971984794,-8458.86222075451,0
394030.804511416,-8487.74449933862,0
394005.551576724,-8516.55093285415,0
393980.213407857,-8545.28126644153,0
393954.790232695,-8573.93524593863,0
393929.282279858,-8602.51261788402,0
393903.689778703,-8631.01312951759,0
393878.012959325,-8659.43652878321,0
393852.252052547,-8687.78256433158,0
393826.407289927,-8716.05098552088,0
393800.47890375,-8744.24154241965,0
393774.467127026,-8772.35398580937,0
393748.372193491,-8800.38806718509,0
393722.194337602,-8828.34353875851,0
393695.933794535,-8856.22015346029,0
393669.590800182,-8884.0176649407,0
393643.165591152,-8911.73582757288,0
393616.658404766,-8939.37439645487,0
393590.069479054,-8966.9331274103,0
393563.399052756,-8994.41177699178,0
393536.647365315,-9021.81010248272,0
393509.814656881,-9049.12786189803,0
393482.901168301,-9076.36481398762,0
393455.907141124,-9103.52071823801,0
393428.832817593,-9130.59533487313,0
393401.678440647,-9157.58842485776,0
393374.444253916,-9184.4997498991,0
393347.13050172,-9211.32907244755,0
393319.737429064,-9238.07615570019,0
393292.26528164,-9264.7407636022,0
393264.714305823,-9291.32266084772,0
393237.084748665,-9317.82161288326,0
393209.376857898,-9344.23738590915,0
393181.590881929,-9370.56974688026,0
393153.727069838,-9396.81846350953,0
393125.785671374,-9422.98330426927,0
393097.766936959,-9449.06403839194,0
393069.671117675,-9475.06043587361,0
393041.49846527,-9500.97226747527,0
393013.249232155,-9526.79930472355,0
392984.923671397,-9552.54131991417,0
392956.52203672,-9578.19808611325,0
392928.044582503,-9603.76937715798,0
392899.491563776,-9629.25496766001,0
392870.863236217,-9654.6546330068,0
392842.159856152,-9679.9681493623,0
392813.381680553,-9705.19529367012,0
392784.528967029,-9730.33584365513,0
392755.601973834,-9755.38957782393,0
392726.600959855,-9780.35627546799,0
392697.526184617,-9805.23571666533,0
392668.377908274,-9830.02768228095,0
392639.156391612,-9854.73195396982,0
392609.861896044,-9879.34831417868,0
392580.494683608,-9903.87654614644,0
392551.055016963,-9928.31643390697,0
392521.54315939,-9952.66776229109,0
392491.959374787,-9976.93031692692,0
392462.303927667,-10001.1038842424,0
392432.577083156,-10025.1882514676,0
392402.779106989,-10049.1832066349,0
392372.91026551,-10073.0885385814,0
392342.970825669,-10096.9040369511,0
392312.961055016,-10120.6294921956,0
392282.881221706,-10144.2646955759,0
392252.731594487,-10167.8094391648,0
392222.512442705,-10191.2635158478,0
392192.2240363,-10214.626719324,0
392161.866645799,-10237.8988441096,0
392131.44054232,-10261.0796855384,0
392100.945997566,-10284.1690397622,0
392070.383283821,-10307.1667037547,0
392039.752673953,-10330.072475312,0
392009.054441404,-10352.8861530529,0
391978.288860195,-10375.6075364227,0
391947.456204917,-10398.2364256937,0
391916.556750734,-10420.7726219658,0
391885.590773378,-10443.2159271694,0
391854.558549143,-10465.5661440669,0
391823.460354889,-10487.8230762529,0
391792.296468037,-10509.9865281567,0
391761.067166564,-10532.0563050443,0
391729.772729003,-10554.0322130185,0
391698.413434441,-10575.9140590209,0
391666.989562512,-10597.7016508342,0
391635.501393402,-10619.3947970829,0
391603.94920784,-10640.9933072339,0
391572.333287098,-10662.4969916001,0
391540.653912988,-10683.9056613403,0
391508.91136786,-10705.2191284601,0
391477.1059346,-10726.4372058151,0
391445.237896623,-10747.5597071114,0
391413.30753788,-10768.5864469061,0
391381.315142845,-10789.5172406102,0
391349.260996517,-10810.3519044896,0
391317.145384418,-10831.0902556657,0
391284.968592592,-10851.7321121171,0
391252.730907598,-10872.2772926821,0
391220.432616509,-10892.7256170585,0
391188.074006912,-10913.0769058051,0
391155.655366902,-10933.3309803446,0
391123.176985083,-10953.4876629633,0
391090.639150561,-10973.5467768126,0
391058.042152945,-10993.508145911,0
391025.386282344,-11013.3715951457,0
390992.671829362,-11033.1369502721,0
390959.899085099,-11052.804037917,0
390927.068341144,-11072.3726855794,0
390894.179889577,-11091.842721631,0
390861.234022965,-11111.213975318,0
390828.231034357,-11130.4862767629,0
390795.171217282,-11149.6594569652,0
390762.054865751,-11168.7333478018,0
390728.882274249,-11187.70778203,0
390695.653737734,-11206.582593288,0
390662.369551637,-11225.3576160951,0
390629.030011854,-11244.0326858542,0
390595.635414749,-11262.6076388532,0
390562.186057148,-11281.082312265,0
390528.682236338,-11299.4565441488,0
390495.124250064,-11317.7301734529,0
390461.512396523,-11335.9030400144,0
390427.84697437,-11353.97498456,0
390394.128282707,-11371.9458487087,0
390360.356621081,-11389.8154749723,0
390326.532289488,-11407.5837067557,0
390292.655588365,-11425.2503883588,0
390258.726818587,-11442.8153649784,0
390224.746281465,-11460.2784827079,0
390190.714278749,-11477.6395885385,0
390156.631112616,-11494.8985303619,0
390122.497085673,-11512.05515697,0
390088.312500956,-11529.1093180558,0
390054.077661921,-11546.0608642153,0
390019.792872447,-11562.9096469489,0
389985.458436831,-11579.6555186612,0
389951.074659788,-11596.2983326625,0
389916.641846443,-11612.8379431709,0
389882.160302334,-11629.2742053124,0
389847.630333405,-11645.6069751214,0
389813.052246008,-11661.8361095429,0
389778.426346894,-11677.9614664336,0
389743.752943217,-11693.9829045615,0
389709.032342529,-11709.9002836078,0
389674.264852774,-11725.7134641687,0
389639.450782289,-11741.4223077553,0
389604.590439803,-11757.0266767944,0
389569.684134428,-11772.5264346302,0
389534.732175662,-11787.9214455258,0
389499.734873385,-11803.2115746625,0
389464.692537856,-11818.3966881418,0
389429.60547971,-11833.4766529867,0
389394.474009953,-11848.4513371424,0
389359.298439967,-11863.320609476,0
389324.079081499,-11878.0843397793,0
389288.81624666,-11892.742398769,0
389253.510247929,-11907.2946580872,0
389218.161398141,-11921.7409903022,0
389182.770010491,-11936.0812689107,0
389147.336398528,-11950.3153683379,0
389111.860876152,-11964.4431639373,0
389076.343757617,-11978.4645319932,0
389040.78535752,-11992.3793497215,0
389005.185990802,-12006.1874952697,0
388969.54597275,-12019.8888477175,0
388933.865618986,-12033.4832870789,0
388898.145245469,-12046.970694303,0
388862.385168494,-12060.3509512732,0
388826.585704685,-12073.6239408093,0
388790.747170996,-12086.7895466688,0
388754.869884702,-12099.847653547,0
388718.954163408,-12112.7981470769,0
388683.000325035,-12125.6409138317,0
388647.008687823,-12138.3758413253,0
388610.979570324,-12151.0028180121,0
388574.913291409,-12163.5217332881,0
388538.810170253,-12175.9324774924,0
388502.670526338,-12188.2349419078,0
388466.494679454,-12200.4290187607,0
388430.28294969,-12212.5146012223,0
388394.035657435,-12224.4915834102,0
388357.753123373,-12236.3598603882,0
388321.435668482,-12248.1193281669,0
388285.083614034,-12259.7698837048,0
388248.697281584,-12271.3114249096,0
388212.276992975,-12282.7438506382,0
388175.823070334,-12294.0670606969,0
388139.335836069,-12305.2809558432,0
388102.815612861,-12316.3854377864,0
388066.262723669,-12327.3804091877,0
388029.677491725,-12338.2657736604,0
387993.060240529,-12349.0414357722,0
387956.411293847,-12359.7073010449,0
387919.73097571,-12370.2632759549,0
387883.019610412,-12380.7092679336,0
387846.277522503,-12391.0451853694,0
387809.50503679,-12401.2709376072,0
387772.702478334,-12411.3864349492,0
387735.870172446,-12421.3915886552,0
387699.008444687,-12431.2863109444,0
387662.117620857,-12441.0705149953,0
387625.198027007,-12450.7441149455,0
387588.249989423,-12460.3070258936,0
387551.273834628,-12469.7591638992,0
387514.26988938,-12479.1004459841,0
387477.238480671,-12488.3307901313,0
387440.179935721,-12497.450115287,0
387403.094581974,-12506.4583413614,0
387365.9827471,-12515.3553892282,0
387328.84475899,-12524.1411807254,0
387291.680945753,-12532.815638656,0
387254.491635714,-12541.3786867892,0
387217.277157409,-12549.8302498603,0
387180.037839586,-12558.1702535704,0
387142.774011203,-12566.3986245883,0
387105.486001418,-12574.5152905508,0
387068.174139592,-12582.5201800627,0
387030.838755288,-12590.4132226974,0
386993.480178266,-12598.1943489971,0
386956.098738477,-12605.8634904744,0
386918.694766063,-12613.4205796121,0
386881.268591359,-12620.8655498631,0
386843.820544884,-12628.1983356514,0
386806.350957338,-12635.4188723731,0
386768.860159603,-12642.5270963962,0
386731.34848274,-12649.522945061,0
386693.816257984,-12656.4063566806,0
386656.263816743,-12663.1772705416,0
386618.691490594,-12669.8356269048,0
386581.099611279,-12676.3813670049,0
386543.488510711,-12682.8144330509,0
386505.858520958,-12689.1347682271,0
386468.20997425,-12695.3423166936,0
386430.54320297,-12701.4370235861,0
386392.858539659,-12707.4188350164,0
386355.156317007,-12713.2876980727,0
386317.436867851,-12719.0435608209,0
386279.700525173,-12724.686372304,0
386241.947622101,-12730.2160825425,0
386204.1784919,-12735.6326425349,0
386166.393467973,-12740.9360042587,0
386128.592883857,-12746.12612067,0
386090.777073221,-12751.2029457038,0
386052.946369865,-12756.1664342745,0
386015.101107715,-12761.0165422768,0
385977.241620815,-12765.7532265853,0
385939.368243339,-12770.3764450549,0
385901.481309574,-12774.8861565211,0
385863.581153924,-12779.2823208009,0
385825.668110903,-12783.5648986925,0
385787.74251514,-12787.7338519754,0
385749.804701369,-12791.7891434114,0
385711.855004428,-12795.7307367442,0
385673.893759256,-12799.5585967004,0
385635.921300897,-12803.2726889888,0
385597.937964485,-12806.8729803013,0
385559.944085252,-12810.3594383134,0
385521.939998518,-12813.7320316837,0
385483.926039696,-12816.9907300546,0
385445.90254428,-12820.1355040525,0
385407.869847849,-12823.1663252879,0
385369.828286063,-12826.0831663558,0
385331.77819466,-12828.8860008357,0
385293.719909451,-12831.574803292,0
385255.653766319,-12834.1495492739,0
385217.580101219,-12836.6102153162,0
385179.499250171,-12838.9567789386,0
385141.41154926,-12841.1892186468,0
385103.31733463,-12843.307513932,0
385065.216942487,-12845.3116452714,0
385027.11070909,-12847.2015941283,0
384988.998970753,-12848.9773429522,0
384950.88206384,-12850.6388751789,0
384912.760324763,-12852.186175231,0
384874.634089977,-12853.6192285175,0
384836.503695983,-12854.9380214342,0
384798.369479318,-12856.1425413641,0
384760.231776558,-12857.2327766769,0
384722.090924313,-12858.2087167296,0
384683.947259224,-12859.0703518666,0
384645.801117959,-12859.8176734194,0
384607.652837216,-12860.4506737072,0
384569.502753714,-12860.9693460365,0
384531.351204192,-12861.3736847016,0
384493.198525407,-12861.6636849844,0
384455.045054132,-12861.8393431546,0
384416.891127153,-12861.9006564698,0
384378.737081263,-12861.8476231753,0
384340.583253266,-12861.6802425045,0
384302.429979966,-12861.3985146788,0
384264.277598173,-12861.0024409073,0
384226.126444691,-12860.4920233876,0
384187.976856323,-12859.8672653049,0
384149.829169866,-12859.1281708329,0
384111.683722106,-12858.2747451331,0
384073.540849817,-12857.3069943553,0
384035.40088976,-12856.2249256373,0
383997.264178676,-12855.0285471049,0
383959.131053288,-12853.7178678722,0
383921.001850295,-12852.2928980412,0
383882.876906369,-12850.7536487019,0
383844.756558157,-12849.1001319326,0
383806.641142272,-12847.3323607992,0
383768.530995295,-12845.4503493556,0
383730.426453768,-12843.4541126439,0
383692.327854197,-12841.3436666934,0
383654.235533044,-12839.1190285217,0
383616.149826726,-12836.7802161339,0
383578.071071614,-12834.3272485226,0
383539.999604027,-12831.7601456679,0
383501.935760233,-12829.0789285376,0
383463.879876445,-12826.2836190866,0
383425.832288814,-12823.3742402569,0
383387.793333433,-12820.350815978,0
383349.763346331,-12817.2133711663,0
383311.74266347,-12813.9619317248,0
383273.731620742,-12810.5965245435,0
383235.730553969,-12807.117177499,0
383197.739798897,-12803.5239194546,0
383159.759691194,-12799.8167802594,0
383121.790566449,-12795.9957907492,0
383083.832760169,-12792.0609827457,0
383045.886607773,-12788.0123890563,0
383007.952444594,-12783.8500434743,0
382970.030605873,-12779.5739807783,0
382932.121426757,-12775.1842367327,0
382894.225242298,-12770.6808480863,0
382856.342387446,-12766.0638525734,0
382818.473197052,-12761.3332889131,0
382780.618005862,-12756.4891968087,0
382742.777148513,-12751.5316169478,0
382704.950959532,-12746.4605910022,0
382667.139773336,-12741.276161628,0
382629.343924224,-12735.9783724644,0
382591.563746376,-12730.5672681339,0
382553.799573854,-12725.0428942424,0
382516.051740594,-12719.4052973789,0
382478.320580407,-12713.6545251147,0
382440.606426972,-12707.7906260033,0
382402.909613841,-12701.8136495806,0
382365.230474428,-12695.7236463645,0
382327.569342009,-12689.5206678539,0
382289.926549722,-12683.204766529,0
382252.302430562,-12676.7759958511,0
382214.697317379,-12670.2344102624,0
382177.111542872,-12663.5800651849,0
382139.545439592,-12656.8130170205,0
382101.999339934,-12649.9333231512,0
382064.47357614,-12642.9410419384,0
382026.968480291,-12635.8362327221,0
381989.484384303,-12628.6189558206,0
381952.021619932,-12621.2892725312,0
381914.580518767,-12613.8472451291,0
381877.161412223,-12606.2929368668,0
381839.764631544,-12598.6264119736,0
381802.390507799,-12590.8477356561,0
381765.039371881,-12582.9569740977,0
381727.711554499,-12574.9541944572,0
381690.407386177,-12566.8394648687,0
381653.127197256,-12558.6128544423,0
381615.871317888,-12550.274433263,0
381578.640078031,-12541.8242723897,0
381541.433807449,-12533.262443855,0
381504.252835709,-12524.5890206655,0
381467.09749218,-12515.8040768014,0
381429.968106025,-12506.9076872148,0
381392.865006202,-12497.8999278298,0
381355.788521463,-12488.7808755428,0
381318.738980349,-12479.5506082217,0
381281.716711186,-12470.2092047047,0
381244.722042082,-12460.7567448001,0
381207.755300929,-12451.1933092866,0
381170.816815398,-12441.5189799124,0
381133.906912932,-12431.733839394,0
381097.025920748,-12421.8379714161,0
381060.174165835,-12411.8314606318,0
381023.351974948,-12401.7143926618,0
380986.559674606,-12391.4868540926,0
380949.797591089,-12381.1489324771,0
380913.066050439,-12370.7007163348,0
380876.365378453,-12360.1422951499,0
380839.695900682,-12349.4737593709,0
380803.057942426,-12338.6952004102,0
380766.451828737,-12327.8067106445,0
380729.87788441,-12316.8083834132,0
380693.336433982,-12305.7003130174,0
380656.827801732,-12294.4825947201,0
380620.352311677,-12283.1553247463,0
380583.910287568,-12271.7186002807,0
380547.502052885,-12260.1725194679,0
380511.127930841,-12248.5171814121,0
380474.788244375,-12236.7526861765,0
380438.483316148,-12224.8791347819,0
380402.213468543,-12212.8966292063,0
380365.979023661,-12200.805272385,0
380329.780303321,-12188.6051682097,0
380293.617629052,-12176.2964215267,0
380257.491322093,-12163.8791381372,0
380221.401703392,-12151.3534247974,0
380185.349093604,-12138.7193892164,0
380149.33381308,-12125.9771400559,0
380113.356181874,-12113.1267869295,0
380077.416519739,-12100.1684404032,0
380041.515146118,-12087.1022119928,0
380005.652380146,-12073.9282141638,0
379969.828540647,-12060.6465603317,0
379934.043946131,-12047.2573648603,0
379898.29891479,-12033.7607430608,0
379862.593764498,-12020.1568111913,0
379826.928812805,-12006.445686457,0
379791.304376937,-11992.6274870081,0
379755.720773792,-11978.7023319392,0
379720.178319935,-11964.670341289,0
379684.677331603,-11950.5316360403,0
379649.218124693,-11936.2863381171,0
379613.801014763,-11921.9345703853,0
379578.426317032,-11907.476456652,0
379543.094346374,-11892.9121216644,0
379507.805417317,-11878.241691108,0
379472.559844036,-11863.4652916072,0
379437.357940359,-11848.5830507243,0
379402.200019756,-11833.5950969577,0
379367.086395338,-11818.5015597415,0
379332.01737986,-11803.3025694454,0
379296.993285711,-11787.998257373,0
379262.014424915,-11772.5887557608,0
379227.081109125,-11757.0741977777,0
379192.193649629,-11741.4547175248,0
379157.352357335,-11725.7304500332,0
379122.557542778,-11709.9015312632,0
379087.809516111,-11693.9680981051,0
379053.10858711,-11677.9302883764,0
379018.45506516,-11661.7882408213,0
378983.849259263,-11645.5420951103,0
378949.29147803,-11629.1919918394,0
378914.782029679,-11612.7380725282,0
378880.321222032,-11596.1804796192,0
378845.909362514,-11579.519356478,0
378811.54675815,-11562.7548473912,0
378777.233715558,-11545.8870975651,0
378742.970540952,-11528.9162531257,0
378708.75754014,-11511.8424611178,0
378674.595018513,-11494.6658695029,0
378640.48328105,-11477.3866271585,0
378606.422632315,-11460.0048838783,0
378572.413376451,-11442.5207903701,0
378538.455817177,-11424.9344982542,0
378504.550257789,-11407.2461600636,0
378470.697001155,-11389.4559292429,0
378436.896349712,-11371.5639601462,0
378403.148605465,-11353.5704080364,0
378369.454069981,-11335.4754290856,0
378335.813044393,-11317.2791803717,0
378302.225829387,-11298.9818198784,0
378268.692725211,-11280.583506495,0
378235.214031662,-11262.0844000139,0
378201.790048091,-11243.4846611299,0
378168.421073395,-11224.7844514391,0
378135.107406018,-11205.9839334389,0
378101.849343947,-11187.0832705248,0
378068.647184708,-11168.0826269901,0
378035.501225365,-11148.9821680264,0
378002.411762518,-11129.7820597198,0
377969.379092298,-11110.4824690509,0
377936.403510365,-11091.0835638946,0
377903.485311907,-11071.5855130175,0
377870.624791636,-11051.9884860769,0
377837.822243786,-11032.2926536201,0
377805.077962109,-11012.4981870837,0
377772.392239873,-10992.6052587909,0
377739.765369861,-10972.6140419509,0
377707.197644366,-10952.5247106589,0
377674.689355189,-10932.3374398932,0
377642.240793638,-10912.052405514,0
377609.852250522,-10891.6697842639,0
377577.524016153,-10871.1897537649,0
377545.256380337,-10850.6124925173,0
377513.049632378,-10829.9381798994,0
377480.904061073,-10809.1669961658,0
377448.819954706,-10788.2991224452,0
377416.797601049,-10767.3347407401,0
377384.837287361,-10746.2740339259,0
377352.939300379,-10725.1171857482,0
377321.103926322,-10703.864380822,0
377289.331450884,-10682.5158046315,0
377257.622159235,-10661.0716435271,0
377225.976336015,-10639.5320847245,0
377194.394265331,-10617.8973163046,0
377162.87623076,-10596.1675272104,0
377131.422515339,-10574.3429072462,0
377100.033401569,-10552.4236470769,0
377068.709171406,-10530.4099382262,0
377037.450106263,-10508.3019730741,0
377006.256487007,-10486.0999448574,0
376975.128593954,-10463.8040476675,0
376944.06670687,-10441.4144764478,0
376913.071104962,-10418.9314269939,0
376882.142066885,-10396.3550959521,0
376851.27987073,-10373.6856808165,0
376820.484794026,-10350.9233799284,0
376789.757113739,-10328.0683924759,0
376759.097106264,-10305.1209184905,0
376728.505047429,-10282.0811588463,0
376697.981212486,-10258.9493152598,0
376667.525876113,-10235.7255902864,0
376637.13931241,-10212.4101873198,0
376606.821794896,-10189.003310591,0
376576.573596506,-10165.5051651662,0
376546.394989591,-10141.9159569445,0
376516.286245911,-10118.2358926581,0
376486.247636638,-10094.4651798696,0
376456.279432347,-10070.6040269702,0
376426.381903019,-10046.652643179,0
376396.555318037,-10022.6112385412,0
376366.79994618,-9998.48002392545,0
376337.116055625,-9974.25921102389,0
376307.503913945,-9949.94901234989,0
376277.963788098,-9925.5496412355,0
376248.495944435,-9901.06131183111,0
376219.100648694,-9876.4842391038,0
376189.778165992,-9851.81863883436,0
376160.528760829,-9827.06472761686,0
376131.352697087,-9802.22272285728,0
376102.250238017,-9777.2928427703,0
376073.221646248,-9752.27530637879,0
376044.267183779,-9727.17033351257,0
376015.387111976,-9701.97814480518,0
375986.581691572,-9676.6989616931,0
375957.851182662,-9651.33300641479,0
375929.195844704,-9625.88050200728,0
375900.615936511,-9600.34167230535,0
375872.111716254,-9574.71674194058,0
375843.683441456,-9549.00593633796,0
375815.331368991,-9523.2094817149,0
375787.055755083,-9497.32760508046,0
375758.856855297,-9471.36053423174,0
375730.734924547,-9445.308497753,0
375702.690217083,-9419.17172501473,0
375674.722986495,-9392.9504461702,0
375646.83348571,-9366.64489215437,0
375619.021966986,-9340.25529468303,0
375591.288681914,-9313.78188624931,0
375563.633881411,-9287.22490012256,0
375536.057815722,-9260.58457034745,0
375508.560734414,-9233.86113174046,0
375481.142886375,-9207.05481988874,0
375453.804519812,-9180.16587114922,0
375426.545882249,-9153.19452264497,0
375399.367220521,-9126.14101226416,0
375372.268780777,-9099.00557865903,0
375345.250808473,-9071.78846124231,0
375318.313548371,-9044.4899001861,0
375291.457244538,-9017.11013642085,0
375264.682140343,-8989.6494116317,0
375237.988478451,-8962.10796825743,0
375211.376500827,-8934.48604948932,0
375184.846448729,-8906.78389926743,0
375158.398562706,-8879.00176227975,0
375132.033082598,-8851.13988396072,0
375105.750247529,-8823.19851048765,0
375079.550295911,-8795.17788877996,0
375053.433465437,-8767.07826649742,0
375027.399993078,-8738.89989203668,0
375001.450115086,-8710.64301453055,0
374975.584066984,-8682.30788384602,0
374949.802083572,-8653.89475058091,0
374924.104398916,-8625.40386606323,0
374898.491246354,-8596.83548234883,0
374872.962858486,-8568.18985221829,0
374847.519467178,-8539.46722917632,0
374822.161303555,-8510.66786744907,0
374796.888598002,-8481.79202198123,0
374771.70158016,-8452.83994843551,0
374746.600478923,-8423.81190318951,0
374721.585522436,-8394.70814333319,0
374696.656938096,-8365.52892666827,0
374671.814952544,-8336.27451170473,0
374647.059791668,-8306.94515765873,0
374622.391680597,-8277.54112445176,0
374597.8108437,-8248.06267270691,0
374573.317504583,-8218.51006374717,0
374548.91188609,-8188.88355959434,0
374524.594210295,-8159.18342296511,0
374500.364698505,-8129.40991726977,0
374476.223571255,-8099.56330661065,0
374452.171048307,-8069.6438557783,0
374428.207348645,-8039.65183025054,0
374404.332690477,-8009.58749619024,0
374380.547291228,-7979.45112044184,0
374356.851367545,-7949.24297053062,0
374333.245135284,-7918.96331465979,0
374309.728809518,-7888.61242170753,0
374286.30260453,-7858.19056122622,0
374262.96673381,-7827.698003439,0
374239.721410055,-7797.13501923738,0
374216.566845166,-7766.50188018024,0
374193.503250246,-7735.79885849002,0
374170.530835596,-7705.02622705091,0
374147.649810717,-7674.18425940746,0
374124.860384303,-7643.27322976055,0
374102.162764241,-7612.2934129662,0
374079.557157609,-7581.24508453346,0
374057.043770676,-7550.12852062064,0
374034.622808894,-7518.94399803448,0
374012.294476901,-7487.69179422713,0
373990.058978517,-7456.37218729313,0
373967.916516742,-7424.98545596847,0
373945.867293754,-7393.53187962692,0
373923.911510907,-7362.01173827776,0
373902.049368727,-7330.42531256449,0
373880.281066913,-7298.77288376081,0
373858.606804334,-7267.05473376904,0
373837.026779025,-7235.27114511819,0
373815.541188186,-7203.42240095999,0
373794.150228181,-7171.5087850679,0
373772.854094535,-7139.53058183412,0
373751.652981931,-7107.48807626642,0
373730.54708421,-7075.38155398707,0
373709.536594368,-7043.2113012291,0
373688.621704551,-7010.97760483402,0
373667.80260606,-6978.68075225031,0
373647.079489341,-6946.32103152932,0
373626.452543989,-6913.89873132381,0
373605.921958741,-6881.41414088553,0
373585.48792148,-6848.86755006148,0
373565.150619227,-6816.25924929289,0
373544.910238142,-6783.58952961167,0
373524.766963522,-6750.85868263767,0
373504.720979799,-6718.06700057735,0
373484.772470537,-6685.21477621962,0
373464.921618429,-6652.30230293416,0
373445.1686053,-6619.32987466907,0
373425.513612099,-6586.29778594707,0
373405.956818901,-6553.20633186425,0
373386.498404904,-6520.05580808665,0
373367.138548425,-6486.84651084736,0
373347.877426901,-6453.57873694512,0
373328.715216887,-6420.25278374013,0
373309.652094052,-6386.86894915227,0
373290.688233178,-6353.42753165873,0
373271.823808158,-6319.92883029005,0
373253.058991996,-6286.373144629,0
373234.393956802,-6252.76077480682,0
373215.828873791,-6219.09202150051,0
373197.363913284,-6185.36718593124,0
373178.999244703,-6151.58656986004,0
373160.735036568,-6117.75047558622,0
373142.571456499,-6083.85920594451,0
373124.508671213,-6049.91306430145,0
373106.546846521,-6015.91235455401,0
373088.686147325,-5981.85738112567,0
373070.926737619,-5947.74844896398,0
373053.268780488,-5913.58586353852,0
373035.712438102,-5879.36993083669,0
373018.257871716,-5845.10095736235,0
373000.905241671,-5810.77925013224,0
372983.654707389,-5776.40511667297,0
372966.506427371,-5741.97886501932,0
372949.460559198,-5707.50080370995,0
372932.517259527,-5672.97124178569,0
372915.676684091,-5638.39048878644,0
372898.938987694,-5603.75885474766,0
372882.304324214,-5569.07665019884,0
372865.772846597,-5534.34418615924,0
372849.344706859,-5499.56177413589,0
372833.02005608,-5464.72972612077,0
372816.799044408,-5429.84835458705,0
372800.681821051,-5394.91797248748,0
372784.66853428,-5359.93889325041,0
372768.759331425,-5324.9114307773,0
372752.954358875,-5289.83589944026,0
372737.253762076,-5254.71261407804,0
372721.657685527,-5219.54188999444,0
372706.166272782,-5184.32404295428,0
372690.779666445,-5149.0593891809,0
372675.498008172,-5113.74824535368,0
372660.321438666,-5078.39092860392,0
372645.250097677,-5042.98775651327,0
372630.284124002,-5007.53904710968,0
372615.42365548,-4972.04511886485,0
372600.668828993,-4936.50629069166,0
372586.019780463,-4900.92288194008,0
372571.476644853,-4865.29521239559,0
372557.03955616,-4829.62360227501,0
372542.708647421,-4793.90837222398,0
372528.484050706,-4758.1498433143,0
372514.365897118,-4722.3483370399,0
372500.354316792,-4686.50417531518,0
372486.449438893,-4650.61768047067,0
372472.651391614,-4614.68917525082,0
372458.960302178,-4578.71898281086,0
372445.37629683,-4542.70742671315,0
372431.899500842,-4506.65483092523,0
372418.530038509,-4470.56151981546,0
372405.268033147,-4434.42781815103,0
372392.113607091,-4398.25405109438,0
372379.066881696,-4362.04054419991,0
372366.127977335,-4325.78762341174,0
372353.297013396,-4289.49561505939,0
372340.574108282,-4253.16484585595,0
372327.959379409,-4216.79564289397,0
372315.452943206,-4180.38833364284,0
372303.054915112,-4143.94324594583,0
372290.765409575,-4107.46070801623,0
372278.584540052,-4070.94104843531,0
372266.512419005,-4034.38459614803,0
372254.549157903,-3997.79168046084,0
372242.69486722,-3961.16263103803,0
372230.94965643,-3924.49777789851,0
372219.313634012,-3887.79745141328,0
372207.786907442,-3851.06198230125,0
372196.369583199,-3814.29170162726,0
372185.061766756,-3777.48694079777,0
372173.863562586,-3740.6480315585,0
372162.775074156,-3703.7753059909,0
372151.796403927,-3666.86909650883,0
372140.927653354,-3629.92973585591,0
372130.168922885,-3592.95755710144,0
372119.520311956,-3555.95289363825,0
372108.981918996,-3518.91607917845,0
372098.55384142,-3481.84744775103,0
372088.236175632,-3444.74733369819,0
372078.029017021,-3407.61607167212,0
372067.932459963,-3370.45399663219,0
372057.946597817,-3333.26144384094,0
372048.071522925,-3296.03874886183,0
372038.307326611,-3258.78624755492,0
372028.65409918,-3221.50427607465,0
372019.111929919,-3184.1931708657,0
372009.68090709,-3146.85326866034,0
372000.361117937,-3109.4849064749,0
371991.152648676,-3072.0884216064,0
371982.055584504,-3034.66415162971,0
371973.070009588,-2997.21243439356,0
371964.196007074,-2959.73360801815,0
371955.433659076,-2922.22801089087,0
371946.783046684,-2884.69598166399,0
371938.244249955,-2847.13785925048,0
371929.81734792,-2809.55398282142,0
371921.502418577,-2771.94469180219,0
371913.299538892,-2734.31032586941,0
371905.2087848,-2696.65122494766,0
371897.2302312,-2658.96772920586,0
371889.36395196,-2621.26017905445,0
371881.610019909,-2583.5289151414,0
371873.968506843,-2545.77427834966,0
371866.439483519,-2507.99660979299,0
371859.023019657,-2470.19625081347,0
371851.719183939,-2432.37354297729,0
371844.528044007,-2394.52882807225,0
371837.449666462,-2356.66244810367,0
371830.484116865,-2318.77474529162,0
371823.631459736,-2280.86606206711,0
371816.891758551,-2242.93674106908,0
371810.265075743,-2204.98712514081,0
371803.751472702,-2167.01755732662,0
371797.351009773,-2129.02838086855,0
371791.063746256,-2091.01993920286,0
371784.889740402,-2052.99257595687,0
371778.82904942,-2014.94663494527,0
371772.881729468,-1976.88246016707,0
371767.047835657,-1938.80039580186,0
371761.32742205,-1900.70078620685,0
371755.720541659,-1862.58397591297,0
371750.227246448,-1824.45030962199,0
371744.847587329,-1786.30013220261,0
371739.581614162,-1748.13378868761,0
371734.429375758,-1709.95162426985,0
371729.390919873,-1671.75398429943,0
371724.466293211,-1633.54121427977,0
371719.655541423,-1595.31365986469,0
371714.958709106,-1557.0716668545,0
371710.375839802,-1518.81558119304,0
371705.906975997,-1480.54574896388,0
371701.552159123,-1442.26251638719,0
371697.311429555,-1403.9662298161,0
371693.184826613,-1365.65723573342,0
371689.172388558,-1327.33588074812,0
371685.274152596,-1289.00251159193,0
371681.490154871,-1250.65747511596,0
371677.820430474,-1212.30111828712,0
371674.265013433,-1173.93378818488,0
371670.823936719,-1135.5558319976,0
371667.497232244,-1097.16759701937,0
371664.284930858,-1058.76943064623,0
371661.187062352,-1020.36168037308,0
371658.203655457,-981.944693789921,0
371655.334737842,-943.518818578636,0
371652.580336116,-905.084402509395,0
371649.940475824,-866.641793437255,0
371647.415181453,-828.191339298785,0
371645.004476424,-789.733388108411,0
371642.708383098,-751.268287955222,0
371640.526922772,-712.796386999243,0
371638.46011568,-674.318033468224,0
371636.507980995,-635.83357565402,0
371634.670536823,-597.343361909145,0
371632.94780021,-558.84774064342,0
371631.339787136,-520.347060320368,0
371629.846512517,-481.841669453853,0
371628.467990206,-443.331916604584,0
371627.20423299,-404.818150376616,0
371626.055252593,-366.300719413954,0
371625.021059674,-327.779972397032,0
371624.101663826,-289.256258039236,0
371623.29707358,-250.729925083518,0
371622.607296398,-212.201322298842,0
371622.03233868,-173.670798476735,0
371621.57220576,-135.138702427846,0
371621.226901906,-96.6053829784768,0
371620.996430323,-58.0711889670747,0
371620.880793147,-19.5364692407894,0
371620.879991453,18.9984273480045,0
371620.994025246,57.5331519451527,0
371621.22289347,96.0673556982312,0
371621.566594001,134.60068975999,0
371622.025123651,173.132805291836,0
371622.598478165,211.663353467278,0
371623.286652225,250.191985475434,0
371624.089639447,288.718352524468,0
371625.007432381,327.242105845075,0
371626.040022513,365.762896693939,0
371627.187400265,404.280376357225,0
371628.449554991,442.794196153999,0
371629.826474984,481.304007439753,0
371631.31814747,519.809461609833,0
371632.924558612,558.310210102894,0
371634.645693509,596.80590440441,0
371636.481536195,635.296196050131,0
371638.432069639,673.780736629452,0
371640.497275751,712.259177789038,0
371642.677135371,750.731171236159,0
371644.971628282,789.19636874216,0
371647.3807332,827.65442214604,0
371649.90442778,866.104983357698,0
371652.542688615,904.547704361614,0
371655.295491233,942.982237220168,0
371658.162810104,981.408234077074,0
371661.144618634,1019.825347161,0
371664.240889169,1058.23322878879,0
371667.451592992,1096.63153136912,0
371670.776700328,1135.01990740579,0
371674.21618034,1173.39800950128,0
371677.770001132,1211.76549036013,0
371681.438129748,1250.12200279241,0
371685.220532174,1288.46719971719,0
371689.117173335,1326.80073416585,0
371693.1280171,1365.12225928577,0
371697.253026279,1403.4314283434,0
371701.492162626,1441.72789472816,0
371705.845386834,1480.01131195534,0
371710.312658545,1518.28133367005,0
371714.893936342,1556.53761365022,0
371719.589177751,1594.77980581033,0
371724.398339246,1633.00756420461,0
371729.321376246,1671.22054303065,0
371734.358243113,1709.41839663265,0
371739.508893158,1747.60077950498,0
371744.77327864,1785.76734629548,0
371750.151350764,1823.91775180892,0
371755.643059683,1862.05165101043,0
371761.248354499,1900.16869902886,0
371766.967183265,1938.2685511602,0
371772.799492982,1976.35086287098,0
371778.745229602,2014.41528980168,0
371784.804338029,2052.4614877701,0
371790.976762118,2090.48911277476,0
371797.262444678,2128.49782099828,0
371803.661327469,2166.48726881081,0
371810.173351207,2204.45711277334,0
371816.798455562,2242.40700964109,0
371823.536579159,2280.336616367,0
371830.387659579,2318.24559010486,0
371837.35163336,2356.13358821303,0
371844.428435997,2394.00026825735,0
371851.618001944,2431.84528801502,0
371858.920264614,2469.66830547742,0
371866.335156379,2507.46897885404,0
371873.862608573,2545.24696657517,0
371881.502551489,2583.001927296,0
371889.254914385,2620.73351989914,0
371897.11962548,2658.4414034988,0
371905.096611958,2696.12523744333,0
371913.185799968,2733.78468131927,0
371921.387114623,2771.41939495405,0
371929.700480004,2809.02903841984,0
371938.125819158,2846.61327203645,0
371946.663054102,2884.17175637493,0
371955.312105821,2921.70415226079,0
371964.072894269,2959.21012077715,0
371972.945338374,2996.68932326847,0
371981.929356033,3034.14142134317,0
371991.024864117,3071.5660768778,0
372000.231778472,3108.96295201933,0
372009.550013916,3146.33170918946,0
372018.979484246,3183.67201108697,0
372028.520102234,3220.98352069175,0
372038.17177963,3258.26590126751,0
372047.934427164,3295.51881636541,0
372057.807954544,3332.74192982721,0
372067.79227046,3369.93490578833,0
372077.887282584,3407.09740868163,0
372088.092897571,3444.22910323982,0
372098.409021061,3481.32965449975,0
372108.835557677,3518.39872780456,0
372119.37241103,3555.43598880789,0
372130.019483719,3592.44110347637,0
372140.77667733,3629.41373809321,0
372151.643892439,3666.35355926151,0
372162.621028614,3703.26023390693,0
372173.707984414,3740.13342928179,0
372184.904657392,3776.97281296717,0
372196.210944093,3813.77805287725,0
372207.626740061,3850.54881726149,0
372219.151939835,3887.28477470855,0
372230.786436951,3923.98559414912,0
372242.530123946,3960.65094485901,0
372254.382892356,3997.28049646282,0
372266.344632719,4033.87391893626,0
372278.415234578,4070.43088261036,0
372290.594586476,4106.95105817357,0
372302.882575964,4143.43411667569,0
372315.279089601,4179.87972953075,0
372327.784012951,4216.28756851978,0
372340.39723059,4252.65730579484,0
372353.118626103,4288.98861388092,0
372365.948082087,4325.28116568031,0
372378.885480152,4361.53463447475,0
372391.930700926,4397.74869392896,0
372405.083624048,4433.92301809395,0
372418.344128178,4470.05728140934,0
372431.712090993,4506.15115870756,0
372445.187389191,4542.20432521574,0
372458.769898491,4578.21645655981,0
372472.459493636,4614.18722876694,0
372486.256048393,4650.11631826867,0
372500.159435553,4686.00340190449,0
372514.169526936,4721.84815692388,0
372528.286193392,4757.65026099057,0
372542.509304799,4793.40939218455,0
372556.838730066,4829.12522900557,0
372571.274337138,4864.79745037646,0
372585.815992992,4900.42573564512,0
372600.463563643,4936.00976458895,0
372615.216914142,4971.54921741653,0
372630.07590858,5007.04377477141,0
372645.040410089,5042.49311773511,0
372660.110280843,5077.89692782928,0
372675.285382059,5113.25488702001,0
372690.565574,5148.56667771942,0
372705.950715976,5183.83198278958,0
372721.440666344,5219.05048554531,0
372737.035282514,5254.22186975639,0
372752.734420945,5289.34581965183,0
372768.537937151,5324.4220199214,0
372784.445685699,5359.45015571955,0
372800.457520213,5394.4299126681,0
372816.573293377,5429.36097685855,0
372832.792856934,5464.24303485616,0
372849.116061686,5499.07577370157,0
372865.5427575,5533.85888091458,0
372882.072793309,5568.59204449694,0
372898.706017111,5603.27495293444,0
372915.442275971,5637.9072952011,0
372932.281416025,5672.48876076075,0
372949.223282482,5707.01903957064,0
372966.267719622,5741.49782208436,0
372983.4145708,5775.9247992538,0
373000.66367845,5810.29966253327,0
373018.014884081,5844.62210388122,0
373035.468028285,5878.89181576351,0
373053.022950735,5913.10849115663,0
373070.679490188,5947.27182354936,0
373088.437484485,5981.38150694696,0
373106.296770556,6015.43723587296,0
373124.25718442,6049.4387053721,0
373142.318561187,6083.38561101381,0
373160.480735057,6117.27764889374,0
373178.743539327,6151.11451563769,0
373197.106806391,6184.89590840388,0
373215.570367739,6218.62152488516,0
373234.134053963,6252.29106331305,0
373252.797694754,6285.90422245904,0
373271.56111891,6319.46070163815,0
373290.424154333,6352.96020071182,0
373309.386628032,6386.40242008947,0
373328.448366126,6419.78706073269,0
373347.609193846,6453.11382415692,0
373366.868935534,6486.38241243409,0
373386.227414649,6519.59252819633,0
373405.684453766,6552.74387463717,0
373425.239874578,6585.83615551529,0
373444.893497902,6618.86907515707,0
373464.645143675,6651.8423384582,0
373484.494630958,6684.75565088793,0
373504.441777941,6717.60871849038,0
373524.486401942,6750.40124788745,0
373544.628319408,6783.13294628226,0
373564.86734592,6815.8035214603,0
373585.203296194,6848.41268179322,0
373605.635984081,6880.96013624122,0
373626.165222572,6913.44559435461,0
373646.790823796,6945.86876627799,0
373667.512599029,6978.22936275161,0
373688.330358687,7010.52709511398,0
373709.243912334,7042.76167530547,0
373730.253068685,7074.9328158693,0
373751.357635603,7107.04022995518,0
373772.557420105,7139.08363132185,0
373793.85222836,7171.06273433836,0
373815.241865699,7202.97725398824,0
373836.726136608,7234.82690587096,0
373858.304844734,7266.61140620416,0
373879.97779289,7298.33047182741,0
373901.744783051,7329.98382020324,0
373923.60561636,7361.57116942026,0
373945.560093131,7393.09223819613,0
373967.608012848,7424.54674587859,0
373989.749174169,7455.93441244928,0
374011.983374928,7487.25495852577,0
374034.310412136,7518.50810536304,0
374056.730081984,7549.69357485749,0
374079.242179846,7580.81108954822,0
374101.846500281,7611.86037261926,0
374124.542837032,7642.84114790321,0
374147.330983032,7673.75313988217,0
374170.210730405,7704.59607369074,0
374193.181870468,7735.36967511895,0
374216.244193733,7766.07367061321,0
374239.397489908,7796.70778727985,0
374262.641547902,7827.27175288737,0
374285.976155825,7857.76529586757,0
374309.401100991,7888.18814531946,0
374332.916169922,7918.54003101077,0
374356.521148344,7948.82068337963,0
374380.215821199,7979.02983353835,0
374403.999972636,8009.16721327448,0
374427.873386025,8039.2325550531,0
374451.835843948,8069.22559202024,0
374475.88712821,8099.14605800367,0
374500.027019835,8128.99368751578,0
374524.255299075,8158.76821575648,0
374548.571745404,8188.46937861396,0
374572.976137527,8218.09691266801,0
374597.46825338,8247.65055519238,0
374622.04787013,8277.13004415562,0
374646.714764181,8306.53511822477,0
374671.468711175,8335.86551676711,0
374696.309485992,8365.12097985134,0
374721.236862758,8394.30124825127,0
374746.25061484,8423.40606344726,0
374771.350514853,8452.4351676276,0
374796.536334661,8481.38830369227,0
374821.807845381,8510.2652152539,0
374847.164817382,8539.06564663968,0
374872.607020291,8567.78934289481,0
374898.134222991,8596.43604978328,0
374923.746193629,8625.00551379014,0
374949.442699612,8653.49748212468,0
374975.223507615,8681.91170272107,0
375001.08838358,8710.24792424095,0
375027.03709272,8738.50589607634,0
375053.06939952,8766.68536835015,0
375079.185067738,8794.78609191914,0
375105.383860415,8822.80781837642,0
375131.665539865,8850.75030005201,0
375158.029867689,8878.613290016,0
375184.476604772,8906.39654208076,0
375211.005511283,8934.09981080154,0
375237.616346683,8961.72285147978,0
375264.308869724,8989.26542016502,0
375291.082838453,9016.72727365561,0
375317.938010212,9044.10816950207,0
375344.874141643,9071.40786600883,0
375371.890988689,9098.62612223494,0
375398.988306597,9125.76269799756,0
375426.165849921,9152.81735387342,0
375453.423372522,9179.78985119971,0
375480.760627573,9206.67995207744,0
375508.177367561,9233.48741937293,0
375535.673344289,9260.21201671859,0
375563.248308878,9286.85350851637,0
375590.902011769,9313.41165993913,0
375618.634202729,9339.88623693141,0
375646.444630848,9366.2770062129,0
375674.333044546,9392.58373527976,0
375702.299191573,9418.80619240531,0
375730.342819012,9444.94414664357,0
375758.463673284,9470.99736783046,0
375786.661500145,9496.96562658453,0
375814.936044693,9522.84869431045,0
375843.28705137,9548.64634320019,0
375871.714263961,9574.35834623371,0
375900.217425603,9599.98447718241,0
375928.796278782,9625.52451061032,0
375957.450565334,9650.97822187479,0
375986.180026456,9676.3453871298,0
376014.9844027,9701.62578332724,0
376043.863433978,9726.81918821753,0
376072.816859568,9751.92538035286,0
376101.844418111,9776.94413908854,0
376130.945847617,9801.87524458357,0
376160.120885468,9826.71847780369,0
376189.369268418,9851.47362052296,0
376218.690732596,9876.14045532418,0
376248.085013512,9900.71876560182,0
376277.551846054,9925.20833556376,0
376307.090964495,9949.6089502316,0
376336.702102493,9973.92039544346,0
376366.384993097,9998.14245785587,0
376396.139368743,10022.274924944,0
376425.964961263,10046.3175850044,0
376455.861501885,10070.2702271567,0
376485.828721237,10094.1326413443,0
376515.866349344,10117.9046183364,0
376545.974115639,10141.5859497304,0
376576.151748961,10165.1764279522,0
376606.398977555,10188.6758462578,0
376636.71552908,10212.0839987364,0
376667.10113061,10235.4006803104,0
376697.555508631,10258.625686737,0
376728.078389055,10281.7588146108,0
376758.66949721,10304.7998613647,0
376789.328557851,10327.7486252705,0
376820.05529516,10350.6049054423,0
376850.849432749,10373.3685018367,0
376881.71069366,10396.0392152542,0
376912.638800372,10418.6168473412,0
376943.633474801,10441.101200592,0
376974.694438302,10463.4920783484,0
377005.821411672,10485.789284803,0
377037.014115156,10507.9926250004,0
377068.272268445,10530.1019048372,0
377099.59559068,10552.116931065,0
377130.983800455,10574.0375112914,0
377162.43661582,10595.863453981,0
377193.953754284,10617.5945684569,0
377225.534932816,10639.2306649027,0
377257.179867849,10660.7715543633,0
377288.88827528,10682.2170487458,0
377320.659870477,10703.5669608225,0
377352.49436828,10724.8211042309,0
377384.391483,10745.9792934746,0
377416.350928426,10767.0413439264,0
377448.372417828,10788.0070718287,0
377480.455663955,10808.876294294,0
377512.600379041,10829.6488293075,0
377544.806274809,10850.3244957282,0
377577.073062471,10870.9031132894,0
377609.400452728,10891.3845026004,0
377641.788155783,10911.7684851489,0
377674.235881329,10932.0548833004,0
377706.743338565,10952.2435203003,0
377739.310236189,10972.3342202756,0
377771.936282409,10992.3268082361,0
377804.621184937,11012.2211100741,0
377837.364650997,11032.016952568,0
377870.166387329,11051.7141633822,0
377903.026100186,11071.3125710679,0
377935.943495341,11090.8120050651,0
377968.91827809,11110.2122957043,0
378001.950153252,11129.5132742063,0
378035.038825171,11148.7147726838,0
378068.183997723,11167.8166241438,0
378101.385374317,11186.8186624875,0
378134.642657894,11205.7207225111,0
378167.955550933,11224.5226399084,0
378201.323755456,11243.2242512714,0
378234.746973024,11261.8253940905,0
378268.224904746,11280.3259067566,0
378301.757251278,11298.7256285626,0
378335.343712829,11317.0243997034,0
378368.983989158,11335.222061277,0
378402.677779583,11353.3184552871,0
378436.42478298,11371.3134246431,0
378470.224697785,11389.2068131605,0
378504.077222002,11406.9984655633,0
378537.982053198,11424.6882274849,0
378571.938888512,11442.2759454682,0
378605.947424654,11459.7614669671,0
378640.00735791,11477.1446403486,0
378674.118384144,11494.4253148925,0
378708.280198797,11511.603340792,0
378742.492496897,11528.6785691568,0
378776.754973056,11545.6508520128,0
378811.067321475,11562.5200423023,0
378845.429235945,11579.2859938864,0
378879.840409852,11595.948561546,0
378914.300536177,11612.5076009817,0
378948.809307502,11628.962968815,0
378983.366416009,11645.3145225905,0
379017.971553487,11661.5621207757,0
379052.624411329,11677.7056227617,0
379087.32468054,11693.744888865,0
379122.072051738,11709.6797803286,0
379156.866215155,11725.5101593219,0
379191.706860642,11741.2358889419,0
379226.593677669,11756.856833215,0
379261.526355333,11772.3728570973,0
379296.504582354,11787.7838264747,0
379331.528047081,11803.0896081652,0
379366.596437496,11818.2900699194,0
379401.709441214,11833.3850804206,0
379436.866745488,11848.374509286,0
379472.06803721,11863.2582270684,0
379507.313002914,11878.0361052566,0
379542.60132878,11892.7080162749,0
379577.932700635,11907.273833486,0
379613.306803957,11921.7334311911,0
379648.723323878,11936.0866846301,0
379684.181945182,11950.3334699827,0
379719.682352316,11964.4736643698,0
379755.224229387,11978.5071458541,0
379790.807260166,11992.4337934401,0
379826.431128088,12006.2534870756,0
379862.095516263,12019.9661076527,0
379897.800107469,12033.5715370082,0
379933.544584159,12047.0696579238,0
379969.328628465,12060.4603541279,0
380005.151922199,12073.7435102963,0
380041.014146856,12086.9190120518,0
380076.914983615,12099.9867459658,0
380112.854113346,12112.9465995594,0
380148.83121661,12125.7984613035,0
380184.845973659,12138.5422206192,0
380220.898064444,12151.1777678791,0
380256.987168615,12163.7049944084,0
380293.112965524,12176.1237924848,0
380329.275134227,12188.4340553388,0
380365.473353487,12200.6356771557,0
380401.70730178,12212.7285530759,0
380437.976657293,12224.7125791945,0
380474.281097926,12236.5876525627,0
380510.620301302,12248.353671189,0
380546.993944763,12260.0105340396,0
380583.401705373,12271.5581410378,0
380619.843259925,12282.9963930658,0
380656.318284941,12294.3251919657,0
380692.826456673,12305.5444405395,0
380729.36745111,12316.6540425488,0
380765.940943975,12327.653902717,0
380802.546610736,12338.5439267295,0
380839.184126601,12349.3240212338,0
380875.85316652,12359.9940938397,0
380912.553405198,12370.554053121,0
380949.284517087,12381.003808616,0
380986.046176394,12391.3432708269,0
381022.838057081,12401.572351221,0
381059.659832869,12411.6909622316,0
381096.511177244,12421.6990172587,0
381133.391763454,12431.5964306684,0
381170.301264513,12441.3831177939,0
381207.239353207,12451.0589949368,0
381244.205702096,12460.6239793673,0
381281.199983514,12470.0779893238,0
381318.221869571,12479.4209440138,0
381355.271032161,12488.6527636155,0
381392.347142961,12497.7733692771,0
381429.449873434,12506.7826831175,0
381466.578894831,12515.6806282264,0
381503.733878197,12524.4671286661,0
381540.914494371,12533.1421094709,0
381578.120413987,12541.7054966474,0
381615.351307481,12550.1572171752,0
381652.606845091,12558.4971990079,0
381689.886696862,12566.725371073,0
381727.190532647,12574.8416632723,0
381764.518022105,12582.8460064819,0
381801.868834714,12590.7383325538,0
381839.242639769,12598.5185743157,0
381876.639106381,12606.1866655709,0
381914.05790348,12613.7425410989,0
381951.498699827,12621.1861366566,0
381988.961164008,12628.517388978,0
382026.444964438,12635.7362357745,0
382063.949769362,12642.842615735,0
382101.475246865,12649.8364685272,0
382139.02106487,12656.7177347977,0
382176.586891139,12663.4863561716,0
382214.172393276,12670.1422752531,0
382251.777238733,12676.6854356263,0
382289.401094813,12683.1157818557,0
382327.04362867,12689.4332594858,0
382364.704507308,12695.6378150414,0
382402.383397593,12701.7293960283,0
382440.07996625,12707.7079509339,0
382477.793879867,12713.5734292271,0
382515.524804895,12719.325781358,0
382553.272407655,12724.9649587592,0
382591.036354338,12730.4909138457,0
382628.816311012,12735.9036000152,0
382666.611943616,12741.202971648,0
382704.422917969,12746.3889841073,0
382742.248899774,12751.4615937404,0
382780.08955462,12756.4207578779,0
382817.944547978,12761.2664348341,0
382855.813545212,12765.9985839074,0
382893.696211578,12770.6171653807,0
382931.59221223,12775.1221405215,0
382969.501212215,12779.5134715817,0
383007.422876483,12783.7911217984,0
383045.356869889,12787.9550553937,0
383083.302857194,12792.0052375753,0
383121.260503067,12795.9416345361,0
383159.229472086,12799.7642134547,0
383197.209428749,12803.4729424959,0
383235.20003747,12807.0677908102,0
383273.200962577,12810.5487285344,0
383311.211868327,12813.9157267916,0
383349.2324189,12817.1687576916,0
383387.262278405,12820.3077943305,0
383425.301110879,12823.3328107913,0
383463.348580295,12826.2437821439,0
383501.404350563,12829.0406844454,0
383539.46808553,12831.7234947396,0
383577.539448984,12834.2921910579,0
383615.618104659,12836.7467524188,0
383653.703716237,12839.0871588285,0
383691.795947346,12841.3133912803,0
383729.894461571,12843.4254317555,0
383767.99892245,12845.4232632229,0
383806.108993478,12847.306869639,0
383844.224338113,12849.0762359483,0
383882.344619774,12850.7313480829,0
383920.46950185,12852.272192963,0
383958.598647693,12853.6987584967,0
383996.731720633,12855.0110335801,0
384034.86838397,12856.2090080975,0
384073.008300981,12857.292672921,0
384111.151134926,12858.262019911,0
384149.296549044,12859.1170419157,0
384187.444206562,12859.8577327718,0
384225.593770692,12860.4840873037,0
384263.74490464,12860.9961013243,0
384301.897271602,12861.3937716342,0
384340.050534772,12861.6770960223,0
384378.204357343,12861.8460732655,0
384416.358402509,12861.9007031287,0
384454.512333467,12861.8409863647,0
384492.665813423,12861.6669247144,0
384530.818505591,12861.3785209064,0
384568.970073199,12860.9757786572,0
384607.120179489,12860.4587026712,0
384645.268487721,12859.8272986402,0
384683.414661175,12859.0815732439,0
384721.558363156,12858.2215341494,0
384759.699256993,12857.2471900113,0
384797.837006044,12856.1585504716,0
384835.971273701,12854.9556261594,0
384874.101723386,12853.6384286911,0
384912.228018561,12852.2069706701,0
384950.349822726,12850.6612656868,0
384988.466799423,12849.0013283183,0
385026.578612242,12847.2271741284,0
385064.684924816,12845.3388196674,0
385102.785400832,12843.336282472,0
385140.87970403,12841.2195810652,0
385178.967498204,12838.9887349561,0
385217.048447206,12836.6437646396,0
385255.122214953,12834.1846915964,0
385293.188465423,12831.6115382928,0
385331.24686266,12828.9243281805,0
385369.297070781,12826.1230856964,0
385407.338753973,12823.2078362623,0
385445.371576496,12820.1786062851,0
385483.395202691,12817.035423156,0
385521.409296978,12813.7783152506,0
385559.41352386,12810.407311929,0
385597.407547923,12806.922443535,0
385635.391033847,12803.3237413961,0
385673.363646398,12799.6112378233,0
385711.325050439,12795.7849661109,0
385749.274910928,12791.8449605363,0
385787.212892924,12787.7912563592,0
385825.138661585,12783.6238898221,0
385863.051882176,12779.3428981499,0
385900.952220069,12774.948319549,0
385938.839340747,12770.4401932073,0
385976.712909804,12765.8185592947,0
386014.572592949,12761.0834589617,0
386052.418056013,12756.2349343396,0
386090.248964945,12751.27302854,0
386128.064985818,12746.197785655,0
386165.86578483,12741.0092507564,0
386203.651028313,12735.7074698951,0
386241.420382726,12730.2924901014,0
386279.173514663,12724.7643593848,0
386316.910090857,12719.1231267327,0
386354.629778181,12713.3688421107,0
386392.33224365,12707.5015564621,0
386430.017154423,12701.5213217082,0
386467.684177808,12695.4281907466,0
386505.332981266,12689.2222174515,0
386542.963232408,12682.9034566738,0
386580.574599002,12676.4719642403,0
386618.166748976,12669.9277969529,0
386655.73935042,12663.2710125885,0
386693.292071588,12656.5016698987,0
386730.824580898,12649.6198286099,0
386768.336546939,12642.6255494217,0
386805.827638478,12635.518894007,0
386843.29752445,12628.2999250118,0
386880.745873969,12620.968706055,0
386918.172356331,12613.5253017272,0
386955.576641017,12605.9697775903,0
386992.958397691,12598.3022001774,0
387030.317296207,12590.522636993,0
387067.653006607,12582.6311565111,0
387104.965199134,12574.6278281753,0
387142.253544221,12566.5127223985,0
387179.517712504,12558.2859105629,0
387216.757374818,12549.9474650184,0
387253.972202207,12541.4974590825,0
387291.16186592,12532.9359670398,0
387328.326037416,12524.2630641423,0
387365.464388367,12515.4788266077,0
387402.576590662,12506.5833316189,0
387439.662316408,12497.576657324,0
387476.72123793,12488.4588828365,0
387513.75302778,12479.230088233,0
387550.757358736,12469.8903545536,0
387587.733903805,12460.439763801,0
387624.682336224,12450.8783989409,0
387661.602329465,12441.2063439005,0
387698.493557239,12431.4236835673,0
387735.355693497,12421.5305037897,0
387772.188412428,12411.5268913768,0
387808.99138847,12401.4129340961,0
387845.764296311,12391.1887206736,0
387882.506810886,12380.8543407938,0
387919.218607382,12370.409885099,0
387955.899361246,12359.8554451876,0
387992.548748182,12349.1911136141,0
388029.166444156,12338.4169838888,0
388065.752125395,12327.5331504772,0
388102.305468396,12316.5397087983,0
388138.826149926,12305.4367552247,0
388175.313847022,12294.2243870821,0
388211.768236994,12282.9027026487,0
388248.188997434,12271.4718011533,0
388284.575806213,12259.9317827756,0
388320.928341482,12248.2827486461,0
388357.246281679,12236.5248008443,0
388393.529305533,12224.6580423979,0
388429.777092059,12212.6825772826,0
388465.98932057,12200.5985104222,0
388502.165670671,12188.405947686,0
388538.30582227,12176.1049958889,0
388574.409455575,12163.6957627912,0
388610.476251097,12151.1783570978,0
388646.505889655,12138.5528884563,0
388682.498052379,12125.8194674567,0
388718.452420709,12112.9782056317,0
388754.3686764,12100.0292154551,0
388790.246501527,12086.9726103402,0
388826.085578485,12073.80850464,0
388861.885589989,12060.5370136469,0
388897.646219081,12047.1582535908,0
388933.367149134,12033.672341638,0
388969.048063849,12020.0793958917,0
389004.68864726,12006.3795353908,0
389040.288583741,11992.5728801081,0
389075.847558003,11978.65955095,0
389111.365255098,11964.6396697563,0
389146.841360422,11950.5133592989,0
389182.27555972,11936.28074328,0
389217.667539085,11921.9419463324,0
389253.016984963,11907.4970940188,0
389288.323584155,11892.9463128298,0
389323.58702382,11878.2897301832,0
389358.806991476,11863.5274744243,0
389393.983175003,11848.6596748239,0
389429.115262652,11833.6864615773,0
389464.202943037,11818.6079658035,0
389499.245905143,11803.4243195454,0
389534.243838331,11788.1356557672,0
389569.196432339,11772.742108354,0
389604.103377279,11757.2438121115,0
389638.96436365,11741.6409027647,0
389673.779082332,11725.9335169561,0
389708.547224593,11710.1217922454,0
389743.268482089,11694.2058671096,0
389777.94254687,11678.1858809399,0
389812.56911138,11662.0619740416,0
389847.14786846,11645.834287634,0
389881.678511351,11629.5029638483,0
389916.160733697,11613.0681457267,0
389950.594229548,11596.5299772211,0
389984.978693361,11579.8886031938,0
390019.313820002,11563.1441694143,0
390053.599304755,11546.2968225586,0
390087.834843315,11529.3467102098,0
390122.020131796,11512.2939808556,0
390156.154866737,11495.1387838868,0
390190.238745097,11477.8812695973,0
390224.271464262,11460.5215891834,0
390258.252722048,11443.0598947411,0
390292.182216702,11425.4963392655,0
390326.059646904,11407.8310766513,0
390359.884711774,11390.0642616897,0
390393.657110868,11372.1960500676,0
390427.376544187,11354.2265983673,0
390461.042712173,11336.1560640655,0
390494.65531572,11317.9846055305,0
390528.214056169,11299.7123820223,0
390561.718635313,11281.3395536921,0
390595.168755402,11262.8662815797,0
390628.564119144,11244.2927276124,0
390661.904429704,11225.6190546053,0
390695.189390713,11206.8454262587,0
390728.418706268,11187.9720071569,0
390761.592080933,11168.9989627679,0
390794.70921974,11149.9264594419,0
390827.7698282,11130.7546644093,0
390860.773612297,11111.4837457801,0
390893.720278492,11092.1138725432,0
390926.609533729,11072.6452145642,0
390959.441085436,11053.0779425838,0
390992.214641527,11033.4122282185,0
391024.929910404,11013.6482439575,0
391057.586600961,10993.7861631614,0
391090.184422588,10973.8261600623,0
391122.723085167,10953.7684097618,0
391155.202299084,10933.6130882289,0
391187.621775225,10913.3603722994,0
391219.981224979,10893.0104396758,0
391252.280360244,10872.5634689234,0
391284.518893427,10852.0196394706,0
391316.696537445,10831.379131608,0
391348.813005734,10810.6421264858,0
391380.868012243,10789.8088061126,0
391412.861271442,10768.8793533551,0
391444.792498324,10747.8539519362,0
391476.661408408,10726.7327864325,0
391508.467717737,10705.5160422745,0
391540.211142887,10684.2039057451,0
391571.891400965,10662.7965639767,0
391603.508209615,10641.294204951,0
391635.061287015,10619.6970174981,0
391666.550351886,10598.0051912937,0
391697.975123492,10576.218916858,0
391729.33532164,10554.3383855554,0
391760.630666687,10532.3637895919,0
391791.86087954,10510.2953220132,0
391823.025681656,10488.1331767051,0
391854.124795051,10465.8775483905,0
391885.157942298,10443.5286326279,0
391916.124846528,10421.0866258108,0
391947.025231438,10398.551725166,0
391977.858821288,10375.924128751,0
392008.625340909,10353.2040354539,0
392039.324515699,10330.3916449916,0
392069.95607163,10307.4871579073,0
392100.519735252,10284.4907755698,0
392131.01523369,10261.4027001723,0
392161.442294649,10238.2231347298,0
392191.800646421,10214.9522830779,0
392222.090017878,10191.5903498724,0
392252.310138485,10168.1375405858,0
392282.460738294,10144.5940615067,0
392312.541547951,10120.9601197389,0
392342.552298698,10097.2359231984,0
392372.492722375,10073.4216806123,0
392402.36255142,10049.517601518,0
392432.161518876,10025.5238962607,0
392461.889358392,10001.4407759913,0
392491.545804223,9977.26845266624,0
392521.130591233,9953.00713904501,0
392550.643454903,9928.65704868779,0
392580.084131325,9904.21839595521,0
392609.452357211,9879.69139600607,0
392638.747869891,9855.07626479483,0
392667.97040732,9830.37321907123,0
392697.119708075,9805.5824763783,0
392726.195511362,9780.70425504953,0
392755.197557018,9755.73877420853,0
392784.12558551,9730.68625376715,0
392812.97933794,9705.54691442256,0
392841.758556049,9680.32097765668,0
392870.462982214,9655.00866573466,0
392899.092359457,9629.61020170166,0
392927.646431443,9604.12580938225,0
392956.124942484,9578.55571337903,0
392984.527637541,9552.90013906932,0
393012.854262228,9527.1593126044,0
393041.104562809,9501.33346090834,0
393069.278286208,9475.42281167447,0
393097.375180007,9449.4275933647,0
393125.394992447,9423.34803520829,0
393153.337472436,9397.18436719833,0
393181.202369546,9370.93682009095,0
393208.989434015,9344.60562540415,0
393236.698416756,9318.19101541426,0
393264.329069352,9291.69322315508,0
393291.881144061,9265.11248241665,0
393319.354393821,9238.4490277418,0
393346.748572249,9211.70309442518,0
393374.063433643,9184.87491851202,0
393401.298732988,9157.96473679466,0
393428.454225954,9130.97278681158,0
393455.529668902,9103.8993068461,0
393482.524818883,9076.7445359229,0
393509.439433645,9049.508713807,0
393536.27327163,9022.19208100253,0
393563.026091978,8994.79487874907,0
393589.697654532,8967.31734902079,0
393616.287719838,8939.759734525,0
393642.796049148,8912.1222786986,0
393669.222404419,8884.40522570721,0
393695.566548322,8856.6088204436,0
393721.828244239,8828.73330852409,0
393748.007256266,8800.77893628789,0
393774.103349217,8772.74595079521,0
393800.116288626,8744.63459982377,0
393826.045840747,8716.44513186825,0
393851.891772558,8688.17779613808,0
393877.653851766,8659.8328425541,0
393903.331846803,8631.41052174815,0
393928.925526834,8602.91108506038,0
393954.434661755,8574.33478453637,0
393979.859022198,8545.68187292647,0
394005.198379534,8516.95260368299,0
394030.45250587,8488.14723095746,0
394055.621174059,8459.26600960003,0
394080.704157696,8430.30919515626,0
394105.701231121,8401.27704386477,0
394130.612169425,8372.16981265643,0
394155.436748449,8342.98775915102,0
394180.174744786,8313.73114165524,0
394204.825935785,8284.4002191612,0
