386649.290904414,-12664.4217448256,0
386611.714923606,-12671.0592010806,0
386574.119451234,-12677.5840302712,0
386536.504819235,-12683.9961747876,0
386498.87135971,-12690.2955779952,0
386461.219404915,-12696.4821842352,0
386423.549287268,-12702.555938824,0
386385.861339335,-12708.5167880549,0
386348.155893832,-12714.364679198,0
386310.433283623,-12720.0995605001,0
386272.693841721,-12725.7213811855,0
386234.937901276,-12731.2300914564,0
386197.16579558,-12736.6256424931,0
386159.37785806,-12741.9079864548,0
386121.57442228,-12747.0770764788,0
386083.755821934,-12752.1328666822,0
386045.922390842,-12757.0753121615,0
386008.074462952,-12761.9043689932,0
385970.212372338,-12766.6199942336,0
385932.336453191,-12771.2221459196,0
385894.447039819,-12775.7107830693,0
385856.544466648,-12780.0858656815,0
385818.629068214,-12784.3473547364,0
385780.701179167,-12788.4952121961,0
385742.761134256,-12792.5294010045,0
385704.809268342,-12796.4498850879,0
385666.845916384,-12800.2566293549,0
385628.87141344,-12803.949599697,0
385590.886094664,-12807.5287629887,0
385552.890295303,-12810.9940870878,0
385514.884350698,-12814.3455408355,0
385476.868596274,-12817.5830940569,0
385438.843367542,-12820.7067175612,0
385400.809000097,-12823.7163831415,0
385362.765829613,-12826.6120635755,0
385324.714191841,-12829.3937326255,0
385286.654422605,-12832.0613650388,0
385248.586857805,-12834.6149365475,0
385210.511833406,-12837.054423869,0
385172.429685439,-12839.3798047064,0
385134.340750002,-12841.591057748,0
385096.245363251,-12843.6881626682,0
385058.143861401,-12845.6711001272,0
385020.036580722,-12847.5398517712,0
384981.923857537,-12849.294400233,0
384943.806028219,-12850.9347291314,0
384905.683429189,-12852.4608230722,0
384867.55639691,-12853.8726676474,0
384829.42526789,-12855.1702494363,0
384791.290378674,-12856.3535560048,0
384753.152065843,-12857.422575906,0
384715.010666015,-12858.3772986802,0
384676.866515835,-12859.2177148549,0
384638.719951978,-12859.943815945,0
384600.571311145,-12860.555594453,0
384562.420930058,-12861.0530438687,0
384524.26914546,-12861.4361586697,0
384486.116294113,-12861.7049343214,0
384447.962712792,-12861.8593672767,0
384409.808738283,-12861.8994549767,0
384371.654707383,-12861.8251958499,0
384333.500956895,-12861.6365893133,0
384295.347823624,-12861.3336357715,0
384257.19564438,-12860.9163366172,0
384219.044755967,-12860.3846942312,0
384180.895495188,-12859.7387119824,0
384142.748198836,-12858.9783942276,0
384104.603203696,-12858.103746312,0
384066.46084654,-12857.1147745686,0
384028.321464126,-12856.0114863186,0
383990.18539319,-12854.7938898714,0
383952.052970452,-12853.4619945245,0
383913.924532607,-12852.0158105631,0
383875.800416321,-12850.4553492609,0
383837.680958237,-12848.7806228793,0
383799.566494959,-12846.9916446677,0
383761.457363063,-12845.0884288634,0
383723.353899086,-12843.0709906918,0
383685.256439523,-12840.9393463658,0
383647.165320829,-12838.6935130861,0
383609.080879414,-12836.3335090411,0
383571.003451638,-12833.8593534068,0
383532.933373811,-12831.2710663467,0
383494.870982192,-12828.5686690117,0
383456.816612981,-12825.7521835401,0
383418.77060232,-12822.8216330572,0
383380.733286289,-12819.7770416755,0
383342.705000906,-12816.6184344947,0
383304.686082119,-12813.345837601,0
383266.676865808,-12809.9592780676,0
383228.677687781,-12806.4587839542,0
383190.68888377,-12802.8443843071,0
383152.710789428,-12799.1161091587,0
383114.743740329,-12795.2739895276,0
383076.788071965,-12791.3180574187,0
383038.844119738,-12787.2483458223,0
383000.912218964,-12783.0648887145,0
382962.992704867,-12778.7677210572,0
382925.085912578,-12774.3568787973,0
382887.192177128,-12769.8323988667,0
382849.311833449,-12765.1943191824,0
382811.445216375,-12760.4426786462,0
382773.592660631,-12755.5775171442,0
382735.754500832,-12750.5988755468,0
382697.931071487,-12745.5067957084,0
382660.12270699,-12740.3013204676,0
382622.329741619,-12734.9824936462,0
382584.552509531,-12729.5503600492,0
382546.791344766,-12724.0049654651,0
382509.046581237,-12718.3463566653,0
382471.318552731,-12712.5745814033,0
382433.607592902,-12706.6896884149,0
382395.914035277,-12700.6917274185,0
382358.238213247,-12694.5807491141,0
382320.58046006,-12688.3568051828,0
382282.941108828,-12682.0199482867,0
382245.32049252,-12675.5702320696,0
382207.718943958,-12669.0077111553,0
382170.136795814,-12662.3324411478,0
382132.574380609,-12655.544478631,0
382095.032030711,-12648.6438811686,0
382057.510078333,-12641.6307073038,0
382020.008855523,-12634.5050165582,0
381982.52869417,-12627.2668694318,0
381945.069925998,-12619.9163274036,0
381907.632882565,-12612.4534529301,0
381870.217895253,-12604.8783094452,0
381832.825295275,-12597.1909613596,0
381795.455413666,-12589.3914740613,0
381758.108581287,-12581.4799139147,0
381720.785128811,-12573.4563482598,0
381683.485386729,-12565.3208454119,0
381646.209685348,-12557.0734746619,0
381608.958354783,-12548.7143062758,0
381571.731724957,-12540.2434114933,0
381534.530125597,-12531.6608625277,0
381497.353886233,-12522.9667325664,0
381460.203336197,-12514.1610957701,0
381423.078804614,-12505.2440272713,0
381385.980620404,-12496.2156031747,0
381348.909112279,-12487.075900557,0
381311.864608742,-12477.8249974662,0
381274.847438077,-12468.4629729208,0
381237.857928354,-12458.9899069091,0
381200.896407422,-12449.4058803898,0
381163.963202912,-12439.7109752909,0
381127.058642225,-12429.9052745088,0
381090.183052534,-12419.9888619079,0
381053.336760785,-12409.9618223208,0
381016.520093692,-12399.8242415477,0
380979.733377727,-12389.5762063545,0
380942.976939128,-12379.2178044737,0
380906.251103891,-12368.7491246036,0
380869.556197767,-12358.1702564076,0
380832.892546261,-12347.4812905133,0
380796.260474628,-12336.6823185119,0
380759.66030787,-12325.7734329591,0
380723.092370738,-12314.7547273727,0
380686.556987719,-12303.6262962324,0
380650.054483044,-12292.3882349797,0
380613.58518068,-12281.0406400181,0
380577.149404329,-12269.5836087104,0
380540.747477422,-12258.0172393792,0
380504.379723119,-12246.3416313069,0
380468.046464311,-12234.5568847346,0
380431.748023605,-12222.6631008608,0
380395.484723333,-12210.660381841,0
380359.256885544,-12198.5488307884,0
380323.064832002,-12186.3285517717,0
380286.908884184,-12173.9996498147,0
380250.789363274,-12161.5622308958,0
380214.706590167,-12149.0164019482,0
380178.660885461,-12136.3622708579,0
380142.652569452,-12123.5999464633,0
380106.681962139,-12110.7295385548,0
380070.749383216,-12097.7511578748,0
380034.855152071,-12084.6649161156,0
379998.999587781,-12071.4709259188,0
379963.18300911,-12058.1693008761,0
379927.405734513,-12044.7601555274,0
379891.66808212,-12031.2436053595,0
379855.970369746,-12017.6197668065,0
379820.312914881,-12003.8887572489,0
379784.696034691,-11990.0506950126,0
379749.120046011,-11976.1056993671,0
379713.585265347,-11962.0538905267,0
379678.092008871,-11947.8953896488,0
379642.640592419,-11933.6303188325,0
379607.231331486,-11919.2588011182,0
379571.864541227,-11904.7809604878,0
379536.540536452,-11890.1969218626,0
379501.259631623,-11875.5068111026,0
379466.022140852,-11860.7107550061,0
379430.8283779,-11845.8088813095,0
379395.67865617,-11830.8013186849,0
379360.573288709,-11815.6881967399,0
379325.512588202,-11800.4696460179,0
379290.496866972,-11785.1457979957,0
379255.526436973,-11769.7167850828,0
379220.601609793,-11754.1827406212,0
379185.722696647,-11738.5437988849,0
379150.890008375,-11722.8000950775,0
379116.103855441,-11706.9517653319,0
379081.364547929,-11690.9989467105,0
379046.672395542,-11674.9417772032,0
379012.027707594,-11658.780395726,0
378977.430793015,-11642.5149421211,0
378942.881960343,-11626.1455571563,0
378908.381517723,-11609.6723825226,0
378873.929772903,-11593.0955608338,0
378839.527033234,-11576.4152356265,0
378805.173605666,-11559.6315513582,0
378770.869796742,-11542.7446534059,0
378736.615912602,-11525.7546880663,0
378702.412258974,-11508.6618025544,0
378668.259141176,-11491.4661450019,0
378634.156864108,-11474.1678644563,0
378600.105732257,-11456.7671108812,0
378566.106049687,-11439.2640351537,0
378532.158120038,-11421.6587890637,0
378498.262246529,-11403.9515253135,0
378464.418731946,-11386.1423975167,0
378430.627878647,-11368.231560196,0
378396.889988556,-11350.2191687832,0
378363.205363159,-11332.1053796186,0
378329.574303507,-11313.8903499485,0
378295.997110204,-11295.5742379246,0
378262.474083415,-11277.1572026039,0
378229.005522855,-11258.6394039466,0
378195.591727789,-11240.0210028146,0
378162.232997033,-11221.3021609717,0
378128.929628944,-11202.4830410819,0
378095.681921425,-11183.5638067074,0
378062.490171915,-11164.5446223085,0
378029.354677394,-11145.4256532428,0
377996.275734374,-11126.2070657627,0
377963.253638897,-11106.8890270147,0
377930.288686539,-11087.4717050393,0
377897.381172399,-11067.9552687688,0
377864.531391099,-11048.3398880255,0
377831.739636783,-11028.625733522,0
377799.006203117,-11008.8129768596,0
377766.331383276,-10988.9017905259,0
377733.715469953,-10968.8923478948,0
377701.158755351,-10948.7848232255,0
377668.661531179,-10928.5793916601,0
377636.224088651,-10908.2762292227,0
377603.846718487,-10887.8755128191,0
377571.529710902,-10867.3774202347,0
377539.273355612,-10846.7821301326,0
377507.077941825,-10826.089822054,0
377474.943758244,-10805.3006764159,0
377442.871093057,-10784.4148745092,0
377410.860233943,-10763.4325984985,0
377378.911468062,-10742.354031421,0
377347.025082057,-10721.1793571836,0
377315.201362049,-10699.9087605628,0
377283.440593635,-10678.5424272038,0
377251.743061886,-10657.0805436177,0
377220.109051343,-10635.5232971807,0
377188.538846018,-10613.870876134,0
377157.032729384,-10592.1234695807,0
377125.590984381,-10570.2812674847,0
377094.213893408,-10548.3444606705,0
377062.901738321,-10526.313240821,0
377031.654800432,-10504.1878004753,0
377000.473360505,-10481.9683330287,0
376969.357698756,-10459.6550327312,0
376938.308094845,-10437.2480946844,0
376907.324827878,-10414.7477148417,0
376876.408176406,-10392.1540900072,0
376845.558418414,-10369.4674178322,0
376814.775831329,-10346.6878968153,0
376784.060692009,-10323.8157263013,0
376753.413276746,-10300.8511064783,0
376722.83386126,-10277.7942383767,0
376692.322720697,-10254.645323869,0
376661.880129628,-10231.4045656664,0
376631.506362046,-10208.0721673178,0
376601.20169136,-10184.6483332096,0
376570.966390399,-10161.1332685628,0
376540.800731402,-10137.527179431,0
376510.704986022,-10113.8302727009,0
376480.679425319,-10090.042756089,0
376450.724319759,-10066.16483814,0
376420.839939212,-10042.1967282268,0
376391.026552949,-10018.1386365476,0
376361.284429638,-9993.99077412382,0
376331.613837343,-9969.75335280022,0
376302.015043522,-9945.42658524235,0
376272.488315024,-9921.01068493419,0
376243.033918084,-9896.50586617786,0
376213.652118324,-9871.91234409171,0
376184.343180749,-9847.23033460752,0
376155.107369744,-9822.4600544702,0
376125.944949073,-9797.60172123605,0
376096.856181872,-9772.65555326984,0
376067.841330654,-9747.62176974432,0
376038.9006573,-9722.50059063874,0
376010.034423058,-9697.29223673574,0
375981.242888545,-9671.99692962075,0
375952.526313736,-9646.61489168073,0
375923.88495797,-9621.14634610085,0
375895.319079941,-9595.59151686385,0
375866.8289377,-9569.95062874887,0
375838.41478865,-9544.22390732806,0
375810.076889544,-9518.41157896584,0
375781.815496484,-9492.51387081782,0
375753.630864915,-9466.5310108273,0
375725.523249626,-9440.46322772452,0
375697.492904747,-9414.31075102557,0
375669.540083744,-9388.0738110289,0
375641.66503942,-9361.75263881446,0
375613.86802391,-9335.34746624261,0
375586.149288679,-9308.85852595067,0
375558.50908452,-9282.28605135192,0
375530.947661553,-9255.63027663463,0
375503.465269218,-9228.89143675839,0
375476.062156277,-9202.06976745332,0
375448.738570811,-9175.16550521882,0
375421.494760216,-9148.17888732009,0
375394.3309712,-9121.11015178719,0
375367.247449783,-9093.95953741381,0
375340.244441293,-9066.72728375371,0
375313.322190363,-9039.41363111985,0
375286.480940931,-9012.01882058304,0
375259.720936234,-8984.54309396839,0
375233.042418809,-8956.98669385447,0
375206.445630489,-8929.34986357182,0
375179.930812401,-8901.63284719939,0
375153.498204962,-8873.83588956385,0
375127.148047879,-8845.95923623782,0
375100.880580146,-8818.00313353641,0
375074.696040039,-8789.96782851662,0
375048.594665119,-8761.85356897524,0
375022.576692224,-8733.66060344562,0
374996.642357469,-8705.38918119704,0
374970.791896245,-8677.03955223239,0
374945.025543215,-8648.61196728506,0
374919.343532309,-8620.10667781837,0
374893.74609673,-8591.52393602292,0
374868.233468941,-8562.86399481374,0
374842.805880671,-8534.12710782971,0
374817.463562907,-8505.31352943053,0
374792.206745897,-8476.42351469423,0
374767.035659143,-8447.45731941647,0
374741.9505314,-8418.41520010725,0
374716.951590675,-8389.29741398871,0
374692.039064225,-8360.10421899432,0
374667.213178551,-8330.83587376529,0
374642.474159399,-8301.49263764875,0
374617.822231759,-8272.07477069674,0
374593.257619857,-8242.58253366239,0
374568.78054716,-8213.0161879985,0
374544.391236366,-8183.37599585613,0
374520.08990941,-8153.66222008083,0
374495.876787454,-8123.87512421148,0
374471.752090891,-8094.01497247846,0
374447.716039336,-8064.08202979992,0
374423.768851632,-8034.07656178105,0
374399.910745841,-8003.9988347115,0
374376.141939244,-7973.84911556212,0
374352.462648339,-7943.62767198428,0
374328.873088841,-7913.33477230671,0
374305.373475673,-7882.97068553275,0
374281.964022972,-7852.53568133961,0
374258.644944082,-7822.03003007466,0
374235.416451551,-7791.45400275332,0
374212.278757133,-7760.80787105801,0
374189.232071782,-7730.09190733409,0
374166.276605651,-7699.30638458846,0
374143.41256809,-7668.4515764878,0
374120.640167644,-7637.52775735467,0
374097.959612051,-7606.53520216652,0
374075.371108239,-7575.47418655316,0
374052.874862324,-7544.34498679333,0
374030.471079608,-7513.14787981383,0
374008.159964577,-7481.88314318628,0
373985.941720899,-7450.55105512433,0
373963.816551423,-7419.15189448267,0
373941.784658172,-7387.6859407532,0
373919.846242346,-7356.153474063,0
373898.001504321,-7324.55477517289,0
373876.25064364,-7292.89012547335,0
373854.593859017,-7261.15980698322,0
373833.031348332,-7229.36410234737,0
373811.563308631,-7197.50329483299,0
373790.189936123,-7165.57766832868,0
373768.911426175,-7133.58750734112,0
373747.727973315,-7101.53309699218,0
373726.639771227,-7069.41472301787,0
373705.647012749,-7037.23267176429,0
373684.749889872,-7004.98723018574,0
373663.948593736,-6972.67868584295,0
373643.24331463,-6940.30732689895,0
373622.634241991,-6907.87344211795,0
373602.121564397,-6875.37732086244,0
373581.70546957,-6842.81925308977,0
373561.386144373,-6810.19952935115,0
373541.163774806,-6777.51844078779,0
373521.038546004,-6744.77627912853,0
373501.010642239,-6711.97333668829,0
373481.080246913,-6679.10990636389,0
373461.24754256,-6646.18628163257,0
373441.512710839,-6613.2027565494,0
373421.87593254,-6580.15962574356,0
373402.337387574,-6547.05718441728,0
373382.897254975,-6513.89572834202,0
373363.555712898,-6480.675553856,0
373344.312938617,-6447.3969578625,0
373325.169108521,-6414.06023782572,0
373306.124398115,-6380.66569176922,0
373287.178982016,-6347.21361827317,0
373268.333033953,-6313.70431647069,0
373249.586726764,-6280.13808604668,0
373230.940232392,-6246.51522723387,0
373212.393721887,-6212.83604081041,0
373193.947365403,-6179.100828098,0
373175.601332194,-6145.30989095768,0
373157.355790615,-6111.46353178842,0
373139.210908118,-6077.56205352391,0
373121.16685125,-6043.60575962922,0
373103.223785655,-6009.59495409944,0
373085.381876067,-5975.52994145542,0
373067.641286311,-5941.41102674184,0
373050.002179301,-5907.23851552469,0
373032.464717038,-5873.01271388731,0
373015.029060609,-5838.73392842911,0
372997.695370183,-5804.40246626163,0
372980.463805011,-5770.01863500597,0
372963.334523424,-5735.58274279079,0
372946.307682832,-5701.09509824803,0
372929.383439719,-5666.55601051147,0
372912.561949647,-5631.96578921322,0
372895.843367249,-5597.32474448056,0
372879.227846228,-5562.63318693424,0
372862.71553936,-5527.89142768419,0
372846.306598485,-5493.0997783277,0
372830.001174512,-5458.25855094635,0
372813.799417413,-5423.3680581024,0
372797.701476223,-5388.42861283729,0
372781.707499038,-5353.44052866726,0
372765.817633015,-5318.40411958142,0
372750.032024366,-5283.31970003876,0
372734.350818362,-5248.18758496445,0
372718.774159328,-5213.00808974823,0
372703.30219064,-5177.78153024018,0
372687.935054727,-5142.50822274852,0
372672.672893068,-5107.18848403679,0
372657.51584619,-5071.82263132,0
372642.464053666,-5036.41098226301,0
372627.517654114,-5000.95385497627,0
372612.676785196,-4965.45156801361,0
372597.941583617,-4929.90444036933,0
372583.31218512,-4894.31279147437,0
372568.788724488,-4858.67694119463,0
372554.371335543,-4822.99720982663,0
372540.06015114,-4787.27391809541,0
372525.85530317,-4751.50738715139,0
372511.756922556,-4715.69793856668,0
372497.765139254,-4679.84589433327,0
372483.880082249,-4643.95157685865,0
372470.101879554,-4608.01530896381,0
372456.430658209,-4572.03741387981,0
372442.86654428,-4536.01821524434,0
372429.409662858,-4499.95803709972,0
372416.060138055,-4463.85720388844,0
372402.818093005,-4427.71604045141,0
372389.683649862,-4391.534872024,0
372376.656929799,-4355.31402423316,0
372363.738053006,-4319.05382309487,0
372350.927138688,-4282.75459500997,0
372338.224305066,-4246.41666676233,0
372325.629669372,-4210.04036551461,0
372313.14334785,-4173.62601880589,0
372300.765455758,-4137.17395454836,0
372288.496107357,-4100.68450102377,0
372276.335415922,-4064.15798688127,0
372264.283493729,-4027.59474113303,0
372252.340452064,-3990.99509315228,0
372240.506401214,-3954.35937266928,0
372228.78145047,-3917.68790976858,0
372217.165708123,-3880.98103488603,0
372205.659281465,-3844.23907880491,0
372194.262276788,-3807.46237265381,0
372182.974799381,-3770.6512479023,0
372171.796953528,-3733.80603635877,0
372160.728842511,-3696.92707016655,0
372149.770568604,-3660.01468180095,0
372138.922233075,-3623.06920406635,0
372128.183936184,-3586.09097009224,0
372117.555777181,-3549.08031333109,0
372107.037854305,-3512.03756755394,0
372096.630264785,-3474.96306684829,0
372086.333104837,-3437.85714561403,0
372076.146469661,-3400.72013856067,0
372066.070453445,-3363.55238070409,0
372056.105149358,-3326.3542073629,0
372046.250649555,-3289.12595415594,0
372036.50704517,-3251.86795699806,0
372026.874426319,-3214.58055209791,0
372017.352882099,-3177.26407595373,0
372007.942500583,-3139.91886535083,0
371998.643368824,-3102.54525735785,0
371989.455572849,-3065.14358932364,0
371980.379197665,-3027.71419887419,0
371971.414327249,-2990.25742390879,0
371962.561044554,-2952.77360259758,0
371953.819431506,-2915.26307337728,0
371945.189569001,-2877.72617494889,0
371936.671536909,-2840.16324627345,0
371928.265414066,-2802.57462656959,0
371919.971278281,-2764.96065530949,0
371911.789206327,-2727.32167221611,0
371903.719273947,-2689.65801725961,0
371895.76155585,-2651.97003065399,0
371887.916125709,-2614.25805285406,0
371880.183056163,-2576.52242455162,0
371872.562418815,-2538.76348667277,0
371865.05428423,-2500.98158037383,0
371857.658721934,-2463.17704703882,0
371850.375800417,-2425.35022827523,0
371843.205587127,-2387.50146591159,0
371836.148148473,-2349.63110199323,0
371829.203549822,-2311.73947877973,0
371822.371855501,-2273.82693874087,0
371815.653128791,-2235.89382455385,0
371809.047431934,-2197.94047909943,0
371802.554826124,-2159.96724545898,0
371796.175371513,-2121.97446691079,0
371789.909127205,-2083.96248692689,0
371783.75615126,-2045.93164916957,0
371777.71650069,-2007.88229748804,0
371771.790231459,-1969.81477591506,0
371765.977398484,-1931.72942866348,0
371760.278055632,-1893.62660012297,0
371754.692255722,-1855.50663485647,0
371749.220050522,-1817.36987759697,0
371743.861490748,-1779.21667324391,0
371738.616626067,-1741.04736686,0
371733.485505093,-1702.86230366758,0
371728.468175388,-1664.66182904544,0
371723.564683459,-1626.44628852522,0
371718.775074762,-1588.21602778814,0
371714.099393698,-1549.97139266145,0
371709.537683613,-1511.71272911516,0
371705.089986798,-1473.44038325848,0
371700.756344489,-1435.15470133649,0
371696.536796865,-1396.85602972668,0
371692.431383048,-1358.54471493551,0
371688.440141105,-1320.22110359504,0
371684.563108044,-1281.88554245936,0
371680.800319814,-1243.5383784014,0
371677.151811308,-1205.17995840915,0
371673.617616359,-1166.81062958263,0
371670.197767741,-1128.43073913002,0
371666.892297167,-1090.04063436466,0
371663.701235294,-1051.64066270114,0
371660.624611714,-1013.23117165231,0
371657.662454961,-974.812508825478,0
371654.814792507,-936.385021919164,0
371652.081650765,-897.949058719588,0
371649.463055083,-859.504967097164,0
371646.959029748,-821.0530950032,0
371644.569597988,-782.59379046622,0
371642.294781963,-744.127401588756,0
371640.134602775,-705.65427654368,0
371638.089080461,-667.174763570862,0
371636.158233995,-628.689210973723,0
371634.342081287,-590.197967115643,0
371632.640639184,-551.701380416696,0
371631.053923469,-513.199799350002,0
371629.581948861,-474.693572438374,0
371628.224729016,-436.183048250849,0
371626.982276522,-397.668575399144,0
371625.854602906,-359.150502534282,0
371624.84171863,-320.629178343101,0
371623.943633088,-282.104951544721,0
371623.160354614,-243.578170887175,0
371622.491890473,-205.049185143896,0
371621.938246866,-166.518343110217,0
371621.49942893,-127.985993599958,0
371621.175440736,-89.452485441922,0
371620.966285289,-50.9181674764493,0
371620.87196453,-12.3833885519162,0
371620.892479334,26.1515024787011,0
371621.02782951,64.6861567613246,0
371621.278013803,103.220225444216,0
371621.643029891,141.753359681475,0
371622.122874389,180.285210636483,0
371622.717542845,218.815429485398,0
371623.427029742,257.343667420603,0
371624.251328499,295.86957565419,0
371625.190431467,334.392805421403,0
371626.244329937,372.913007984145,0
371627.41301413,411.429834634426,0
371628.696473205,449.942936697818,0
371630.094695256,488.451965536922,0
371631.607667312,526.956572554895,0
371633.235375339,565.456409198811,0
371634.977804237,603.951126963199,0
371636.834937843,642.440377393518,0
371638.80675893,680.923812089542,0
371640.893249208,719.401082708896,0
371643.094389322,757.87184097052,0
371645.410158857,796.335738658017,0
371647.840536331,834.79242762331,0
371650.385499202,873.241559789883,0
371653.045023865,911.682787156391,0
371655.819085654,950.115761800081,0
371658.707658839,988.540135880152,0
371661.710716629,1026.9555616414,0
371664.828231174,1065.36169141743,0
371668.060173561,1103.75817763433,0
371671.406513816,1142.14467281397,0
371674.867220907,1180.52082957748,0
371678.44226274,1218.88630064878,0
371682.131606164,1257.24073885784,0
371685.935216966,1295.58379714439,0
371689.853059877,1333.91512856103,0
371693.885098569,1372.23438627703,0
371698.031295654,1410.54122358136,0
371702.291612691,1448.83529388658,0
371706.666010178,1487.11625073181,0
371711.15444756,1525.38374778655,0
371715.756883222,1563.63743885382,0
371720.473274497,1601.87697787377,0
371725.303577663,1640.10201892702,0
371730.24774794,1678.31221623807,0
371735.305739498,1716.50722417879,0
371740.477505453,1754.68669727172,0
371745.762997865,1792.85029019362,0
371751.162167746,1830.99765777874,0
371756.674965054,1869.12845502238,0
371762.301338696,1907.2423370841,0
371768.041236528,1945.33895929136,0
371773.894605358,1983.41797714266,0
371779.861390943,2021.47904631119,0
371785.941537993,2059.52182264799,0
371792.134990168,2097.54596218555,0
371798.441690081,2135.551121141,0
371804.861579301,2173.5369559197,0
371811.394598347,2211.50312311838,0
371818.040686697,2249.44927952879,0
371824.79978278,2287.37508214081,0
371831.671823986,2325.28018814603,0
371838.656746657,2363.16425494099,0
371845.754486096,2401.02694013058,0
371852.964976563,2438.86790153147,0
371860.288151278,2476.68679717528,0
371867.723942421,2514.48328531223,0
371875.272281132,2552.2570244141,0
371882.933097511,2590.00767317806,0
371890.706320625,2627.73489052942,0
371898.5918785,2665.43833562567,0
371906.589698127,2703.11766785903,0
371914.699705462,2740.77254686061,0
371922.921825429,2778.40263250291,0
371931.255981915,2816.00758490392,0
371939.702097777,2853.58706442974,0
371948.260094839,2891.14073169849,0
371956.929893895,2928.66824758319,0
371965.711414709,2966.16927321525,0
371974.604576017,3003.64346998787,0
371983.609295525,3041.09049955898,0
371992.725489916,3078.51002385513,0
372001.953074842,3115.90170507396,0
372011.291964934,3153.26520568845,0
372020.742073797,3190.60018844919,0
372030.303314014,3227.90631638865,0
372039.975597145,3265.18325282353,0
372049.75883373,3302.43066135877,0
372059.652933289,3339.64820589034,0
372069.657804322,3376.83555060865,0
372079.773354313,3413.99236000198,0
372089.999489728,3451.11829885923,0
372100.336116018,3488.21303227391,0
372110.783137619,3525.27622564647,0
372121.340457953,3562.3075446885,0
372132.007979431,3599.30665542507,0
372142.785603451,3636.27322419859,0
372153.673230404,3673.20691767175,0
372164.670759668,3710.1074028306,0
372175.778089616,3746.97434698831,0
372186.995117614,3783.80741778745,0
372198.321740023,3820.60628320432,0
372209.757852197,3857.37061155097,0
372221.303348489,3894.10007147941,0
372232.958122252,3930.79433198411,0
372244.722065836,3967.45306240537,0
372256.595070591,4004.0759324328,0
372268.577026871,4040.66261210772,0
372280.667824032,4077.21277182737,0
372292.867350435,4113.72608234695,0
372305.175493445,4150.20221478371,0
372317.592139436,4186.64084061952,0
372330.11717379,4223.04163170405,0
372342.750480897,4259.40426025841,0
372355.49194416,4295.72839887728,0
372368.341445992,4332.01372053328,0
372381.298867822,4368.25989857887,0
372394.364090092,4404.46660675036,0
372407.53699226,4440.63351917061,0
372420.817452805,4476.76031035188,0
372434.20534922,4512.84665519976,0
372447.700558023,4548.89222901502,0
372461.302954751,4584.89670749796,0
372475.012413965,4620.85976675052,0
372488.828809251,4656.78108327973,0
372502.75201322,4692.66033400103,0
372516.781897513,4728.49719624045,0
372530.918332796,4764.29134773887,0
372545.16118877,4800.04246665389,0
372559.510334165,4835.7502315636,0
372573.965636745,4871.41432146953,0
372588.526963309,4907.034415799,0
372603.194179692,4942.61019440934,0
372617.967150768,4978.14133758952,0
372632.845740449,5013.62752606425,0
372647.829811689,5049.0684409965,0
372662.919226484,5084.46376399015,0
372678.113845875,5119.81317709397,0
372693.413529947,5155.11636280325,0
372708.818137833,5190.37300406397,0
372724.327527715,5225.58278427515,0
372739.941556825,5260.74538729156,0
372755.660081448,5295.86049742761,0
372771.48295692,5330.92779945898,0
372787.410037635,5365.94697862676,0
372803.441177042,5400.9177206397,0
372819.576227648,5435.83971167697,0
372835.815041023,5470.71263839198,0
372852.157467796,5505.53618791395,0
372868.60335766,5540.31004785203,0
372885.152559373,5575.03390629757,0
372901.804920761,5609.70745182671,0
372918.560288716,5644.33037350432,0
372935.418509203,5678.90236088545,0
372952.379427256,5713.42310401936,0
372969.442886984,5747.89229345194,0
372986.608731573,5782.30962022801,0
373003.876803282,5816.67477589542,0
373021.246943452,5850.98745250644,0
373038.718992504,5885.24734262155,0
373056.292789939,5919.45413931222,0
373073.968174346,5953.60753616273,0
373091.744983396,5987.70722727447,0
373109.623053849,6021.75290726745,0
373127.602221556,6055.74427128355,0
373145.682321457,6089.6810149898,0
373163.863187586,6123.56283457992,0
373182.144653071,6157.3894267784,0
373200.526550138,6191.16048884251,0
373219.008710111,6224.8757185648,0
373237.590963413,6258.53481427695,0
373256.273139571,6292.13747485101,0
373275.055067216,6325.68339970328,0
373293.936574083,6359.17228879676,0
373312.917487017,6392.60384264305,0
373331.997631971,6425.97776230646,0
373351.176834011,6459.29374940547,0
373370.454917315,6492.55150611577,0
373389.831705178,6525.75073517362,0
373409.307020012,6558.89113987709,0
373428.880683346,6591.97242409015,0
373448.552515834,6624.99429224466,0
373468.322337249,6657.9564493425,0
373488.189966493,6690.85860095952,0
373508.155221591,6723.70045324685,0
373528.217919701,6756.48171293406,0
373548.377877108,6789.20208733228,0
373568.634909234,6821.86128433548,0
373588.988830632,6854.45901242443,0
373609.439454994,6886.99498066871,0
373629.986595151,6919.46889872864,0
373650.630063075,6951.88047685934,0
373671.36966988,6984.22942591181,0
373692.205225824,7016.5154573361,0
373713.136540316,7048.73828318439,0
373734.163421908,7080.89761611217,0
373755.285678309,7112.99316938206,0
373776.503116378,7145.02465686595,0
373797.815542129,7176.99179304666,0
373819.222760733,7208.89429302196,0
373840.724576523,7240.73187250585,0
373862.320792991,7272.50424783117,0
373884.011212792,7304.21113595308,0
373905.795637748,7335.85225445001,0
373927.673868849,7367.42732152717,0
373949.645706253,7398.93605601911,0
373971.710949291,7430.37817739091,0
373993.869396468,7461.75340574213,0
374016.120845464,7493.06146180855,0
374038.46509314,7524.30206696389,0
374060.901935533,7555.47494322379,0
374083.431167867,7586.57981324684,0
374106.052584548,7617.61640033723,0
374128.76597917,7648.58442844809,0
374151.571144515,7679.48362218232,0
374174.467872556,7710.31370679603,0
374197.455954462,7741.07440820102,0
374220.535180594,7771.76545296588,0
374243.705340513,7802.38656831975,0
374266.966222979,7832.93748215414,0
374290.317615954,7863.41792302439,0
374313.759306606,7893.82762015358,0
374337.291081306,7924.16630343371,0
374360.912725638,7954.43370342776,0
374384.624024393,7984.62955137336,0
374408.424761579,8014.75357918359,0
374432.314720416,8044.80551944972,0
374456.293683344,8074.78510544427,0
374480.361432022,8104.69207112182,0
374504.517747331,8134.52615112222,0
374528.762409378,8164.2870807731,0
374553.095197493,8193.9745960907,0
374577.51589024,8223.58843378351,0
374602.024265411,8253.1283312542,0
374626.620100031,8282.59402660064,0
374651.303170364,8311.98525861977,0
374676.073251909,8341.30176680898,0
374700.930119406,8370.54329136753,0
374725.87354684,8399.70957320036,0
374750.903307437,8428.80035391906,0
374776.019173675,8457.81537584376,0
374801.220917278,8486.7543820067,0
374826.508309224,8515.61711615295,0
374851.881119743,8544.40332274274,0
374877.339118325,8573.11274695467,0
374902.882073715,8601.74513468635,0
374928.509753924,8630.30023255706,0
374954.221926223,8658.77778791062,0
374980.018357149,8687.17754881598,0
375005.89881251,8715.4992640702,0
375031.863057383,8743.74268320092,0
375057.910856117,8771.907556467,0
375084.041972339,8799.99363486175,0
375110.256168953,8828.00067011503,0
375136.553208142,8855.92841469394,0
375162.932851373,8883.77662180625,0
375189.394859396,8911.54504540218,0
375215.938992252,8939.2334401752,0
375242.565009269,8966.8415615655,0
375269.272669067,8994.36916576158,0
375296.061729561,9021.81600970112,0
375322.931947966,9049.18185107447,0
375349.883080792,9076.46644832612,0
375376.914883852,9103.66956065553,0
375404.027112266,9130.79094802076,0
375431.219520458,9157.83037113967,0
375458.491862162,9184.78759149092,0
375485.843890423,9211.66237131751,0
375513.275357601,9238.45447362792,0
375540.786015371,9265.1636621971,0
375568.375614729,9291.78970157003,0
375596.043905991,9318.33235706275,0
375623.790638796,9344.79139476341,0
375651.615562112,9371.16658153578,0
375679.518424233,9397.45768502018,0
375707.498972785,9423.66447363459,0
375735.556954729,9449.7867165781,0
375763.692116361,9475.82418383184,0
375791.904203315,9501.77664616002,0
375820.192960568,9527.64387511337,0
375848.558132439,9553.42564303008,0
375876.999462593,9579.12172303675,0
375905.516694046,9604.73188905183,0
375934.109569161,9630.25591578657,0
375962.777829659,9655.69357874592,0
375991.521216614,9681.04465423189,0
376020.339470461,9706.30891934458,0
376049.232330993,9731.48615198294,0
376078.199537369,9756.57613084817,0
376107.240828114,9781.57863544475,0
376136.355941121,9806.49344608113,0
376165.544613654,9831.32034387303,0
376194.806582353,9856.05911074462,0
376224.14158323,9880.70952942907,0
376253.54935168,9905.27138347177,0
376283.029622477,9929.74445723163,0
376312.582129779,9954.12853588155,0
376342.206607131,9978.42340541147,0
376371.902787468,10002.6288526299,0
376401.670403114,10026.7446651642,0
376431.509185789,10050.7706314635,0
376461.418866608,10074.7065408005,0
376491.399176088,10098.5521832716,0
376521.449844144,10122.3073497996,0
376551.570600098,10145.9718321357,0
376581.761172679,10169.5454228596,0
376612.021290022,10193.027915382,0
376642.350679679,10216.4191039466,0
376672.749068613,10239.7187836306,0
376703.216183205,10262.9267503465,0
376733.751749256,10286.0428008444,0
376764.355491989,10309.066732713,0
376795.027136053,10331.9983443801,0
376825.766405523,10354.8374351161,0
376856.573023905,10377.5838050345,0
376887.446714136,10400.2372550921,0
376918.387198591,10422.797587093,0
376949.394199082,10445.2646036887,0
376980.467436859,10467.6381083787,0
377011.606632617,10489.9179055136,0
377042.811506499,10512.1038002962,0
377074.081778092,10534.1955987816,0
377105.417166435,10556.1931078801,0
377136.817390023,10578.0961353586,0
377168.282166805,10599.9044898406,0
377199.811214187,10621.6179808089,0
377231.404249041,10643.2364186071,0
377263.060987699,10664.7596144398,0
377294.78114596,10686.1873803748,0
377326.564439094,10707.5195293446,0
377358.410581842,10728.7558751477,0
377390.319288418,10749.8962324488,0
377422.290272515,10770.940416782,0
377454.323247306,10791.8882445512,0
377486.417925443,10812.7395330306,0
377518.574019067,10833.4941003676,0
377550.791239805,10854.1517655835,0
377583.069298773,10874.7123485741,0
377615.407906581,10895.1756701116,0
377647.806773335,10915.5415518465,0
377680.265608639,10935.8098163076,0
377712.784121597,10955.9802869037,0
377745.362020816,10976.0527879259,0
377777.999014411,10996.0271445474,0
377810.694810004,11015.9031828251,0
377843.44911473,11035.6807297016,0
377876.261635237,11055.3596130061,0
377909.132077689,11074.9396614544,0
377942.06014777,11094.4207046518,0
377975.045550688,11113.802573094,0
378008.087991173,11133.0850981672,0
378041.187173482,11152.2681121501,0
378074.342801405,11171.3514482156,0
378107.554578262,11190.3349404309,0
378140.82220691,11209.2184237588,0
378174.145389742,11228.0017340596,0
378207.523828694,11246.6847080922,0
378240.957225244,11265.2671835139,0
378274.445280415,11283.748998883,0
378307.987694782,11302.1299936598,0
378341.584168469,11320.4100082066,0
378375.234401152,11338.5888837896,0
378408.938092068,11356.6664625805,0
378442.694940012,11374.6425876568,0
378476.504643338,11392.5171030024,0
378510.366899968,11410.2898535103,0
378544.281407392,11427.9606849826,0
378578.247862668,11445.5294441311,0
378612.265962426,11462.9959785792,0
378646.335402874,11480.3601368632,0
378680.455879797,11497.6217684324,0
378714.627088561,11514.7807236501,0
378748.848724114,11531.8368537959,0
378783.120480995,11548.7900110659,0
378817.442053324,11565.6400485727,0
378851.81313482,11582.386820348,0
378886.233418792,11599.0301813436,0
378920.702598149,11615.5699874309,0
378955.220365396,11632.0060954025,0
378989.786412642,11648.3383629743,0
379024.400431604,11664.5666487854,0
379059.062113602,11680.6908123984,0
379093.771149568,11696.7107143017,0
379128.52723005,11712.6262159104,0
379163.330045208,11728.4371795657,0
379198.179284821,11744.1434685373,0
379233.074638292,11759.7449470239,0
379268.015794646,11775.2414801545,0
379303.002442533,11790.6329339876,0
379338.034270236,11805.9191755143,0
379373.110965669,11821.1000726583,0
379408.232216377,11836.1754942763,0
379443.397709547,11851.145310159,0
379478.607132005,11866.0093910329,0
379513.860170219,11880.7676085603,0
379549.156510303,11895.4198353399,0
379584.495838018,11909.9659449082,0
379619.877838778,11924.4058117409,0
379655.302197651,11938.7393112521,0
379690.768599358,11952.9663197961,0
379726.276728282,11967.0867146687,0
379761.826268469,11981.1003741075,0
379797.416903626,11995.0071772917,0
379833.048317128,12008.8070043445,0
379868.720192022,12022.4997363333,0
379904.432211028,12036.0852552703,0
379940.184056537,12049.5634441127,0
379975.975410621,12062.9341867648,0
380011.805955036,12076.1973680782,0
380047.675371215,12089.3528738518,0
380083.58334028,12102.4005908329,0
380119.529543045,12115.3404067191,0
380155.513660012,12128.1722101577,0
380191.535371378,12140.8958907462,0
380227.594357037,12153.511339034,0
380263.690296583,12166.0184465231,0
380299.822869315,12178.4171056681,0
380335.991754232,12190.7072098766,0
380372.196630046,12202.888653511,0
380408.437175177,12214.961331889,0
380444.713067758,12226.9251412833,0
380481.02398564,12238.7799789224,0
380517.369606392,12250.5257429928,0
380553.749607304,12262.1623326382,0
380590.163665391,12273.6896479598,0
380626.611457393,12285.1075900181,0
380663.092659783,12296.4160608331,0
380699.606948766,12307.6149633852,0
380736.154000278,12318.7042016142,0
380772.733489997,12329.6836804221,0
380809.34509334,12340.5533056729,0
380845.988485469,12351.3129841928,0
380882.663341288,12361.9626237702,0
380919.369335454,12372.5021331582,0
380956.106142375,12382.9314220737,0
380992.87343621,12393.2504011983,0
381029.670890877,12403.4589821783,0
381066.498180054,12413.5570776266,0
381103.354977182,12423.5446011223,0
381140.240955465,12433.4214672113,0
381177.155787876,12443.1875914062,0
381214.099147157,12452.8428901885,0
381251.070705826,12462.3872810081,0
381288.070136176,12471.8206822831,0
381325.097110276,12481.1430134014,0
381362.15129998,12490.354194721,0
381399.232376926,12499.4541475704,0
381436.340012537,12508.4427942486,0
381473.473878024,12517.3200580259,0
381510.633644393,12526.0858631448,0
381547.818982448,12534.7401348202,0
381585.029562785,12543.2827992392,0
381622.265055801,12551.7137835623,0
381659.5251317,12560.0330159236,0
381696.809460491,12568.2404254317,0
381734.117711989,12576.3359421691,0
381771.449555822,12584.319497193,0
381808.804661431,12592.1910225365,0
381846.182698079,12599.9504512084,0
381883.583334841,12607.5977171932,0
381921.006240618,12615.1327554517,0
381958.451084135,12622.5555019222,0
381995.917533949,12629.8658935201,0
382033.405258442,12637.0638681383,0
382070.91392583,12644.1493646473,0
382108.443204167,12651.1223228964,0
382145.992761345,12657.9826837139,0
382183.562265098,12664.7303889066,0
382221.151383,12671.3653812607,0
382258.759782477,12677.887604542,0
382296.387130802,12684.2970034971,0
382334.033095103,12690.5935238524,0
382371.697342358,12696.7771123147,0
382409.379539405,12702.8477165721,0
382447.079352945,12708.805285294,0
382484.796449539,12714.6497681316,0
382522.530495615,12720.3811157173,0
382560.281157469,12725.999279666,0
382598.048101269,12731.5042125751,0
382635.830993058,12736.8958680247,0
382673.629498753,12742.1742005776,0
382711.443284153,12747.3391657796,0
382749.272014938,12752.3907201603,0
382787.115356675,12757.3288212332,0
382824.972974815,12762.1534274952,0
382862.844534701,12766.8644984272,0
382900.729701572,12771.4619944951,0
382938.628140559,12775.945877149,0
382976.539516693,12780.3161088238,0
383014.463494906,12784.5726529391,0
383052.399740035,12788.7154739003,0
383090.347916824,12792.7445370979,0
383128.307689923,12796.6598089076,0
383166.278723898,12800.4612566911,0
383204.260683229,12804.1488487962,0
383242.253232314,12807.7225545566,0
383280.256035469,12811.1823442919,0
383318.268756934,12814.5281893085,0
383356.291060879,12817.7600618992,0
383394.322611397,12820.8779353435,0
383432.363072513,12823.8817839073,0
383470.41210819,12826.7715828439,0
383508.469382324,12829.5473083935,0
383546.534558751,12832.2089377833,0
383584.60730125,12834.7564492278,0
383622.687273545,12837.1898219289,0
383660.774139306,12839.509036076,0
383698.867562155,12841.7140728458,0
383736.967205667,12843.8049144029,0
383775.072733372,12845.7815438995,0
383813.183808758,12847.6439454754,0
383851.300095275,12849.3921042584,0
383889.421256337,12851.0260063642,0
383927.546955325,12852.5456388962,0
383965.676855589,12853.950989946,0
384003.81062045,12855.2420485931,0
384041.947913205,12856.418804905,0
384080.088397129,12857.4812499375,0
384118.231735475,12858.4293757342,0
384156.377591483,12859.2631753269,0
384194.525628373,12859.9826427355,0
384232.67550936,12860.5877729681,0
384270.826897644,12861.0785620207,0
384308.979456423,12861.4550068775,0
384347.132848891,12861.7171055108,0
384385.286738238,12861.8648568809,0
384423.44078766,12861.8982609361,0
384461.594660357,12861.8173186125,0
384499.748019534,12861.6220318345,0
384537.900528409,12861.312403514,0
384576.051850212,12860.8884375509,0
384614.201648187,12860.3501388329,0
384652.349585598,12859.6975132352,0
384690.495325731,12858.9305676208,0
384728.638531893,12858.04930984,0
384766.778867419,12857.0537487308,0
384804.915995675,12855.9438941184,0
384843.049580055,12854.7197568152,0
384881.17928399,12853.3813486209,0
384919.304770949,12851.928682322,0
384957.42570444,12850.3617716921,0
384995.541748013,12848.6806314915,0
385033.652565265,12846.885277467,0
385071.75781984,12844.9757263522,0
385109.857175435,12842.9519958669,0
385147.950295797,12840.814104717,0
385186.036844734,12838.5620725946,0
385224.116486109,12836.1959201778,0
385262.188883849,12833.71566913,0
385300.253701944,12831.1213421007,0
385338.310604453,12828.4129627243,0
385376.359255505,12825.5905556206,0
385414.399319299,12822.6541463943,0
385452.430460112,12819.603761635,0
385490.452342298,12816.4394289167,0
385528.464630293,12813.1611767977,0
385566.466988614,12809.7690348207,0
385604.459081866,12806.2630335122,0
385642.440574743,12802.6432043822,0
385680.411132031,12798.9095799243,0
385718.370418608,12795.0621936153,0
385756.318099451,12791.1010799149,0
385794.253839639,12787.0262742654,0
385832.177304348,12782.8378130915,0
385870.088158863,12778.5357338004,0
385907.986068577,12774.1200747807,0
385945.870698992,12769.5908754027,0
385983.741715725,12764.9481760182,0
386021.598784506,12760.1920179599,0
386059.441571188,12755.322443541,0
386097.269741744,12750.3394960551,0
386135.082962267,12745.2432197764,0
386172.880898984,12740.0336599582,0
386210.663218246,12734.7108628335,0
386248.42958654,12729.2748756141,0
386286.179670484,12723.7257464913,0
386323.913136838,12718.0635246339,0
386361.6296525,12712.2882601892,0
386399.328884512,12706.400004282,0
386437.01050006,12700.3988090147,0
386474.674166481,12694.2847274665,0
386512.319551263,12688.0578136928,0
386549.946322047,12681.7181227256,0
386587.554146629,12675.2657105728,0
386625.142692967,12668.7006342173,0
386662.711629183,12662.022951617,0
386700.260623559,12655.2327217044,0
386737.789344545,12648.3300043867,0
386775.297460765,12641.3148605442,0
386812.784641014,12634.1873520303,0
386850.250554262,12626.9475416718,0
386887.694869656,12619.5954932679,0
386925.117256526,12612.1312715896,0
386962.517384387,12604.5549423791,0
386999.894922939,12596.8665723498,0
387037.249542068,12589.0662291863,0
387074.580911856,12581.1539815426,0
387111.888702578,12573.1298990422,0
387149.172584708,12564.9940522779,0
387186.432228916,12556.7465128118,0
387223.667306077,12548.3873531733,0
387260.877487272,12539.9166468595,0
387298.062443791,12531.3344683344,0
387335.221847129,12522.6408930296,0
387372.355369,12513.8359973419,0
387409.462681332,12504.9198586335,0
387446.543456275,12495.8925552315,0
387483.597366193,12486.7541664284,0
387520.624083681,12477.5047724797,0
387557.623281559,12468.1444546042,0
387594.594632877,12458.6732949833,0
387631.537810915,12449.0913767614,0
387668.452489189,12439.3987840438,0
387705.338341454,12429.5956018967,0
387742.195041706,12419.6819163466,0
387779.022264181,12409.6578143806,0
387815.819683361,12399.5233839443,0
387852.586973979,12389.2787139416,0
387889.323811019,12378.9238942348,0
387926.029869716,12368.4590156437,0
387962.704825562,12357.8841699444,0
387999.348354312,12347.1994498687,0
388035.960131978,12336.4049491043,0
388072.53983484,12325.5007622938,0
388109.087139442,12314.4869850332,0
388145.601722602,12303.3637138721,0
388182.083261407,12292.131046313,0
388218.53143322,12280.7890808107,0
388254.945915685,12269.3379167705,0
388291.326386723,12257.7776545487,0
388327.672524539,12246.108395452,0
388363.984007625,12234.330241736,0
388400.260514762,12222.4432966043,0
388436.501725023,12210.4476642088,0
388472.707317771,12198.3434496487,0
388508.876972669,12186.130758969,0
388545.010369681,12173.8096991602,0
388581.10718907,12161.3803781579,0
388617.167111405,12148.842904842,0
388653.189817561,12136.1973890353,0
388689.174988727,12123.4439415026,0
388725.1223064,12110.5826739515,0
388761.031452396,12097.6136990302,0
388796.902108847,12084.5371303266,0
388832.733958208,12071.3530823679,0
388868.526683254,12058.0616706209,0
388904.279967089,12044.6630114892,0
388939.993493147,12031.157222313,0
388975.666945191,12017.5444213694,0
389011.300007317,12003.8247278708,0
389046.89236396,11989.9982619631,0
389082.443699897,11976.0651447261,0
389117.953700241,11962.025498173,0
389153.422050454,11947.8794452481,0
389188.848436345,11933.6271098264,0
389224.232544073,11919.2686167135,0
389259.574060149,11904.8040916446,0
389294.87267144,11890.2336612822,0
389330.128065172,11875.5574532164,0
389365.33992893,11860.7755959643,0
389400.507950664,11845.8882189687,0
389435.631818688,11830.895452596,0
389470.711221689,11815.797428137,0
389505.74584872,11800.5942778058,0
389540.735389211,11785.2861347375,0
389575.679532971,11769.873132988,0
389610.577970182,11754.3554075339,0
389645.430391414,11738.7330942706,0
389680.236487619,11723.0063300108,0
389714.995950137,11707.1752524847,0
389749.708470697,11691.2400003389,0
389784.373741421,11675.2007131346,0
389818.991454827,11659.0575313467,0
389853.561303831,11642.8105963637,0
389888.082981747,11626.4600504863,0
389922.556182296,11610.0060369253,0
389956.980599602,11593.4486998019,0
389991.355928197,11576.7881841469,0
390025.681863027,11560.024635898,0
390059.958099449,11543.1582018998,0
390094.184333238,11526.1890299033,0
390128.360260586,11509.1172685639,0
390162.485578109,11491.9430674402,0
390196.559982846,11474.6665769937,0
390230.583172262,11457.2879485877,0
390264.554844253,11439.8073344853,0
390298.474697147,11422.2248878486,0
390332.342429704,11404.5407627388,0
390366.157741125,11386.7551141135,0
390399.92033105,11368.8680978257,0
390433.62989956,11350.8798706241,0
390467.286147181,11332.7905901508,0
390500.88877489,11314.6004149398,0
390534.437484112,11296.3095044166,0
390567.931976725,11277.9180188975,0
390601.371955062,11259.426119587,0
390634.757121917,11240.8339685772,0
390668.087180541,11222.1417288478,0
390701.361834652,11203.3495642633,0
390734.580788433,11184.4576395721,0
390767.743746534,11165.4661204059,0
390800.850414076,11146.3751732786,0
390833.900496659,11127.1849655839,0
390866.893700353,11107.8956655948,0
390899.82973171,11088.5074424634,0
390932.708297764,11069.0204662177,0
390965.529106032,11049.434907761,0
390998.291864519,11029.7509388718,0
391030.996281717,11009.9687322015,0
391063.642066614,10990.0884612723,0
391096.228928689,10970.1103004777,0
391128.756577919,10950.0344250807,0
391161.224724781,10929.8610112112,0
391193.633080256,10909.5902358659,0
391225.981355826,10889.2222769076,0
391258.269263483,10868.757313062,0
391290.49651573,10848.1955239175,0
391322.662825579,10827.5370899244,0
391354.767906561,10806.7821923925,0
391386.811472722,10785.9310134895,0
391418.793238629,10764.9837362414,0
391450.712919372,10743.9405445296,0
391482.570230566,10722.8016230893,0
391514.364888356,10701.5671575093,0
391546.096609413,10680.2373342303,0
391577.765110945,10658.8123405425,0
391609.370110695,10637.2923645852,0
391640.911326941,10615.6775953455,0
391672.388478506,10593.9682226561,0
391703.801284753,10572.1644371938,0
391735.149465591,10550.2664304796,0
391766.43274148,10528.2743948753,0
391797.650833428,10506.1885235826,0
391828.803462996,10484.009010643,0
391859.890352303,10461.7360509345,0
391890.911224025,10439.3698401707,0
391921.865801399,10416.9105748999,0
391952.753808225,10394.3584525034,0
391983.57496887,10371.7136711927,0
392014.329008269,10348.97643001,0
392045.015651927,10326.1469288258,0
392075.634625924,10303.2253683365,0
392106.185656914,10280.211950064,0
392136.668472131,10257.1068763544,0
392167.08279939,10233.910350375,0
392197.428367088,10210.6225761138,0
392227.704904209,10187.2437583783,0
392257.912140325,10163.7741027927,0
392288.0498056,10140.2138157969,0
392318.11763079,10116.5631046456,0
392348.115347246,10092.8221774056,0
392378.04268692,10068.9912429544,0
392407.899382362,10045.0705109796,0
392437.685166728,10021.0601919761,0
392467.399773779,9996.96049724418,0
392497.042937882,9972.77163888979,0
392526.614394017,9948.49382982108,0
392556.113877776,9924.12728374684,0
392585.541125368,9899.67221517608,0
392614.895873618,9875.12883941547,0
392644.177859973,9850.49737256708,0
392673.386822502,9825.77803152812,0
392702.5224999,9800.97103398852,0
392731.58463149,9776.07659842848,0
392760.572957224,9751.09494411807,0
392789.487217687,9726.02629111515,0
392818.327154101,9700.87086026255,0
392847.092508324,9675.62887318777,0
392875.783022853,9650.30055230095,0
392904.398440828,9624.88612079195,0
392932.938506036,9599.38580262992,0
392961.402962907,9573.79982256151,0
392989.791556524,9548.12840610771,0
393018.104032621,9522.37177956341,0
393046.340137585,9496.5301699957,0
393074.499618462,9470.60380524064,0
393102.582222956,9444.59291390269,0
393130.587699432,9418.49772535314,0
393158.515796921,9392.31846972677,0
393186.366265116,9366.05537792126,0
393214.138854384,9339.70868159562,0
393241.83331576,9313.27861316685,0
393269.449400952,9286.76540580922,0
393296.986862345,9260.16929345279,0
393324.445453002,9233.49051077999,0
393351.824926667,9206.7292932249,0
393379.125037765,9179.88587697173,0
393406.345541407,9152.96049895135,0
393433.486193394,9125.95339684062,0
393460.546750211,9098.86480906075,0
393487.526969042,9071.69497477388,0
393514.426607761,9044.4441338824,0
393541.245424939,9017.11252702717,0
393567.983179849,8989.70039558418,0
393594.639632463,8962.20798166387,0
393621.214543457,8934.63552810922,0
393647.707674214,8906.98327849241,0
393674.118786825,8879.25147711426,0
393700.447644091,8851.44036900204,0
393726.694009526,8823.55019990632,0
393752.857647362,8795.58121630034,0
393778.938322543,8767.5336653777,0
393804.935800738,8739.40779504928,0
393830.849848336,8711.20385394262,0
393856.68023245,8682.9220913994,0
393882.42672092,8654.56275747253,0
393908.089082315,8626.12610292551,0
393933.667085934,8597.61237922967,0
393959.160501812,8569.02183856142,0
393984.569100716,8540.35473380169,0
394009.892654154,8511.61131853275,0
394035.130934373,8482.79184703584,0
394060.28371436,8453.89657429049,0
394085.350767851,8424.92575597106,0
394110.331869325,8395.87964844469,0
394135.226794011,8366.75850877048,0
394160.035317889,8337.5625946958,0
394184.757217694,8308.29216465455,0
394209.392270913,8278.94747776615,0
394233.940255795,8249.52879383166,0
394258.400951346,8220.03637333244,0
394282.774137335,8190.47047742872,0
394307.059594294,8160.83136795576,0
394331.257103524,8131.1193074228,0
394355.366447093,8101.33455901118,0
394379.387407838,8071.47738657064,0
394403.319769373,8041.54805461857,0
394427.163316083,8011.54682833743,0
394450.917833133,7981.47397357158,0
394474.583106465,7951.3297568265,0
394498.158922805,7921.11444526569,0
394521.645069661,7890.82830670798,0
394545.041335326,7860.47160962669,0
394568.347508882,7830.04462314605,0
394591.5633802,7799.54761703904,0
394614.688739945,7768.98086172633,0
394637.723379572,7738.34462827234,0
394660.667091337,7707.6391883837,0
394683.519668291,7676.86481440766,0
394706.280904287,7646.02177932817,0
394728.950593978,7615.11035676478,0
394751.528532823,7584.13082097031,0
394774.01451709,7553.08344682739,0
394796.40834385,7521.96850984746,0
394818.709810989,7490.78628616783,0
394840.918717204,7459.53705254868,0
394863.034862007,7428.22108637213,0
394885.058045727,7396.83866563861,0
394906.98806951,7365.39006896462,0
394928.824735324,7333.87557558144,0
394950.56784596,7302.29546533113,0
394972.217205033,7270.65001866506,0
394993.772616985,7238.93951664185,0
395015.233887087,7207.16424092362,0
395036.60082144,7175.32447377487,0
395057.873226976,7143.4204980596,0
395079.050911466,7111.45259723816,0
395100.133683513,7079.42105536619,0
395121.12135256,7047.32615709099,0
395142.013728893,7015.16818764913,0
395162.810623636,6982.9474328651,0
395183.51184876,6950.66417914724,0
395204.117217081,6918.31871348621,0
395224.626542265,6885.91132345276,0
395245.039638825,6853.44229719391,0
395265.356322129,6820.91192343197,0
395285.576408395,6788.32049146115,0
395305.699714702,6755.66829114474,0
395325.726058981,6722.95561291382,0
395345.655260027,6690.18274776333,0
395365.487137493,6657.34998725009,0
395385.221511897,6624.45762349086,0
395404.858204621,6591.50594915836,0
395424.397037915,6558.49525748007,0
395443.837834897,6525.42584223506,0
395463.180419554,6492.29799775089,0
395482.424616749,6459.11201890232,0
395501.570252215,6425.86820110739,0
395520.617152564,6392.56684032531,0
395539.565145284,6359.20823305449,0
395558.414058743,6325.79267632849,0
395577.163722191,6292.3204677148,0
395595.81396576,6258.79190531152,0
395614.364620468,6225.20728774433,0
395632.815518218,6191.56691416507,0
395651.166491802,6157.8710842477,0
395669.417374903,6124.12009818636,0
395687.568002094,6090.31425669302,0
395705.618208844,6056.45386099362,0
395723.567831515,6022.5392128268,0
395741.416707367,5988.57061444026,0
395759.164674559,5954.54836858804,0
395776.811572148,5920.47277852878,0
395794.357240097,5886.34414802163,0
395811.80151927,5852.16278132456,0
395829.144251436,5817.92898319147,0
395846.385279272,5783.64305886866,0
395863.524446365,5749.30531409349,0
395880.561597209,5714.91605509025,0
395897.496577214,5680.47558856811,0
395914.3292327,5645.98422171866,0
395931.059410905,5611.44226221202,0
395947.686959981,5576.85001819546,0
395964.211729,5542.20779828955,0
395980.633567955,5507.51591158564,0
395996.952327759,5472.77466764376,0
396013.167860249,5437.98437648846,0
396029.280018186,5403.14534860741,0
396045.288655258,5368.25789494772,0
396061.19362608,5333.32232691308,0
396076.994786196,5298.3389563619,0
396092.691992084,5263.308095603,0
396108.285101151,5228.23005739409,0
396123.773971738,5193.10515493831,0
396139.158463124,5157.93370188106,0
396154.438435524,5122.71601230827,0
396169.613750089,5087.45240074206,0
396184.684268913,5052.14318213908,0
396199.649855029,5016.78867188716,0
396214.510372416,4981.38918580201,0
396229.265685993,4945.94504012547,0
396243.915661628,4910.45655152121,0
396258.460166134,4874.92403707295,0
396272.899067276,4839.34781428113,0
396287.232233764,4803.72820105958,0
396301.459535262,4768.06551573371,0
396315.580842389,4732.36007703622,0
396329.596026714,4696.61220410529,0
396343.504960763,4660.82221648115,0
396357.307518021,4624.99043410284,0
396371.003572927,4589.11717730625,0
396384.593000885,4553.20276681987,0
396398.075678255,4517.24752376302,0
396411.451482362,4481.25176964212,0
396424.720291494,4445.21582634786,0
396437.881984902,4409.14001615277,0
396450.936442808,4373.0246617072,0
396463.883546396,4336.87008603754,0
396476.723177821,4300.6766125422,0
396489.45522021,4264.44456498919,0
396502.079557658,4228.17426751314,0
396514.596075234,4191.8660446117,0
396527.004658981,4155.52022114355,0
396539.305195917,4119.13712232419,0
396551.497574035,4082.71707372397,0
396563.581682308,4046.26040126443,0
396575.557410684,4009.76743121529,0
396587.424650094,3973.23849019203,0
396599.183292449,3936.6739051518,0
396610.833230641,3900.07400339154,0
396622.374358547,3863.43911254391,0
396633.806571027,3826.76956057489,0
396645.129763929,3790.06567578056,0
396656.343834084,3753.32778678366,0
396667.448679315,3716.55622253135,0
396678.444198431,3679.75131229105,0
396689.330291232,3642.91338564846,0
396700.106858509,3606.04277250353,0
396710.773802047,3569.13980306802,0
396721.331024621,3532.20480786215,0
396731.778430003,3495.23811771132,0
396742.115922959,3458.24006374362,0
396752.343409253,3421.21097738579,0
396762.460795646,3384.15119036116,0
396772.467989895,3347.06103468556,0
396782.36490076,3309.94084266491,0
396792.151438,3272.79094689178,0
396801.827512375,3235.61168024215,0
396811.393035649,3198.40337587276,0
396820.847920587,3161.1663672172,0
396830.192080962,3123.90098798373,0
396839.425431548,3086.60757215111,0
396848.547888128,3049.28645396643,0
396857.559367492,3011.93796794108,0
396866.459787438,2974.5624488483,0
396875.249066772,2937.16023171956,0
396883.92712531,2899.73165184153,0
396892.493883881,2862.27704475315,0
396900.949264323,2824.79674624186,0
396909.293189488,2787.29109234129,0
396917.52558324,2749.76041932707,0
396925.646370457,2712.20506371466,0
396933.655477036,2674.62536225525,0
396941.552829884,2637.02165193332,0
396949.338356928,2599.3942699629,0
396957.011987113,2561.74355378469,0
396964.573650399,2524.06984106275,0
396972.023277768,2486.37346968123,0
396979.360801221,2448.65477774139,0
396986.586153778,2410.91410355798,0
396993.699269483,2373.15178565662,0
397000.700083398,2335.36816276984,0
397007.588531611,2297.56357383469,0
397014.364551232,2259.73835798867,0
397021.028080396,2221.89285456729,0
397027.579058261,2184.02740310013,0
397034.017425011,2146.1423433083,0
397040.343121858,2108.23801510048,0
397046.556091037,2070.31475857042,0
397052.656275814,2032.37291399299,0
397058.643620481,1994.41282182157,0
397064.51807036,1956.43482268428,0
397070.279571799,1918.43925738116,0
397075.928072179,1880.42646688053,0
397081.463519911,1842.39679231612,0
397086.885864435,1804.35057498342,0
397092.195056225,1766.28815633682,0
397097.391046785,1728.20987798595,0
397102.473788653,1690.11608169279,0
397107.443235399,1652.00710936811,0
397112.299341626,1613.88330306838,0
397117.042062974,1575.74500499238,0
397121.671356115,1537.59255747807,0
397126.187178757,1499.42630299913,0
397130.589489643,1461.24658416188,0
397134.878248553,1423.05374370182,0
397139.053416303,1384.84812448051,0
397143.114954745,1346.6300694821,0
397147.06282677,1308.3999218103,0
397150.896996305,1270.15802468479,0
397154.617428317,1231.90472143824,0
397158.22408881,1193.64035551271,0
397161.716944827,1155.3652704567,0
397165.095964451,1117.07980992147,0
397168.361116804,1078.78431765813,0
397171.512372049,1040.47913751404,0
397174.549701387,1002.16461342968,0
397177.473077063,963.841089435305,0
397180.28247236,925.508909647617,0
397182.977861603,887.168418266533,0
397185.559220159,848.819959571749,0
397188.026524436,810.463877919668,0
397190.379751886,772.100517739766,0
397192.618881001,733.730223531634,0
397194.743891316,695.353339861393,0
397196.75476341,656.970211358539,0
397198.651478902,618.581182712602,0
397200.434020459,580.186598669764,0
397202.102371787,541.786804029695,0
397203.656517637,503.382143642068,0
397205.096443805,464.972962403349,0
397206.422137129,426.559605253524,0
397207.633585492,388.142417172615,0
397208.73077782,349.721743177544,0
397209.713704085,311.29792831876,0
397210.582355303,272.871317676828,0
397211.336723533,234.442256359251,0
397211.97680188,196.011089497106,0
397212.502584494,157.578162241652,0
397212.914066568,119.143819761126,0
397213.211244341,80.7084072373296,0
397213.394115097,42.2722698624021,0
397213.462677165,3.8357528353947,0
397213.416929917,-34.6007986409502,0
397213.256873771,-73.037039363559,0
397212.982510192,-111.472624132385,0
397212.593841685,-149.907207753647,0
397212.090871806,-188.340445043189,0
397211.47360515,-226.77199082984,0
397210.742047359,-265.201499958658,0
397209.896205122,-303.628627294271,0
397208.936086169,-342.053027724243,0
397207.861699277,-380.474356162322,0
397206.673054264,-418.892267551799,0
397205.370161998,-457.306416868829,0
397203.953034385,-495.716459125686,0
397202.42168438,-534.12204937421,0
397200.776125978,-572.522842708938,0
397199.016374221,-610.918494270588,0
397197.142445193,-649.308659249294,0
397195.15435602,-687.692992887864,0
397193.052124875,-726.071150485252,0
397190.83577097,-764.442787399716,0
397188.505314562,-802.807559052142,0
397186.060776951,-841.165120929528,0
397183.502180477,-879.515128588013,0
397180.829548524,-917.857237656415,0
397178.042905518,-956.191103839463,0
397175.142276926,-994.516382921016,0
397172.127689255,-1032.83273076754,0
397168.999170055,-1071.13980333122,0
397165.756747916,-1109.43725665347,0
397162.400452468,-1147.72474686796,0
397158.930314381,-1186.00193020424,0
397155.346365365,-1224.26846299074,0
397151.648638168,-1262.52400165827,0
397147.837166581,-1300.76820274324,0
397143.911985428,-1339.00072289086,0
397139.873130576,-1377.22121885868,0
397135.720638926,-1415.42934751952,0
397131.45454842,-1453.62476586519,0
397127.074898034,-1491.80713100929,0
397122.581727782,-1529.976100191,0
397117.975078713,-1568.13133077787,0
397113.254992915,-1606.27248026958,0
397108.421513506,-1644.39920630071,0
397103.474684642,-1682.51116664456,0
397098.414551513,-1720.60801921589,0
397093.241160343,-1758.68942207464,0
397087.954558387,-1796.75503342887,0
397082.554793935,-1834.80451163827,0
397077.041916308,-1872.83751521721,0
397071.41597586,-1910.85370283823,0
397065.677023973,-1948.85273333504,0
397059.825113063,-1986.83426570608,0
397053.860296574,-2024.7979591174,0
397047.782628979,-2062.74347290638,0
397041.592165781,-2100.67046658447,0
397035.288963511,-2138.57859984089,0
397028.873079725,-2176.46753254552,0
397022.34457301,-2214.33692475248,0
397015.703502975,-2252.18643670291,0
397008.949930258,-2290.01572882883,0
397002.083916519,-2327.82446175567,0
396995.105524444,-2365.61229630619,0
396988.014817742,-2403.37889350305,0
396980.811861145,-2441.12391457267,0
396973.496720406,-2478.84702094784,0
396966.069462302,-2516.54787427152,0
396958.530154626,-2554.2261363995,0
396950.878866196,-2591.88146940415,0
396943.115666846,-2629.5135355771,0
396935.240627429,-2667.12199743295,0
396927.253819815,-2704.70651771204,0
396919.155316892,-2742.26675938393,0
396910.945192564,-2779.80238565054,0
396902.623521749,-2817.31305994915,0
396894.190380379,-2854.79844595598,0
396885.645845402,-2892.25820758884,0
396876.989994776,-2929.69200901098,0
396868.222907472,-2967.09951463344,0
396859.344663472,-3004.48038911918,0
396850.355343768,-3041.83429738527,0
396841.25503036,-3079.16090460697,0
396832.043806258,-3116.4598762201,0
396822.721755479,-3153.73087792476,0
396813.288963046,-3190.97357568829,0
396803.745514986,-3228.1876357482,0
396794.091498334,-3265.37272461591,0
396784.327001126,-3302.52850907903,0
396774.452112402,-3339.65465620546,0
396764.466922203,-3376.7508333456,0
396754.37152157,-3413.81670813634,0
396744.166002545,-3450.8519485034,0
396733.850458168,-3487.85622266509,0
396723.424982478,-3524.82919913506,0
396712.889670509,-3561.77054672539,0
396702.24461829,-3598.67993455016,0
396691.489922848,-3635.5570320277,0
396680.6256822,-3672.40150888481,0
396669.651995357,-3709.21303515868,0
396658.568962321,-3745.99128120095,0
396647.376684085,-3782.73591768023,0
396636.07526263,-3819.44661558527,0
396624.664800927,-3856.12304622844,0
396613.145402931,-3892.76488124795,0
396601.517173586,-3929.37179261203,0
396589.780218819,-3965.94345262087,0
396577.93464554,-4002.47953391065,0
396565.980561644,-4038.97970945587,0
396553.918076004,-4075.44365257275,0
396541.747298475,-4111.87103692242,0
396529.46833989,-4148.26153651327,0
396517.081312061,-4184.61482570507,0
396504.586327775,-4220.93057921078,0
396491.983500795,-4257.20847210064,0
396479.272945857,-4293.44817980455,0
396466.454778672,-4329.64937811508,0
396453.52911592,-4365.81174319112,0
396440.496075253,-4401.93495155981,0
396427.355775291,-4438.01868012072,0
396414.108335623,-4474.06260614786,0
396400.753876802,-4510.0664072932,0
396387.292520348,-4546.02976158974,0
396373.724388746,-4581.95234745375,0
396360.04960544,-4617.83384368888,0
396346.268294839,-4653.67392948796,0
396332.380582309,-4689.47228443682,0
396318.386594176,-4725.22858851689,0
396304.286457723,-4760.94252210791,0
396290.080301188,-4796.61376599167,0
396275.768253764,-4832.24200135373,0
396261.350445598,-4867.82690978766,0
396246.827007786,-4903.36817329701,0
396232.198072378,-4938.86547429849,0
396217.463772369,-4974.3184956254,0
396202.624241704,-5009.7269205294,0
396187.679615273,-5045.09043268477,0
396172.630028911,-5080.40871619024,0
396157.475619395,-5115.68145557228,0
396142.216524446,-5150.90833578836,0
396126.852882722,-5186.08904222878,0
396111.384833822,-5221.2232607209,0
396095.812518282,-5256.31067753089,0
396080.136077573,-5291.35097936698,0
396064.355654101,-5326.34385338282,0
396048.471391203,-5361.28898717912,0
396032.48343315,-5396.18606880787,0
396016.39192514,-5431.03478677422,0
396000.197013301,-5465.83483003947,0
395983.898844686,-5500.58588802459,0
395967.497567275,-5535.28765061171,0
395950.99332997,-5569.93980814833,0
395934.386282595,-5604.54205144926,0
395917.676575895,-5639.09407179941,0
395900.864361533,-5673.59556095742,0
395883.949792089,-5708.0462111571,0
395866.93302106,-5742.44571511149,0
395849.814202855,-5776.793766015,0
395832.593492797,-5811.09005754584,0
395815.271047118,-5845.33428386991,0
395797.847022961,-5879.52613964215,0
395780.321578373,-5913.66532001032,0
395762.694872311,-5947.75152061756,0
395744.967064633,-5981.78443760432,0
395727.1383161,-6015.76376761247,0
395709.208788375,-6049.68920778673,0
395691.178644018,-6083.56045577796,0
395673.048046488,-6117.37720974626,0
395654.817160138,-6151.13916836248,0
395636.486150217,-6184.84603081228,0
395618.055182864,-6218.497496798,0
395599.524425109,-6252.09326654115,0
395580.894044872,-6285.63304078614,0
395562.164210958,-6319.11652080156,0
395543.335093058,-6352.54340838386,0
395524.406861748,-6385.91340585987,0
395505.379688482,-6419.22621608855,0
395486.253745598,-6452.48154246507,0
395467.029206309,-6485.67908892222,0
395447.706244705,-6518.81855993339,0
395428.285035752,-6551.89966051585,0
395408.765755288,-6584.922096232,0
395389.148580019,-6617.88557319329,0
395369.433687525,-6650.78979806229,0
395349.62125625,-6683.63447805467,0
395329.711465503,-6716.41932094313,0
395309.704495459,-6749.14403505866,0
395289.600527152,-6781.80832929365,0
395269.399742477,-6814.41191310494,0
395249.102324189,-6846.95449651516,0
395228.708455895,-6879.43579011639,0
395208.218322058,-6911.85550507244,0
395187.632107996,-6944.21335312052,0
395166.949999872,-6976.50904657524,0
395146.172184702,-7008.7422983299,0
395125.298850346,-7040.91282185926,0
395104.330185511,-7073.02033122282,0
395083.266379744,-7105.06454106597,0
395062.107623434,-7137.04516662353,0
395040.85410781,-7168.96192372217,0
395019.506024937,-7200.81452878183,0
394998.063567714,-7232.60269881962,0
394976.526929874,-7264.32615145144,0
394954.896305981,-7295.98460489409,0
394933.171891427,-7327.57777796892,0
394911.353882434,-7359.10539010304,0
394889.442476045,-7390.56716133211,0
394867.437870129,-7421.96281230352,0
394845.340263376,-7453.29206427733,0
394823.149855292,-7484.55463912991,0
394800.866846205,-7515.75025935615,0
394778.491437253,-7546.87864807082,0
394756.023830391,-7577.93952901241,0
394733.464228383,-7608.93262654472,0
394710.812834803,-7639.85766565869,0
394688.069854029,-7670.7143719762,0
394665.235491248,-7701.50247175111,0
394642.309952448,-7732.22169187183,0
394619.293444416,-7762.87175986463,0
394596.18617474,-7793.45240389445,0
394572.988351804,-7823.96335276819,0
394549.700184786,-7854.4043359373,0
394526.321883657,-7884.77508349869,0
394502.853659177,-7915.07532619847,0
394479.295722895,-7945.30479543388,0
394455.648287148,-7975.46322325448,0
394431.911565053,-8005.5503423661,0
394408.085770513,-8035.56588613217,0
394384.171118207,-8065.50958857539,0
394360.167823594,-8095.38118438158,0
394336.076102908,-8125.18040890054,0
394311.896173156,-8154.90699814839,0
394287.628252116,-8184.56068881098,0
394263.272558335,-8214.14121824452,0
394238.829311128,-8243.64832447855,0
394214.298730573,-8273.08174621877,0
394189.681037512,-8302.44122284768,0
394164.976453546,-8331.72649442799,0
394140.185201036,-8360.93730170486,0
394115.307503096,-8390.07338610674,0
394090.343583597,-8419.134489749,0
394065.293667159,-8448.12035543574,0
394040.157979153,-8477.03072666077,0
394014.936745697,-8505.86534761142,0
393989.630193652,-8534.62396316993,0
393964.238550626,-8563.3063189147,0
393938.762044962,-8591.91216112409,0
393913.200905746,-8620.44123677749,0
393887.555362797,-8648.89329355689,0
393861.82564667,-8677.26807985053,0
393836.011988649,-8705.56534475375,0
393810.114620749,-8733.7848380709,0
393784.133775713,-8761.92631031873,0
393758.069687007,-8789.98951272714,0
393731.922588819,-8817.97419724135,0
393705.69271606,-8845.88011652506,0
393679.380304356,-8873.70702396114,0
393652.98559005,-8901.45467365394,0
393626.508810199,-8929.12282043235,0
393599.95020257,-8956.71121985035,0
393573.31000564,-8984.21962818954,0
393546.588458591,-9011.64780246198,0
393519.785801311,-9038.9955004107,0
393492.902274388,-9066.26248051241,0
393465.938119111,-9093.44850198013,0
393438.893577466,-9120.55332476368,0
393411.768892134,-9147.5767095525,0
393384.564306488,-9174.51841777814,0
393357.280064591,-9201.37821161473,0
393329.916411196,-9228.15585398184,0
393302.47359174,-9254.85110854691,0
393274.951852344,-9281.46373972566,0
393247.351439809,-9307.99351268502,0
393219.672601614,-9334.44019334542,0
393191.915585918,-9360.80354838123,0
393164.08064155,-9387.08334522373,0
393136.168018011,-9413.27935206325,0
393108.177965473,-9439.3913378497,0
393080.110734774,-9465.4190722954,0
393051.966577415,-9491.36232587732,0
393023.74574556,-9517.22086983751,0
392995.448492034,-9542.9944761859,0
392967.075070317,-9568.68291770255,0
392938.625734545,-9594.28596793808,0
392910.100739506,-9619.80340121634,0
392881.500340639,-9645.23499263672,0
392852.82479403,-9670.58051807462,0
392824.074356409,-9695.83975418389,0
392795.249285151,-9721.01247839933,0
392766.34983827,-9746.09846893705,0
392737.376274418,-9771.0975047968,0
392708.328852885,-9796.00936576459,0
392679.207833589,-9820.833832413,0
392650.013477085,-9845.57068610336,0
392620.746044551,-9870.21970898845,0
392591.405797793,-9894.7806840129,0
392561.992999242,-9919.25339491503,0
392532.507911947,-9943.6376262298,0
392502.950799577,-9967.93316328916,0
392473.321926417,-9992.13979222372,0
392443.621557367,-10016.2572999657,0
392413.849957934,-10040.2854742495,0
392384.007394238,-10064.224103613,0
392354.094133004,-10088.0729774007,0
392324.110441559,-10111.8318857643,0
392294.056587834,-10135.5006196637,0
392263.932840357,-10159.0789708704,0
392233.739468253,-10182.5667319681,0
392203.47674124,-10205.9636963533,0
392173.144929629,-10229.269658239,0
392142.744304318,-10252.4844126552,0
392112.275136794,-10275.6077554497,0
392081.737699125,-10298.639483291,0
392051.132263962,-10321.5793936698,0
392020.459104536,-10344.4272848991,0
391989.718494651,-10367.1829561172,0
391958.910708688,-10389.8462072893,0
391928.036021599,-10412.4168392079,0
391897.094708904,-10434.8946534946,0
391866.087046689,-10457.2794526031,0
391835.013311605,-10479.5710398188,0
391803.873780865,-10501.7692192607,0
391772.668732239,-10523.8737958842,0
391741.398444054,-10545.8845754814,0
391710.063195193,-10567.801364682,0
391678.663265085,-10589.6239709564,0
391647.198933713,-10611.3522026166,0
391615.670481605,-10632.9858688163,0
391584.07818983,-10654.5247795543,0
391552.422340001,-10675.9687456752,0
391520.703214268,-10697.31757887,0
391488.921095319,-10718.5710916785,0
391457.076266373,-10739.7290974911,0
391425.169011181,-10760.7914105487,0
391393.199614025,-10781.757845945,0
391361.168359707,-10802.6282196286,0
391329.075533558,-10823.4023484029,0
391296.921421426,-10844.0800499282,0
391264.706309681,-10864.6611427235,0
391232.430485203,-10885.1454461674,0
391200.094235391,-10905.5327804987,0
391167.697848152,-10925.8229668194,0
391135.241611898,-10946.015827095,0
391102.725815552,-10966.1111841555,0
391070.150748536,-10986.1088616973,0
391037.516700773,-11006.0086842852,0
391004.823962684,-11025.8104773519,0
390972.072825184,-11045.5140672005,0
390939.263579683,-11065.1192810061,0
390906.396518077,-11084.6259468165,0
390873.471932754,-11104.0338935528,0
390840.490116582,-11123.342951012,0
390807.451362915,-11142.5529498682,0
390774.355965584,-11161.663721672,0
390741.204218898,-11180.6750988539,0
390707.99641764,-11199.586914725,0
390674.732857066,-11218.3990034773,0
390641.4138329,-11237.1112001854,0
390608.039641331,-11255.7233408087,0
390574.610579015,-11274.2352621912,0
390541.126943069,-11292.646802063,0
390507.589031066,-11310.9577990422,0
390473.997141037,-11329.1680926359,0
390440.351571467,-11347.2775232402,0
390406.652621293,-11365.2859321427,0
390372.900589896,-11383.1931615238,0
390339.095777106,-11400.9990544566,0
390305.238483197,-11418.7034549086,0
390271.329008881,-11436.3062077433,0
390237.367655308,-11453.8071587215,0
390203.354724065,-11471.2061545007,0
390169.290517171,-11488.5030426381,0
390135.175337074,-11505.6976715915,0
390101.009486649,-11522.7898907191,0
390066.793269199,-11539.7795502815,0
390032.526988445,-11556.6665014432,0
389998.21094853,-11573.4505962732,0
389963.845454013,-11590.1316877452,0
389929.430809868,-11606.7096297402,0
389894.967321479,-11623.1842770471,0
389860.455294641,-11639.5554853629,0
389825.895035553,-11655.8231112944,0
389791.28685082,-11671.9870123596,0
389756.631047446,-11688.0470469883,0
389721.927932835,-11704.0030745224,0
389687.177814786,-11719.8549552183,0
389652.381001491,-11735.6025502474,0
389617.537801532,-11751.2457216963,0
389582.648523882,-11766.7843325685,0
389547.713477894,-11782.218246786,0
389512.732973307,-11797.547329189,0
389477.70732024,-11812.7714455373,0
389442.636829188,-11827.8904625116,0
389407.52181102,-11842.9042477147,0
389372.362576978,-11857.8126696713,0
389337.159438675,-11872.6155978298,0
389301.912708087,-11887.3129025633,0
389266.622697555,-11901.9044551706,0
389231.289719784,-11916.3901278756,0
389195.914087836,-11930.7697938305,0
389160.496115126,-11945.0433271156,0
389125.036115427,-11959.2106027398,0
389089.534402862,-11973.2714966414,0
389053.991291898,-11987.2258856907,0
389018.407097351,-12001.0736476891,0
388982.78213438,-12014.8146613699,0
388947.116718481,-12028.4488064005,0
388911.411165491,-12041.9759633826,0
388875.665791578,-12055.3960138526,0
388839.880913245,-12068.7088402826,0
388804.056847324,-12081.9143260819,0
388768.193910971,-12095.0123555975,0
388732.29242167,-12108.0028141142,0
388696.352697223,-12120.885587856,0
388660.375055753,-12133.6605639876,0
388624.359815696,-12146.3276306141,0
388588.307295805,-12158.8866767817,0
388552.217815143,-12171.3375924794,0
388516.091693078,-12183.6802686396,0
388479.929249285,-12195.9145971383,0
388443.730803744,-12208.0404707957,0
388407.496676733,-12220.057783378,0
388371.227188824,-12231.9664295979,0
388334.922660889,-12243.7663051141,0
388298.583414091,-12255.4573065332,0
388262.209769878,-12267.0393314104,0
388225.802049989,-12278.5122782503,0
388189.360576445,-12289.8760465065,0
388152.885671549,-12301.1305365831,0
388116.377657882,-12312.2756498363,0
388079.836858299,-12323.3112885736,0
388043.263595933,-12334.2373560549,0
388006.658194184,-12345.0537564933,0
387970.020976718,-12355.7603950566,0
387933.352267469,-12366.3571778665,0
387896.652390634,-12376.8440119999,0
387859.921670669,-12387.2208054897,0
387823.160432285,-12397.4874673257,0
387786.369000447,-12407.6439074548,0
387749.547700378,-12417.6900367808,0
387712.696857542,-12427.625767167,0
387675.816797654,-12437.4510114356,0
387638.907846669,-12447.1656833681,0
387601.970330789,-12456.7696977061,0
387565.004576448,-12466.2629701525,0
387528.010910317,-12475.6454173717,0
387490.989659302,-12484.91695699,0
387453.941150538,-12494.0775075957,0
387416.865711386,-12503.1269887411,0
387379.763669433,-12512.0653209422,0
387342.635352488,-12520.892425679,0
387305.48108858,-12529.608225396,0
387268.301205954,-12538.2126435038,0
387231.096033066,-12546.7056043788,0
387193.865898588,-12555.0870333637,0
387156.6111314,-12563.3568567678,0
387119.332060585,-12571.5150018685,0
387082.02901543,-12579.5613969112,0
387044.702325422,-12587.4959711097,0
387007.35232025,-12595.3186546463,0
386969.979329793,-12603.0293786735,0
386932.583684124,-12610.6280753137,0
386895.165713504,-12618.1146776598,0
386857.725748386,-12625.4891197749,0
386820.264119404,-12632.7513366943,0
386782.78115737,-12639.9012644252,0
386745.277193281,-12646.9388399468,0
386707.752558307,-12653.864001211,0
386670.207583791,-12660.6766871431,0
