386649.290904415,12664.4217448195,0
386686.847061882,12657.6717200845,0
386724.3830644,12650.8091864282,0
386761.89858053,12643.8342043834,0
386799.393279005,12636.7468354559,0
386836.866828732,12629.5471421247,0
386874.318898795,12622.2351878418,0
386911.749158457,12614.8110370309,0
386949.157277169,12607.2747550873,0
386986.542924563,12599.6264083772,0
387023.905770457,12591.8660642387,0
387061.245484865,12583.9937909792,0
387098.561737992,12576.009657876,0
387135.854200242,12567.9137351755,0
387173.122542211,12559.7060940936,0
387210.366434703,12551.3868068142,0
387247.585548725,12542.9559464887,0
387284.779555492,12534.4135872356,0
387321.948126425,12525.7598041409,0
387359.090933158,12516.9946732568,0
387396.207647546,12508.1182716003,0
387433.297941656,12499.1306771539,0
387470.361487777,12490.0319688654,0
387507.39795842,12480.8222266463,0
387544.407026325,12471.501531371,0
387581.38836446,12462.0699648772,0
387618.341646021,12452.5276099655,0
387655.26654444,12442.8745503977,0
387692.162733387,12433.1108708968,0
387729.029886772,12423.2366571462,0
387765.867678743,12413.2519957901,0
387802.675783694,12403.1569744315,0
387839.453876271,12392.951681632,0
387876.201631365,12382.6362069115,0
387912.918724122,12372.2106407479,0
387949.604829941,12361.6750745757,0
387986.259624484,12351.0296007852,0
388022.882783671,12340.2743127225,0
388059.473983685,12329.4093046895,0
388096.032900975,12318.4346719415,0
388132.559212262,12307.3505106872,0
388169.052594536,12296.156918089,0
388205.512725062,12284.8539922615,0
388241.939281381,12273.4418322704,0
388278.331941317,12261.9205381322,0
388314.690382972,12250.2902108143,0
388351.014284735,12238.5509522333,0
388387.303325285,12226.7028652541,0
388423.557183589,12214.7460536898,0
388459.775538906,12202.6806223015,0
388495.958070792,12190.5066767963,0
388532.104459103,12178.2243238267,0
388568.214383996,12165.8336709908,0
388604.287525928,12153.3348268315,0
388640.323565666,12140.7279008345,0
388676.322184286,12128.0130034281,0
388712.283063175,12115.1902459833,0
388748.205884034,12102.2597408124,0
388784.090328883,12089.2216011673,0
388819.93608006,12076.07594124,0
388855.742820226,12062.8228761616,0
388891.510232368,12049.462522001,0
388927.2379998,12035.994995764,0
388962.925806168,12022.4204153929,0
388998.573335449,12008.7388997661,0
389034.180271956,11994.9505686962,0
389069.746300345,11981.0555429291,0
389105.271105606,11967.0539441449,0
389140.754373078,11952.9458949552,0
389176.195788445,11938.7315189027,0
389211.595037742,11924.4109404603,0
389246.951807351,11909.9842850315,0
389282.265784014,11895.4516789475,0
389317.536654828,11880.8132494669,0
389352.764107249,11866.0691247759,0
389387.947829095,11851.2194339866,0
389423.087508553,11836.2643071356,0
389458.182834174,11821.2038751832,0
389493.233494879,11806.0382700142,0
389528.239179966,11790.7676244344,0
389563.199579105,11775.3920721709,0
389598.114382348,11759.9117478715,0
389632.983280123,11744.3267871035,0
389667.805963246,11728.6373263518,0
389702.58212292,11712.8435030189,0
389737.311450732,11696.9454554243,0
389771.993638664,11680.9433228024,0
389806.628379094,11664.8372453016,0
389841.215364793,11648.6273639844,0
389875.754288934,11632.3138208256,0
389910.244845092,11615.8967587109,0
389944.686727246,11599.3763214363,0
389979.079629783,11582.7526537078,0
390013.4232475,11566.0259011393,0
390047.717275608,11549.1962102512,0
390081.961409731,11532.2637284709,0
390116.155345913,11515.228604131,0
390150.298780616,11498.0909864673,0
390184.39141073,11480.8510256188,0
390218.432933566,11463.508872627,0
390252.423046866,11446.0646794334,0
390286.361448804,11428.5185988789,0
390320.247837985,11410.8707847038,0
390354.081913452,11393.1213915456,0
390387.863374688,11375.2705749374,0
390421.591921615,11357.318491308,0
390455.267254602,11339.2652979806,0
390488.889074463,11321.1111531704,0
390522.457082463,11302.8562159845,0
390555.970980317,11284.5006464213,0
390589.430470196,11266.0446053681,0
390622.83525473,11247.4882545998,0
390656.185037005,11228.8317567792,0
390689.479520571,11210.0752754549,0
390722.718409446,11191.2189750594,0
390755.901408113,11172.263020909,0
390789.028221525,11153.2075792028,0
390822.098555108,11134.0528170201,0
390855.112114766,11114.7989023198,0
390888.068606878,11095.4460039402,0
390920.967738304,11075.9942915965,0
390953.809216391,11056.4439358792,0
390986.592748967,11036.7951082545,0
391019.318044351,11017.047981062,0
391051.984811352,10997.2027275128,0
391084.592759275,10977.2595216892,0
391117.141597918,10957.2185385441,0
391149.631037579,10937.0799538973,0
391182.060789059,10916.8439444362,0
391214.43056366,10896.5106877143,0
391246.740073192,10876.0803621492,0
391278.989029975,10855.553147021,0
391311.177146839,10834.9292224724,0
391343.304137129,10814.2087695063,0
391375.369714706,10793.3919699839,0
391407.373593953,10772.4790066248,0
391439.31548977,10751.4700630049,0
391471.195117587,10730.3653235544,0
391503.012193356,10709.1649735572,0
391534.766433562,10687.8691991502,0
391566.457555221,10666.47818732,0
391598.085275883,10644.9921259025,0
391629.649313636,10623.4112035824,0
391661.149387107,10601.7356098903,0
391692.585215466,10579.9655352013,0
391723.956518428,10558.1011707354,0
391755.263016254,10536.1427085539,0
391786.504429756,10514.0903415586,0
391817.680480298,10491.9442634912,0
391848.790889799,10469.704668931,0
391879.835380736,10447.3717532931,0
391910.813676146,10424.9457128277,0
391941.725499625,10402.4267446189,0
391972.57057534,10379.8150465816,0
392003.348628021,10357.1108174612,0
392034.05938297,10334.3142568329,0
392064.70256606,10311.4255650977,0
392095.277903741,10288.4449434829,0
392125.785123039,10265.3725940405,0
392156.22395156,10242.2087196444,0
392186.594117495,10218.9535239894,0
392216.895349616,10195.6072115907,0
392247.127377286,10172.1699877808,0
392277.289930457,10148.642058708,0
392307.382739672,10125.0236313365,0
392337.40553607,10101.3149134431,0
392367.358051388,10077.5161136155,0
392397.240017963,10053.6274412523,0
392427.051168732,10029.64910656,0
392456.791237242,10005.5813205515,0
392486.459957641,9981.42429504491,0
392516.057064691,9957.17824266214,0
392545.582293764,9932.8433768259,0
392575.03538085,9908.41991175955,0
392604.416062552,9883.9080624851,0
392633.724076096,9859.30804482044,0
392662.959159327,9834.62007537888,0
392692.121050716,9809.84437156753,0
392721.209489363,9784.98115158421,0
392750.224214993,9760.03063441697,0
392779.164967967,9734.99303984262,0
392808.031489277,9709.86858842354,0
392836.823520554,9684.65750150701,0
392865.540804066,9659.36000122401,0
392894.183082724,9633.97631048582,0
392922.750100083,9608.50665298328,0
392951.241600343,9582.95125318573,0
392979.657328354,9557.31033633751,0
393007.997029617,9531.58412845712,0
393036.260450285,9505.77285633623,0
393064.447337168,9479.87674753618,0
393092.557437735,9453.89603038701,0
393120.590500114,9427.8309339865,0
393148.546273098,9401.6816881967,0
393176.424506144,9375.4485236428,0
393204.224949378,9349.1316717123,0
393231.947353594,9322.73136455141,0
393259.591470262,9296.24783506393,0
393287.157051523,9269.68131691042,0
393314.643850199,9243.0320445045,0
393342.051619788,9216.30025301182,0
393369.380114474,9189.48617834907,0
393396.629089121,9162.59005718038,0
393423.798299284,9135.61212691621,0
393450.887501203,9108.55262571232,0
393477.896451812,9081.41179246615,0
393504.824908738,9054.18986681574,0
393531.672630303,9026.88708913861,0
393558.439375529,8999.50370054814,0
393585.124904138,8972.03994289247,0
393611.728976554,8944.49605875337,0
393638.251353907,8916.87229144252,0
393664.691798036,8889.16888500054,0
393691.050071486,8861.38608419567,0
393717.325937517,8833.52413452006,0
393743.519160105,8805.58328218894,0
393769.629503938,8777.56377413901,0
393795.656734426,8749.46585802488,0
393821.600617702,8721.28978221826,0
393847.460920617,8693.03579580615,0
393873.237410754,8664.70414858734,0
393898.92985642,8636.29509107171,0
393924.538026653,8607.80887447811,0
393950.061691225,8579.24575073105,0
393975.500620641,8550.60597246005,0
394000.854586144,8521.88979299717,0
394026.123359716,8493.09746637394,0
394051.306714081,8464.22924732077,0
394076.404422706,8435.28539126405,0
394101.416259804,8406.26615432348,0
394126.342000336,8377.17179331132,0
394151.181420014,8348.00256572927,0
394175.934295303,8318.75872976602,0
394200.600403421,8289.44054429653,0
394225.179522344,8260.04826887848,0
394249.671430807,8230.58216375027,0
394274.075908307,8201.04248983009,0
394298.392735103,8171.42950871212,0
394322.621692221,8141.74348266494,0
394346.762561453,8111.98467463028,0
394370.815125364,8082.15334821914,0
394394.779167288,8052.24976771054,0
394418.654471335,8022.27419804985,0
394442.440822391,7992.22690484496,0
394466.138006121,7962.1081543654,0
394489.745808969,7931.91821354003,0
394513.264018164,7901.65734995356,0
394536.692421718,7871.32583184584,0
394560.030808432,7840.92392810887,0
394583.278967894,7810.4519082839,0
394606.436690485,7779.91004256063,0
394629.503767378,7749.29860177371,0
394652.479990542,7718.61785740043,0
394675.365152744,7687.86808155966,0
394698.15904755,7657.04954700799,0
394720.861469327,7626.16252713803,0
394743.472213247,7595.2072959769,0
394765.991075286,7564.18412818224,0
394788.417852231,7533.09329904111,0
394810.752341674,7501.93508446765,0
394832.994342024,7470.70976099955,0
394855.1436525,7439.41760579709,0
394877.20007314,7408.05889664014,0
394899.163404797,7376.63391192515,0
394921.033449145,7345.14293066423,0
394942.810008682,7313.58623248142,0
394964.492886728,7281.96409761053,0
394986.081887428,7250.27680689376,0
395007.576815757,7218.5246417777,0
395028.97747752,7186.70788431185,0
395050.283679352,7154.82681714654,0
395071.495228723,7122.88172352908,0
395092.611933939,7090.87288730281,0
395113.633604144,7058.800592904,0
395134.56004932,7026.66512535875,0
395155.391080292,6994.46677028201,0
395176.12650873,6962.20581387371,0
395196.766147146,6929.8825429166,0
395217.309808903,6897.49724477473,0
395237.757308211,6865.05020738931,0
395258.108460132,6832.5417192774,0
395278.36308058,6799.97206952933,0
395298.520986327,6767.34154780514,0
395318.581994999,6734.6504443335,0
395338.545925081,6701.89904990815,0
395358.412595921,6669.0876558853,0
395378.181827726,6636.2165541822,0
395397.853441571,6603.28603727305,0
395417.427259394,6570.29639818738,0
395436.903104003,6537.24793050769,0
395456.280799075,6504.14092836562,0
395475.560169159,6470.97568644088,0
395494.741039678,6437.7524999577,0
395513.823236929,6404.47166468208,0
395532.806588086,6371.13347692031,0
395551.690921204,6337.7382335149,0
395570.476065217,6304.28623184282,0
395589.161849942,6270.7777698131,0
395607.748106079,6237.213145863,0
395626.234665215,6203.59265895683,0
395644.621359825,6169.91660858229,0
395662.908023273,6136.1852947478,0
395681.094489815,6102.39901798091,0
395699.180594598,6068.55807932401,0
395717.166173665,6034.6627803329,0
395735.051063955,6000.71342307385,0
395752.835103306,5966.71031012006,0
395770.518130454,5932.65374455043,0
395788.099985038,5898.54402994549,0
395805.5805076,5864.38147038521,0
395822.959539584,5830.16637044682,0
395840.236923345,5795.8990352008,0
395857.412502143,5761.57977020951,0
395874.486120149,5727.20888152357,0
395891.457622443,5692.78667567907,0
395908.326855022,5658.31345969581,0
395925.093664795,5623.78954107305,0
395941.757899587,5589.21522778795,0
395958.319408142,5554.59082829239,0
395974.778040124,5519.91665150964,0
395991.133646115,5485.19300683282,0
396007.386077624,5450.4202041207,0
396023.53518708,5415.59855369576,0
396039.58082784,5380.72836634146,0
396055.522854188,5345.80995329848,0
396071.361121337,5310.84362626325,0
396087.09548543,5275.82969738392,0
396102.72580354,5240.76847925807,0
396118.251933678,5205.6602849302,0
396133.673734785,5170.50542788782,0
396148.991066742,5135.30422205995,0
396164.203790365,5100.05698181314,0
396179.311767412,5064.76402194903,0
396194.31486058,5029.42565770191,0
396209.212933509,4994.04220473473,0
396224.005850782,4958.61397913759,0
396238.693477929,4923.14129742371,0
396253.275681425,4887.62447652697,0
396267.752328694,4852.06383379945,0
396282.123288107,4816.45968700741,0
396296.388428991,4780.81235432971,0
396310.547621619,4745.12215435379,0
396324.600737223,4709.38940607323,0
396338.547647987,4673.61442888511,0
396352.388227051,4637.79754258612,0
396366.122348516,4601.93906737089,0
396379.749887439,4566.03932382786,0
396393.270719839,4530.09863293704,0
396406.684722696,4494.117316067,0
396419.991773954,4458.09569497129,0
396433.191752519,4422.03409178657,0
396446.284538267,4385.93282902837,0
396459.270012037,4349.79222958914,0
396472.148055638,4313.61261673476,0
396484.918551849,4277.39431410136,0
396497.581384419,4241.13764569316,0
396510.136438069,4204.84293587825,0
396522.583598493,4168.5105093868,0
396534.922752362,4132.14069130712,0
396547.15378732,4095.73380708305,0
396559.276591989,4059.29018251116,0
396571.29105597,4022.81014373692,0
396583.197069841,3986.29401725284,0
396594.994525163,3949.74212989416,0
396606.683314478,3913.15480883687,0
396618.263331311,3876.53238159402,0
396629.73447017,3839.87517601276,0
396641.09662655,3803.18352027174,0
396652.349696931,3766.45774287716,0
396663.493578782,3729.69817266081,0
396674.528170558,3692.90513877588,0
396685.453371706,3656.07897069478,0
396696.269082663,3619.21999820555,0
396706.975204857,3582.32855140879,0
396717.571640711,3545.40496071504,0
396728.058293641,3508.44955684084,0
396738.435068056,3471.46267080666,0
396748.701869364,3434.44463393275,0
396758.85860397,3397.39577783691,0
396768.905179274,3360.3164344308,0
396778.841503679,3323.20693591701,0
396788.667486586,3286.06761478615,0
396798.383038398,3248.89880381316,0
396807.988070519,3211.700836055,0
396817.482495358,3174.47404484653,0
396826.866226325,3137.21876379838,0
396836.139177839,3099.93532679294,0
396845.301265321,3062.6240679818,0
396854.352405202,3025.28532178233,0
396863.292514918,2987.91942287446,0
396872.121512916,2950.52670619793,0
396880.839318652,2913.10750694842,0
396889.445852591,2875.66216057527,0
396897.941036212,2838.19100277733,0
396906.324792003,2800.69436950078,0
396914.597043467,2763.17259693504,0
396922.757715121,2725.62602151032,0
396930.806732496,2688.05497989392,0
396938.744022138,2650.45980898733,0
396946.569511612,2612.84084592297,0
396954.283129496,2575.19842806084,0
396961.884805389,2537.53289298568,0
396969.374469907,2499.84457850324,0
396976.752054688,2462.13382263771,0
396984.017492387,2424.40096362779,0
396991.170716681,2386.64633992428,0
396998.21166227,2348.87029018602,0
397005.140264875,2311.07315327747,0
397011.95646124,2273.25526826476,0
397018.660189134,2235.41697441314,0
397025.251387349,2197.55861118315,0
397031.729995704,2159.68051822787,0
397038.095955042,2121.78303538932,0
397044.349207233,2083.86650269549,0
397050.489695175,2045.93126035694,0
397056.517362792,2007.97764876361,0
397062.432155039,1970.0060084816,0
397068.234017897,1932.01668024984,0
397073.922898378,1894.01000497698,0
397079.498744525,1855.98632373792,0
397084.961505411,1817.94597777084,0
397090.311131139,1779.88930847363,0
397095.547572845,1741.81665740093,0
397100.670782698,1703.72836626056,0
397105.6807139,1665.62477691059,0
397110.577320684,1627.50623135573,0
397115.36055832,1589.37307174437,0
397120.03038311,1551.22564036505,0
397124.586752393,1513.06427964339,0
397129.029624542,1474.88933213865,0
397133.358958967,1436.70114054058,0
397137.574716111,1398.50004766606,0
397141.676857459,1360.28639645583,0
397145.66534553,1322.06052997125,0
397149.54014388,1283.82279139094,0
397153.301217104,1245.57352400761,0
397156.948530837,1207.31307122456,0
397160.482051749,1169.0417765527,0
397163.901747553,1130.75998360688,0
397167.207586999,1092.468036103,0
397170.399539877,1054.16627785432,0
397173.47757702,1015.8550527685,0
397176.441670297,977.534704844047,0
397179.291792621,939.205578167192,0
397182.027917945,900.868016908478,0
397184.650021264,862.522365319481,0
397187.158078613,824.16896772959,0
397189.552067072,785.808168542515,0
397191.83196476,747.440312233233,0
397193.997750841,709.065743344416,0
397196.04940552,670.684806483336,0
397197.986910045,632.297846318446,0
397199.810246708,593.90520757605,0
397201.519398843,555.507235037121,0
397203.114350829,517.104273533799,0
397204.595088088,478.696667946259,0
397205.961597086,440.284763199293,0
397207.213865332,401.868904258992,0
397208.35188138,363.449436129505,0
397209.375634828,325.026703849658,0
397210.285116319,286.601052489631,0
397211.08031754,248.172827147715,0
397211.761231221,209.742372946917,0
397212.327851139,171.310035031671,0
397212.780172114,132.876158564527,0
397213.118190013,94.4410887228398,0
397213.341901745,56.0051706954159,0
397213.451305266,17.5687496792303,0
397213.446399575,-20.867829123917,0
397213.327184717,-59.3042205106945,0
397213.093661783,-97.7400792795875,0
397212.745832906,-136.175060234188,0
397212.283701266,-174.608818186539,0
397211.707271087,-213.041007960432,0
397211.016547638,-251.471284394751,0
397210.211537233,-289.899302346757,0
397209.29224723,-328.324716695431,0
397208.258686032,-366.747182344777,0
397207.110863085,-405.166354227175,0
397205.848788883,-443.581887306634,0
397204.47247496,-481.993436582152,0
397202.981933896,-520.400657091049,0
397201.377179315,-558.803203912234,0
397199.658225885,-597.200732169522,0
397197.825089317,-635.592897035037,0
397195.877786366,-673.979353732376,0
397193.81633483,-712.359757540047,0
397191.640753549,-750.733763794747,0
397189.351062409,-789.101027894601,0
397186.947282336,-827.461205302615,0
397184.429435298,-865.813951549834,0
397181.797544307,-904.158922238728,0
397179.051633416,-942.495773046546,0
397176.19172772,-980.824159728447,0
397173.217853355,-1019.14373812107,0
397170.130037498,-1057.45416414554,0
397166.928308368,-1095.75509381103,0
397163.612695222,-1134.04618321788,0
397160.18322836,-1172.32708856097,0
397156.63993912,-1210.59746613309,0
397152.98285988,-1248.85697232801,0
397149.212024057,-1287.1052636441,0
397145.327466107,-1325.34199668726,0
397141.329221523,-1363.56682817458,0
397137.217326838,-1401.77941493726,0
397132.991819622,-1439.97941392428,0
397128.65273848,-1478.1664822053,0
397124.200123057,-1516.3402769743,0
397119.634014033,-1554.50045555255,0
397114.954453122,-1592.64667539215,0
397110.161483076,-1630.77859407912,0
397105.25514768,-1668.89586933681,0
397100.235491754,-1706.99815902907,0
397095.102561153,-1745.08512116358,0
397089.856402764,-1783.15641389512,0
397084.497064507,-1821.21169552881,0
397079.024595334,-1859.25062452341,0
397073.439045231,-1897.27285949453,0
397067.740465212,-1935.27805921797,0
397061.928907324,-1973.26588263288,0
397056.004424644,-2011.23598884512,0
397049.967071278,-2049.18803713042,0
397043.81690236,-2087.12168693771,0
397037.553974053,-2125.0365978923,0
397031.178343549,-2162.93242979916,0
397024.690069065,-2200.80884264619,0
397018.089209846,-2238.66549660736,0
397011.375826161,-2276.50205204612,0
397004.549979307,-2314.31816951839,0
396997.611731602,-2352.11350977612,0
396990.56114639,-2389.8877337701,0
396983.398288037,-2427.64050265367,0
396976.123221933,-2465.37147778539,0
396968.736014487,-2503.08032073292,0
396961.23673313,-2540.76669327547,0
396953.625446315,-2578.43025740783,0
396945.902223511,-2616.07067534274,0
396938.067135208,-2653.68760951495,0
396930.120252914,-2691.2807225836,0
396922.061649151,-2728.84967743618,0
396913.891397462,-2766.39413719102,0
396905.609572402,-2803.91376520111,0
396897.216249541,-2841.40822505682,0
396888.711505463,-2878.87718058934,0
396880.095417767,-2916.32029587385,0
396871.368065061,-2953.73723523245,0
396862.529526967,-2991.12766323783,0
396853.579884114,-3028.49124471576,0
396844.519218145,-3065.82764474905,0
396835.347611707,-3103.13652867987,0
396826.065148458,-3140.41756211377,0
396816.671913061,-3177.670410922,0
396807.167991185,-3214.89474124538,0
396797.553469506,-3252.09021949698,0
396787.828435701,-3289.25651236539,0
396777.992978452,-3326.39328681809,0
396768.047187442,-3363.50021010403,0
396757.991153355,-3400.57694975758,0
396747.824967877,-3437.62317360068,0
396737.548723689,-3474.63854974699,0
396727.162514475,-3511.62274660402,0
396716.666434912,-3548.57543287709,0
396706.060580675,-3585.49627757189,0
396695.345048434,-3622.38494999771,0
396684.519935853,-3659.24111977087,0
396673.585341587,-3696.06445681712,0
396662.541365285,-3732.85463137565,0
396651.388107585,-3769.61131400119,0
396640.125670116,-3806.334175568,0
396628.754155495,-3843.02288727229,0
396617.273667326,-3879.67712063555,0
396605.684310199,-3916.29654750786,0
396593.986189691,-3952.88084007023,0
396582.17941236,-3989.42967083872,0
396570.264085749,-4025.9427126663,0
396558.240318383,-4062.41963874702,0
396546.108219765,-4098.86012261824,0
396533.867900379,-4135.26383816398,0
396521.519471688,-4171.63045961823,0
396509.063046131,-4207.95966156718,0
396496.49873712,-4244.25111895337,0
396483.826659047,-4280.50450707752,0
396471.046927272,-4316.71950160254,0
396458.15965813,-4352.895778556,0
396445.164968926,-4389.03301433302,0
396432.062977934,-4425.13088570002,0
396418.853804397,-4461.18906979656,0
396405.537568524,-4497.20724413953,0
396392.11439149,-4533.18508662522,0
396378.584395433,-4569.1222755327,0
396364.947703458,-4605.018489527,0
396351.204439627,-4640.87340766127,0
396337.354728965,-4676.68670938094,0
396323.398697455,-4712.45807452543,0
396309.336472038,-4748.18718333203,0
396295.168180611,-4783.87371643854,0
396280.893952027,-4819.51735488574,0
396266.513916091,-4855.1177801214,0
396252.028203561,-4890.67467400189,0
396237.436946146,-4926.18771879625,0
396222.740276502,-4961.65659718851,0
396207.938328238,-4997.08099228039,0
396193.031235903,-5032.46058759516,0
396178.019134997,-5067.79506707916,0
396162.90216196,-5103.08411510604,0
396147.680454175,-5138.32741647879,0
396132.354149966,-5173.52465643267,0
396116.923388597,-5208.67552063882,0
396101.388310268,-5243.77969520593,0
396085.749056116,-5278.83686668428,0
396070.005768213,-5313.8467220679,0
396054.158589566,-5348.80894879734,0
396038.207664109,-5383.72323476338,0
396022.153136712,-5418.58926830848,0
396005.995153168,-5453.40673823099,0
395989.733860203,-5488.17533378721,0
395973.369405463,-5522.89474469401,0
395956.901937522,-5557.56466113268,0
395940.331605875,-5592.1847737503,0
395923.658560937,-5626.75477366381,0
395906.882954044,-5661.27435246223,0
395890.004937449,-5695.74320220904,0
395873.024664321,-5730.16101544614,0
395855.942288744,-5764.52748519523,0
395838.757965713,-5798.84230496156,0
395821.471851137,-5833.10516873657,0
395804.084101833,-5867.3157709998,0
395786.594875525,-5901.47380672305,0
395769.004330846,-5935.57897137182,0
395751.312627332,-5969.63096090863,0
395733.519925421,-6003.62947179614,0
395715.626386454,-6037.57420099864,0
395697.63217267,-6071.46484598626,0
395679.537447209,-6105.30110473667,0
395661.342374103,-6139.08267573778,0
395643.047118282,-6172.8092579914,0
395624.651845567,-6206.4805510145,0
395606.156722669,-6240.09625484305,0
395587.561917192,-6273.65607003442,0
395568.867597623,-6307.15969766924,0
395550.073933339,-6340.60683935552,0
395531.181094597,-6373.99719722993,0
395512.18925254,-6407.33047396106,0
395493.09857919,-6440.60637275248,0
395473.909247446,-6473.82459734414,0
395454.621431087,-6506.98485201632,0
395435.235304764,-6540.08684159164,0
395415.751044005,-6573.13027143716,0
395396.168825207,-6606.11484746829,0
395376.488825636,-6639.04027615001,0
395356.711223428,-6671.90626450018,0
395336.836197584,-6704.71252009244,0
395316.863927968,-6737.45875105756,0
395296.79459531,-6770.14466608743,0
395276.628381196,-6802.76997443687,0
395256.365468074,-6835.33438592576,0
395236.006039247,-6867.8376109429,0
395215.550278872,-6900.27936044717,0
395194.998371962,-6932.65934597067,0
395174.350504379,-6964.97727962175,0
395153.606862833,-6997.23287408616,0
395132.767634884,-7029.42584263096,0
395111.833008936,-7061.55589910648,0
395090.803174236,-7093.62275794813,0
395069.678320873,-7125.6261341803,0
395048.458639775,-7157.56574341765,0
395027.144322709,-7189.44130186776,0
395005.735562277,-7221.25252633454,0
394984.232551913,-7252.99913421916,0
394962.635485885,-7284.68084352367,0
394940.94455929,-7316.29737285337,0
394919.159968053,-7347.84844141813,0
394897.281908924,-7379.33376903635,0
394875.310579477,-7410.75307613653,0
394853.246178108,-7442.10608375919,0
394831.088904034,-7473.39251356075,0
394808.838957287,-7504.61208781448,0
394786.496538718,-7535.76452941335,0
394764.061849989,-7566.84956187317,0
394741.535093575,-7597.86690933352,0
394718.916472762,-7628.81629656122,0
394696.20619164,-7659.69744895273,0
394673.404455108,-7690.51009253527,0
394650.511468866,-7721.25395397068,0
394627.527439419,-7751.92876055712,0
394604.452574067,-7782.53424023061,0
394581.28708091,-7813.07012156893,0
394558.031168842,-7843.53613379278,0
394534.685047552,-7873.93200676793,0
394511.248927518,-7904.25747100882,0
394487.723020009,-7934.51225767933,0
394464.107537077,-7964.69609859573,0
394440.402691563,-7994.80872622954,0
394416.60869709,-8024.84987370841,0
394392.725768058,-8054.81927481946,0
394368.754119649,-8084.71666401164,0
394344.693967819,-8114.54177639667,0
394320.545529301,-8144.29434775273,0
394296.309021596,-8173.97411452626,0
394271.984662978,-8203.58081383317,0
394247.572672487,-8233.11418346267,0
394223.073269929,-8262.57396187857,0
394198.486675872,-8291.95988822088,0
394173.813111648,-8321.27170230958,0
394149.052799345,-8350.5091446455,0
394124.205961809,-8379.67195641247,0
394099.272822641,-8408.75987948073,0
394074.253606194,-8437.77265640764,0
394049.14853757,-8466.71003044028,0
394023.95784262,-8495.57174551843,0
393998.681747941,-8524.35754627532,0
393973.320480874,-8553.06717804043,0
393947.874269499,-8581.70038684224,0
393922.343342638,-8610.25691940884,0
393896.727929848,-8638.73652317117,0
393871.028261419,-8667.13894626524,0
393845.244568378,-8695.46393753292,0
393819.377082479,-8723.71124652528,0
393793.426036202,-8751.88062350461,0
393767.391662758,-8779.97181944515,0
393741.274196076,-8807.98458603669,0
393715.073870809,-8835.9186756862,0
393688.790922327,-8863.77384151876,0
393662.42558672,-8891.54983738114,0
393635.978100787,-8919.24641784329,0
393609.448702043,-8946.86333819929,0
393582.837628712,-8974.40035447103,0
393556.145119723,-9001.85722340943,0
393529.371414713,-9029.23370249556,0
393502.516754019,-9056.52954994429,0
393475.581378682,-9083.74452470536,0
393448.565530437,-9110.87838646458,0
393421.469451718,-9137.93089564744,0
393394.293385651,-9164.90181342009,0
393367.037576053,-9191.79090169063,0
393339.702267431,-9218.59792311262,0
393312.287704977,-9245.32264108601,0
393284.794134567,-9271.96481975845,0
393257.221802761,-9298.52422402883,0
393229.570956796,-9325.00061954804,0
393201.841844588,-9351.39377272043,0
393174.034714726,-9377.70345070714,0
393146.149816472,-9403.92942142702,0
393118.18739976,-9430.07145355791,0
393090.147715187,-9456.12931654007,0
393062.031014019,-9482.10278057698,0
393033.837548184,-9507.99161663664,0
393005.567570271,-9533.79559645496,0
392977.221333525,-9559.5144925366,0
392948.79909185,-9585.14807815614,0
392920.3010998,-9610.69612736149,0
392891.727612581,-9636.15841497476,0
392863.078886048,-9661.53471659333,0
392834.355176704,-9686.82480859322,0
392805.55674169,-9712.0284681301,0
392776.683838795,-9737.14547314009,0
392747.736726443,-9762.17560234329,0
392718.715663694,-9787.11863524469,0
392689.620910244,-9811.97435213502,0
392660.45272642,-9836.74253409407,0
392631.211373177,-9861.42296299185,0
392601.897112099,-9886.01542148919,0
392572.510205393,-9910.51969304108,0
392543.050915886,-9934.93556189791,0
392513.519507027,-9959.26281310603,0
392483.916242882,-9983.50123251083,0
392454.241388129,-10007.6506067583,0
392424.495208061,-10031.7107232954,0
392394.677968579,-10055.6813703729,0
392364.78993619,-10079.5623370474,0
392334.831378009,-10103.3534131814,0
392304.802561749,-10127.0543894461,0
392274.703755727,-10150.6650573231,0
392244.535228853,-10174.1852091052,0
392214.297250635,-10197.6146378985,0
392183.990091172,-10220.9531376245,0
392153.614021153,-10244.2005030207,0
392123.169311854,-10267.3565296423,0
392092.656235136,-10290.421013865,0
392062.075063441,-10313.3937528853,0
392031.426069795,-10336.2745447218,0
392000.709527796,-10359.0631882184,0
391969.92571162,-10381.7594830446,0
391939.074896015,-10404.3632296965,0
391908.157356299,-10426.8742294999,0
391877.173368354,-10449.2922846112,0
391846.123208632,-10471.6171980178,0
391815.007154145,-10493.848773541,0
391783.825482462,-10515.9868158376,0
391752.578471714,-10538.0311303999,0
391721.266400584,-10559.9815235583,0
391689.889548306,-10581.8378024833,0
391658.448194668,-10603.5997751854,0
391626.94262,-10625.2672505173,0
391595.37310518,-10646.8400381763,0
391563.739931626,-10668.3179487043,0
391532.043381299,-10689.7007934894,0
391500.283736692,-10710.9883847686,0
391468.461280835,-10732.1805356281,0
391436.576297291,-10753.2770600041,0
391404.62907015,-10774.2777726862,0
391372.619884031,-10795.1824893173,0
391340.549024075,-10815.9910263947,0
391308.416775946,-10836.7032012728,0
391276.223425827,-10857.3188321639,0
391243.969260417,-10877.8377381387,0
391211.65456693,-10898.2597391288,0
391179.279633091,-10918.5846559278,0
391146.844747132,-10938.8123101924,0
391114.350197794,-10958.9425244432,0
391081.796274321,-10978.9751220675,0
391049.183266456,-10998.9099273195,0
391016.511464445,-11018.7467653213,0
390983.781159025,-11038.4854620651,0
390950.99264143,-11058.1258444148,0
390918.146203382,-11077.6677401054,0
390885.242137094,-11097.110977746,0
390852.280735263,-11116.4553868212,0
390819.262291069,-11135.7007976909,0
390786.187098174,-11154.8470415923,0
390753.055450716,-11173.893950642,0
390719.867643308,-11192.8413578361,0
390686.623971039,-11211.6890970512,0
390653.324729464,-11230.437003047,0
390619.970214607,-11249.0849114667,0
390586.560722959,-11267.6326588376,0
390553.096551471,-11286.0800825733,0
390519.577997553,-11304.4270209748,0
390486.005359074,-11322.673313231,0
390452.378934357,-11340.8187994202,0
390418.699022176,-11358.8633205118,0
390384.965921755,-11376.806718367,0
390351.179932764,-11394.6488357392,0
390317.341355319,-11412.3895162766,0
390283.450489975,-11430.028604523,0
390249.507637726,-11447.5659459176,0
390215.513100004,-11465.0013867976,0
390181.467178672,-11482.334774399,0
390147.370176026,-11499.5659568576,0
390113.22239479,-11516.6947832093,0
390079.024138113,-11533.7211033925,0
390044.775709567,-11550.644768249,0
390010.477413145,-11567.4656295238,0
389976.129553258,-11584.1835398674,0
389941.732434731,-11600.798352837,0
389907.286362802,-11617.3099228968,0
389872.79164312,-11633.7181054186,0
389838.24858174,-11650.0227566846,0
389803.657485122,-11666.2237338875,0
389769.018660127,-11682.3208951303,0
389734.332414018,-11698.3140994292,0
389699.599054452,-11714.2032067143,0
389664.818889481,-11729.9880778294,0
389629.992227549,-11745.6685745339,0
389595.119377488,-11761.2445595039,0
389560.200648516,-11776.7158963334,0
389525.236350235,-11792.0824495338,0
389490.226792629,-11807.3440845362,0
389455.172286056,-11822.5006676929,0
389420.073141255,-11837.5520662767,0
389384.929669335,-11852.4981484824,0
389349.742181775,-11867.3387834288,0
389314.510990421,-11882.0738411588,0
389279.236407486,-11896.7031926394,0
389243.918745545,-11911.2267097644,0
389208.558317532,-11925.6442653545,0
389173.155436735,-11939.955733158,0
389137.710416802,-11954.1609878515,0
389102.22357173,-11968.2599050418,0
389066.695215862,-11982.2523612661,0
389031.125663892,-11996.1382339926,0
388995.515230856,-12009.9174016215,0
388959.86423213,-12023.5897434868,0
388924.172983427,-12037.1551398563,0
388888.441800801,-12050.6134719318,0
388852.671000634,-12063.9646218512,0
388816.860899639,-12077.2084726893,0
388781.011814859,-12090.3449084577,0
388745.12406366,-12103.3738141055,0
388709.197963731,-12116.2950755218,0
388673.233833079,-12129.108579535,0
388637.231990032,-12141.8142139138,0
388601.192753228,-12154.4118673679,0
388565.116441619,-12166.9014295499,0
388529.003374464,-12179.2827910551,0
388492.85387133,-12191.5558434216,0
388456.668252089,-12203.7204791324,0
388420.44683691,-12215.7765916162,0
388384.189946262,-12227.7240752469,0
388347.897900912,-12239.5628253449,0
388311.571021916,-12251.2927381785,0
388275.209630621,-12262.913710964,0
388238.814048664,-12274.4256418663,0
388202.384597966,-12285.8284299997,0
388165.921600727,-12297.1219754292,0
388129.42537943,-12308.3061791707,0
388092.896256833,-12319.3809431912,0
388056.334555971,-12330.3461704104,0
388019.740600146,-12341.201764701,0
387983.114712931,-12351.9476308899,0
387946.457218165,-12362.5836747571,0
387909.768439952,-12373.1098030384,0
387873.048702653,-12383.5259234255,0
387836.298330888,-12393.8319445662,0
387799.517649536,-12404.0277760647,0
387762.706983725,-12414.1133284832,0
387725.866658833,-12424.0885133425,0
387688.997000486,-12433.9532431218,0
387652.098334555,-12443.7074312594,0
387615.170987152,-12453.3509921542,0
387578.215284629,-12462.8838411658,0
387541.231553573,-12472.3058946148,0
387504.220120807,-12481.6170697833,0
387467.181313384,-12490.8172849162,0
387430.115458583,-12499.9064592217,0
387393.022883912,-12508.8845128711,0
387355.903917102,-12517.7513669994,0
387318.758886103,-12526.5069437069,0
387281.588119081,-12535.1511660592,0
387244.391944418,-12543.6839580875,0
387207.170690713,-12552.1052447885,0
387169.924686767,-12560.4149521266,0
387132.654261592,-12568.6130070335,0
387095.359744402,-12576.6993374085,0
387058.041464616,-12584.6738721189,0
387020.699751849,-12592.5365410013,0
386983.334935912,-12600.2872748616,0
386945.947346807,-12607.9260054757,0
386908.537314733,-12615.4526655891,0
386871.105170073,-12622.8671889185,0
386833.651243394,-12630.1695101521,0
386796.175865445,-12637.3595649498,0
386758.679367161,-12644.4372899429,0
386721.162079649,-12651.4026227359,0
386683.624334189,-12658.2555019065,0
386646.066462236,-12664.9958670058,0
386608.488795412,-12671.6236585585,0
386570.89166551,-12678.1388180635,0
386533.275404479,-12684.541287995,0
386495.640344433,-12690.8310118024,0
386457.986817645,-12697.0079339101,0
386420.315156542,-12703.0719997187,0
386382.625693705,-12709.0231556051,0
386344.918761863,-12714.8613489232,0
386307.194693892,-12720.586528004,0
386269.453822817,-12726.1986421553,0
386231.696481802,-12731.6976416634,0
386193.923004148,-12737.0834777928,0
386156.133723296,-12742.3561027864,0
386118.32897282,-12747.5154698658,0
386080.509086425,-12752.5615332318,0
386042.674397943,-12757.4942480654,0
386004.825241333,-12762.3135705269,0
385966.961950678,-12767.0194577569,0
385929.084860179,-12771.6118678765,0
385891.194304156,-12776.0907599878,0
385853.290617042,-12780.4560941741,0
385815.374133386,-12784.7078314997,0
385777.445187844,-12788.8459340108,0
385739.504115177,-12792.870364736,0
385701.551250251,-12796.7810876857,0
385663.586928037,-12800.5780678527,0
385625.6114836,-12804.261271213,0
385587.625252102,-12807.8306647256,0
385549.6285688,-12811.2862163325,0
385511.621769039,-12814.6278949595,0
385473.605188254,-12817.8556705162,0
385435.579161962,-12820.969513896,0
385397.544025765,-12823.9693969766,0
385359.500115345,-12826.8552926203,0
385321.447766458,-12829.6271746739,0
385283.387314936,-12832.2850179691,0
385245.319096683,-12834.8287983227,0
385207.243447671,-12837.2584925367,0
385169.160703937,-12839.5740783987,0
385131.071201582,-12841.7755346816,0
385092.97527677,-12843.8628411445,0
385054.873265719,-12845.8359785321,0
385016.765504704,-12847.6949285754,0
384978.652330053,-12849.4396739917,0
384940.534078143,-12851.0701984847,0
384902.411085398,-12852.5864867446,0
384864.283688286,-12853.9885244484,0
384826.152223317,-12855.2762982598,0
384788.01702704,-12856.4497958296,0
384749.878436041,-12857.5090057956,0
384711.736786937,-12858.4539177828,0
384673.592416378,-12859.2845224035,0
384635.44566104,-12860.0008112574,0
384597.296857627,-12860.6027769315,0
384559.146342862,-12861.0904130007,0
384520.994453492,-12861.4637140272,0
384482.841526277,-12861.7226755612,0
384444.687897995,-12861.8672941404,0
384406.533905432,-12861.8975672906,0
384368.379885387,-12861.8134935253,0
384330.226174662,-12861.6150723461,0
384292.073110063,-12861.3023042425,0
384253.9210284,-12860.875190692,0
384215.770266476,-12860.3337341602,0
384177.621161094,-12859.6779381007,0
384139.474049047,-12858.9078069554,0
384101.329267118,-12858.0233461539,0
384063.187152078,-12857.0245621143,0
384025.048040683,-12855.9114622426,0
383986.912269669,-12854.6840549329,0
383948.780175753,-12853.3423495675,0
383910.652095627,-12851.8863565166,0
383872.528365957,-12850.3160871385,0
383834.40932338,-12848.6315537794,0
383796.2953045,-12846.8327697736,0
383758.18664589,-12844.9197494433,0
383720.083684081,-12842.8925080984,0
383681.986755568,-12840.7510620367,0
383643.896196799,-12838.4954285437,0
383605.812344182,-12836.1256258926,0
383567.735534072,-12833.6416733441,0
383529.666102775,-12831.0435911465,0
383491.604386545,-12828.3314005355,0
383453.550721577,-12825.505123734,0
383415.505444007,-12822.564783952,0
383377.468889911,-12819.510405387,0
383339.441395302,-12816.3420132231,0
383301.42329612,-12813.0596336314,0
383263.414928239,-12809.6632937696,0
383225.416627463,-12806.1530217824,0
383187.428729515,-12802.5288468004,0
383149.451570042,-12798.7907989408,0
383111.485484612,-12794.9389093069,0
383073.530808707,-12790.9732099881,0
383035.587877725,-12786.8937340593,0
382997.657026971,-12782.7005155814,0
382959.738591664,-12778.3935896007,0
382921.832906925,-12773.9729921487,0
382883.940307776,-12769.4387602418,0
382846.061129142,-12764.7909318816,0
382808.195705848,-12760.0295460544,0
382770.344372607,-12755.1546427308,0
382732.507464028,-12750.1662628656,0
382694.685314609,-12745.0644483977,0
382656.878258734,-12739.8492422502,0
382619.086630672,-12734.5206883292,0
382581.310764568,-12729.078831524,0
382543.550994453,-12723.5237177078,0
382505.807654228,-12717.855393736,0
382468.081077669,-12712.0739074466,0
382430.37159842,-12706.1793076597,0
382392.679549997,-12700.171644178,0
382355.005265776,-12694.0509677856,0
382317.349078996,-12687.8173302479,0
382279.711322755,-12681.4707843113,0
382242.092330011,-12675.0113837037,0
382204.492433573,-12668.4391831331,0
382166.9119661,-12661.7542382875,0
382129.3512601,-12654.9566058349,0
382091.810647928,-12648.0463434233,0
382054.290461781,-12641.0235096797,0
382016.791033697,-12633.8881642097,0
381979.312695547,-12626.6403675973,0
381941.855779044,-12619.2801814056,0
381904.420615729,-12611.807668175,0
381867.007536972,-12604.222891423,0
381829.616873968,-12596.5259156444,0
381792.248957739,-12588.716806311,0
381754.904119129,-12580.795629871,0
381717.582688796,-12572.7624537479,0
381680.284997216,-12564.617346341,0
381643.011374678,-12556.3603770248,0
381605.762151282,-12547.991616149,0
381568.537656933,-12539.5111350367,0
381531.338221342,-12530.9190059849,0
381494.164174023,-12522.2153022647,0
381457.015844289,-12513.4000981201,0
381419.893561248,-12504.473468767,0
381382.797653802,-12495.4354903936,0
381345.728450645,-12486.28624016,0
381308.686280262,-12477.0257961977,0
381271.671470919,-12467.6542376081,0
381234.684350665,-12458.171644463,0
381197.725247334,-12448.5780978044,0
381160.794488534,-12438.8736796434,0
381123.892401647,-12429.0584729593,0
381087.019313829,-12419.1325616997,0
381050.175552005,-12409.0960307806,0
381013.361442866,-12398.9489660848,0
380976.577312868,-12388.6914544612,0
380939.823488225,-12378.3235837252,0
380903.100294913,-12367.8454426581,0
380866.408058664,-12357.2571210061,0
380829.74710496,-12346.5587094792,0
380793.117759033,-12335.7502997517,0
380756.520345866,-12324.831984462,0
380719.955190186,-12313.8038572102,0
380683.422616459,-12302.6660125586,0
380646.922948892,-12291.4185460316,0
380610.456511432,-12280.0615541147,0
380574.023627756,-12268.5951342534,0
380537.624621271,-12257.0193848524,0
380501.259815116,-12245.3344052767,0
380464.929532156,-12233.5402958495,0
380428.634094977,-12221.6371578514,0
380392.373825883,-12209.6250935201,0
380356.149046902,-12197.504206051,0
380319.960079773,-12185.2745995947,0
380283.807245946,-12172.936379257,0
380247.690866582,-12160.4896510981,0
380211.61126255,-12147.9345221334,0
380175.568754422,-12135.2711003303,0
380139.563662469,-12122.499494609,0
380103.596306665,-12109.6198148418,0
380067.667006677,-12096.6321718527,0
380031.776081865,-12083.5366774152,0
379995.923851279,-12070.3334442527,0
379960.110633661,-12057.0225860383,0
379924.336747433,-12043.6042173932,0
379888.602510701,-12030.0784538855,0
379852.908241251,-12016.4454120304,0
379817.254256546,-12002.7052092901,0
379781.640873724,-11988.8579640709,0
379746.06840959,-11974.9037957237,0
379710.537180624,-11960.8428245439,0
379675.047502968,-11946.6751717696,0
379639.599692429,-11932.4009595807,0
379604.194064472,-11918.0203110985,0
379568.830934223,-11903.5333503857,0
379533.510616463,-11888.940202444,0
379498.233425624,-11874.2409932139,0
379462.999675787,-11859.4358495745,0
379427.809680683,-11844.5248993425,0
379392.663753685,-11829.5082712701,0
379357.562207808,-11814.3860950455,0
379322.505355707,-11799.1585012922,0
379287.493509673,-11783.825621567,0
379252.526981628,-11768.3875883595,0
379217.606083129,-11752.8445350919,0
379182.731125359,-11737.1965961178,0
379147.902419125,-11721.4439067206,0
379113.12027486,-11705.5866031131,0
379078.385002614,-11689.6248224375,0
379043.696912056,-11673.558702763,0
379009.05631247,-11657.3883830851,0
378974.463512749,-11641.1140033257,0
378939.918821401,-11624.7357043318,0
378905.422546534,-11608.2536278735,0
378870.974995863,-11591.6679166438,0
378836.576476706,-11574.9787142588,0
378802.227295976,-11558.1861652547,0
378767.927760183,-11541.2904150873,0
378733.67817543,-11524.2916101324,0
378699.478847413,-11507.1898976837,0
378665.330081411,-11489.9854259514,0
378631.232182291,-11472.6783440617,0
378597.185454503,-11455.2688020569,0
378563.190202074,-11437.7569508922,0
378529.24672861,-11420.1429424359,0
378495.35533729,-11402.4269294687,0
378461.516330865,-11384.6090656822,0
378427.730011656,-11366.689505677,0
378393.996681549,-11348.6684049632,0
378360.316641994,-11330.5459199588,0
378326.690194002,-11312.3222079878,0
378293.11763814,-11293.9974272796,0
378259.599274535,-11275.5717369689,0
378226.135402863,-11257.0452970934,0
378192.726322351,-11238.4182685922,0
378159.372331775,-11219.6908133066,0
378126.073729454,-11200.8630939777,0
378092.83081325,-11181.9352742448,0
378059.643880564,-11162.9075186453,0
378026.513228336,-11143.7799926137,0
377993.439153036,-11124.552862479,0
377960.421950669,-11105.2262954646,0
377927.461916767,-11085.8004596878,0
377894.55934639,-11066.2755241569,0
377861.714534119,-11046.6516587709,0
377828.927774058,-11026.9290343188,0
377796.199359828,-11007.107822478,0
377763.529584565,-10987.188195812,0
377730.91874092,-10967.170327771,0
377698.367121053,-10947.05439269,0
377665.875016631,-10926.8405657866,0
377633.442718826,-10906.5290231608,0
377601.070518313,-10886.1199417941,0
377568.758705267,-10865.6134995471,0
377536.507569358,-10845.0098751582,0
377504.317399753,-10824.3092482441,0
377472.188485109,-10803.5117992967,0
377440.121113571,-10782.6177096819,0
377408.115572774,-10761.6271616395,0
377376.172149834,-10740.5403382812,0
377344.291131348,-10719.3574235885,0
377312.472803393,-10698.0786024127,0
377280.717451521,-10676.7040604734,0
377249.025360758,-10655.2339843557,0
377217.396815599,-10633.6685615104,0
377185.83210001,-10612.0079802528,0
377154.331497418,-10590.2524297596,0
377122.895290717,-10568.4021000688,0
377091.52376226,-10546.4571820788,0
377060.217193856,-10524.4178675458,0
377028.975866769,-10502.2843490824,0
376997.800061718,-10480.0568201576,0
376966.69005887,-10457.7354750943,0
376935.646137838,-10435.3205090673,0
376904.668577681,-10412.8121181034,0
376873.7576569,-10390.210499079,0
376842.913653435,-10367.5158497183,0
376812.136844661,-10344.7283685929,0
376781.427507389,-10321.8482551198,0
376750.785917863,-10298.8757095593,0
376720.212351751,-10275.8109330144,0
376689.707084153,-10252.6541274296,0
376659.270389589,-10229.405495588,0
376628.902542001,-10206.0652411104,0
376598.60381475,-10182.6335684551,0
376568.374480614,-10159.1106829143,0
376538.214811782,-10135.4967906134,0
376508.125079855,-10111.7920985104,0
376478.105555843,-10087.9968143929,0
376448.156510162,-10064.1111468766,0
376418.278212628,-10040.1353054056,0
376388.470932463,-10016.0695002485,0
376358.734938281,-9991.91394249763,0
376329.070498096,-9967.66884406832,0
376299.477879314,-9943.33441769631,0
376269.957348729,-9918.91087693581,0
376240.509172526,-9894.39843615927,0
376211.133616273,-9869.79731055478,0
376181.830944922,-9845.10771612392,0
376152.601422804,-9820.32986968149,0
376123.44531363,-9795.46398885315,0
376094.362880483,-9770.51029207298,0
376065.354385821,-9745.46899858323,0
376036.420091472,-9720.34032843208,0
376007.56025863,-9695.12450247102,0
375978.775147854,-9669.82174235455,0
375950.065019069,-9644.43227053813,0
375921.430131554,-9618.95631027533,0
375892.870743952,-9593.39408561752,0
375864.387114257,-9567.74582141189,0
375835.979499815,-9542.01174329855,0
375807.648157325,-9516.19207771008,0
375779.393342831,-9490.2870518697,0
375751.215311723,-9464.29689378821,0
375723.114318735,-9438.22183226356,0
375695.090617937,-9412.062096879,0
375667.14446274,-9385.817918,0
375639.27610589,-9359.48952677373,0
375611.485799463,-9333.07715512729,0
375583.773794868,-9306.58103576452,0
375556.14034284,-9280.00140216549,0
375528.58569344,-9253.33848858467,0
375501.11009605,-9226.59253004777,0
375473.713799375,-9199.76376235115,0
375446.397051437,-9172.85242206,0
375419.160099571,-9145.85874650508,0
375392.003190428,-9118.78297378227,0
375364.926569968,-9091.62534275051,0
375337.930483459,-9064.38609302867,0
375311.015175475,-9037.06546499504,0
375284.180889895,-9009.66369978517,0
375257.427869894,-8982.18103928878,0
375230.75635795,-8954.61772614928,0
375204.166595835,-8926.97400376142,0
375177.658824615,-8899.25011626832,0
375151.233284647,-8871.44630856094,0
375124.890215576,-8843.5628262756,0
375098.629856335,-8815.59991579108,0
375072.452445139,-8787.55782422815,0
375046.358219486,-8759.4367994468,0
375020.347416152,-8731.23709004352,0
374994.420271191,-8702.95894535087,0
374968.577019931,-8674.60261543436,0
374942.817896972,-8646.16835109005,0
374917.143136184,-8617.65640384399,0
374891.552970702,-8589.06702594887,0
374866.04763293,-8560.40047038189,0
374840.627354532,-8531.65699084409,0
374815.292366432,-8502.83684175671,0
374790.042898813,-8473.94027825948,0
374764.879181114,-8444.96755620961,0
374739.801442026,-8415.91893217815,0
374714.809909491,-8386.79466344837,0
374689.904810702,-8357.59500801474,0
374665.086372095,-8328.32022457896,0
374640.354819351,-8298.97057254883,0
374615.710377394,-8269.5463120367,0
374591.153270386,-8240.04770385569,0
374566.683721727,-8210.47500951877,0
374542.301954052,-8180.82849123668,0
374518.008189226,-8151.1084119144,0
374493.802648348,-8121.31503515048,0
374469.685551743,-8091.4486252343,0
374445.65711896,-8061.50944714299,0
374421.717568776,-8031.49776654077,0
374397.867119184,-8001.41384977571,0
374374.1059874,-7971.25796387713,0
374350.434389855,-7941.0303765548,0
374326.852542193,-7910.73135619526,0
374303.360659274,-7880.36117185982,0
374279.958955164,-7849.92009328342,0
374256.647643139,-7819.40839087069,0
374233.42693568,-7788.82633569449,0
374210.297044472,-7758.17419949426,0
374187.2581804,-7727.4522546721,0
374164.310553548,-7696.66077429178,0
374141.454373198,-7665.80003207632,0
374118.689847826,-7634.87030240447,0
374096.017185099,-7603.87186030997,0
374073.436591876,-7572.80498147828,0
374050.948274203,-7541.66994224382,0
374028.552437313,-7510.46701958901,0
374006.249285622,-7479.19649114051,0
373984.039022727,-7447.85863516709,0
373961.921851405,-7416.45373057838,0
373939.897973611,-7384.98205692068,0
373917.967590473,-7353.44389437573,0
373896.130902295,-7321.83952375846,0
373874.38810855,-7290.16922651323,0
373852.73940788,-7258.43328471294,0
373831.184998094,-7226.63198105583,0
373809.725076166,-7194.76559886248,0
373788.359838231,-7162.83442207483,0
373767.089479588,-7130.83873525227,0
373745.914194689,-7098.77882356953,0
373724.834177147,-7066.65497281518,0
373703.849619728,-7034.46746938745,0
373682.960714348,-7002.21660029296,0
373662.167652076,-6969.90265314416,0
373641.470623128,-6937.5259161557,0
373620.869816865,-6905.08667814343,0
373600.365421795,-6872.58522852084,0
373579.957625564,-6840.02185729637,0
373559.646614961,-6807.39685507208,0
373539.432575912,-6774.71051303957,0
373519.315693479,-6741.96312297819,0
373499.296151859,-6709.15497725291,0
373479.374134379,-6676.28636881034,0
373459.549823498,-6643.35759117762,0
373439.823400802,-6610.36893845906,0
373420.195047003,-6577.32070533311,0
373400.664941939,-6544.21318705111,0
373381.233264568,-6511.0466794331,0
373361.90019297,-6477.821478866,0
373342.665904341,-6444.53788230136,0
373323.530574996,-6411.19618725136,0
373304.494380364,-6377.79669178763,0
373285.557494986,-6344.33969453777,0
373266.720092514,-6310.82549468237,0
373247.982345708,-6277.25439195358,0
373229.344426436,-6243.62668663087,0
373210.806505672,-6209.94267953929,0
373192.368753491,-6176.20267204691,0
373174.03133907,-6142.40696606096,0
373155.794430687,-6108.55586402658,0
373137.658195717,-6074.64966892303,0
373119.622800629,-6040.68868426101,0
373101.688410989,-6006.67321408093,0
373083.855191453,-5972.60356294856,0
373066.123305768,-5938.48003595362,0
373048.49291677,-5904.30293870647,0
373030.964186382,-5870.07257733486,0
373013.537275611,-5835.78925848239,0
372996.212344547,-5801.4532893043,0
372978.989552364,-5767.06497746546,0
372961.869057312,-5732.62463113782,0
372944.851016723,-5698.13255899642,0
372927.935587003,-5663.5890702181,0
372911.122923631,-5628.99447447741,0
372894.413181162,-5594.34908194417,0
372877.806513221,-5559.65320328128,0
372861.303072501,-5524.90714964046,0
372844.903010764,-5490.11123266088,0
372828.606478838,-5455.26576446535,0
372812.413626614,-5420.37105765739,0
372796.324603048,-5385.42742531938,0
372780.339556155,-5350.43518100814,0
372764.45863301,-5315.39463875336,0
372748.681979746,-5280.30611305408,0
372733.009741551,-5245.16991887544,0
372717.442062669,-5209.98637164689,0
372701.979086396,-5174.75578725783,0
372686.620955078,-5139.47848205582,0
372671.367810114,-5104.15477284315,0
372656.219791947,-5068.78497687358,0
372641.17704007,-5033.3694118504,0
372626.239693018,-4997.90839592212,0
372611.407888372,-4962.40224768063,0
372596.681762752,-4926.8512861577,0
372582.061451822,-4891.25583082177,0
372567.547090281,-4855.61620157585,0
372553.138811867,-4819.93271875327,0
372538.836749354,-4784.20570311585,0
372524.641034549,-4748.43547585017,0
372510.551798293,-4712.62235856456,0
372496.569170458,-4676.76667328683,0
372482.693279946,-4640.86874245996,0
372468.924254685,-4604.92888894045,0
372455.262221634,-4568.94743599418,0
372441.707306773,-4532.92470729383,0
372428.259635111,-4496.86102691613,0
372414.919330674,-4460.75671933786,0
372401.686516515,-4424.612109434,0
372388.561314701,-4388.42752247353,0
372375.543846322,-4352.20328411703,0
372362.634231483,-4315.93972041357,0
372349.832589305,-4279.63715779697,0
372337.139037923,-4243.29592308381,0
372324.553694486,-4206.91634346909,0
372312.076675154,-4170.49874652412,0
372299.708095096,-4134.04346019286,0
372287.448068492,-4097.55081278878,0
372275.296708528,-4061.02113299229,0
372263.254127399,-4024.45474984662,0
372251.320436303,-3987.85199275587,0
372239.495745441,-3951.21319148072,0
372227.780164018,-3914.53867613613,0
372216.173800242,-3877.82877718777,0
372204.676761317,-3841.08382544873,0
372193.28915345,-3804.30415207703,0
372182.011081842,-3767.49008857135,0
372170.842650693,-3730.64196676909,0
372159.783963198,-3693.76011884206,0
372148.835121545,-3656.84487729406,0
372137.996226914,-3619.89657495741,0
372127.26737948,-3582.91554498949,0
372116.648678406,-3545.90212087025,0
372106.140221844,-3508.85663639797,0
372095.742106936,-3471.77942568716,0
372085.45442981,-3434.67082316432,0
372075.277285581,-3397.5311635655,0
372065.210768349,-3360.36078193257,0
372055.254971196,-3323.16001361014,0
372045.409986188,-3285.92919424252,0
372035.675904374,-3248.6686597699,0
372026.052815781,-3211.37874642599,0
372016.540809418,-3174.05979073368,0
372007.139973271,-3136.71212950286,0
371997.850394306,-3099.33609982621,0
371988.672158461,-3061.93203907663,0
371979.605350655,-3024.5002849036,0
371970.650054777,-2987.04117522984,0
371961.806353693,-2949.55504824848,0
371953.074329239,-2912.04224241904,0
371944.454062225,-2874.503096465,0
371935.94563243,-2836.9379493696,0
371927.549118603,-2799.34714037341,0
371919.264598464,-2761.7310089702,0
371911.092148698,-2724.08989490439,0
371903.031844959,-2686.42413816705,0
371895.083761867,-2648.73407899311,0
371887.247973007,-2611.02005785776,0
371879.524550928,-2573.28241547311,0
371871.913567144,-2535.52149278511,0
371864.415092131,-2497.73763096977,0
371857.029195327,-2459.93117143041,0
371849.755945132,-2422.10245579364,0
371842.595408905,-2384.25182590672,0
371835.547652965,-2346.37962383349,0
371828.61274259,-2308.48619185174,0
371821.790742018,-2270.57187244913,0
371815.081714441,-2232.63700832053,0
371808.485722009,-2194.68194236399,0
371802.002825829,-2156.70701767797,0
371795.633085961,-2118.71257755745,0
371789.376561421,-2080.69896549101,0
371783.233310178,-2042.66652515703,0
371777.203389155,-2004.6156004207,0
371771.286854226,-1966.54653533026,0
371765.483760217,-1928.45967411399,0
371759.794160907,-1890.35536117646,0
371754.218109023,-1852.23394109541,0
371748.755656242,-1814.0957586182,0
371743.406853193,-1775.94115865847,0
371738.17174945,-1737.77048629269,0
371733.050393538,-1699.58408675687,0
371728.042832927,-1661.38230544294,0
371723.149114036,-1623.1654878956,0
371718.36928223,-1584.93397980867,0
371713.703381818,-1546.68812702185,0
371709.151456056,-1508.42827551717,0
371704.713547145,-1470.1547714157,0
371700.38969623,-1431.86796097395,0
371696.1799434,-1393.56819058071,0
371692.084327686,-1355.25580675323,0
371688.102887063,-1316.9311561343,0
371684.235658449,-1278.59458548826,0
371680.482677703,-1240.24644169809,0
371676.843979627,-1201.88707176152,0
371673.319597962,-1163.51682278799,0
371669.909565391,-1125.13604199485,0
371666.613913538,-1086.74507670424,0
371663.432672967,-1048.34427433935,0
371660.365873179,-1009.93398242125,0
371657.413542619,-971.514548565239,0
371654.575708667,-933.086320477451,0
371651.852397643,-894.64964595153,0
371649.243634805,-856.204872864919,0
371646.749444351,-817.75234917571,0
371644.369849414,-779.292422918927,0
371642.104872066,-740.825442203237,0
371639.954533317,-702.351755207444,0
371637.918853111,-663.871710176974,0
371635.997850333,-625.385655420543,0
371634.1915428,-586.893939306539,0
371632.499947269,-548.396910259707,0
371630.923079431,-509.894916757591,0
371629.460953914,-471.388307327096,0
371628.113584281,-432.877430541046,0
371626.880983031,-394.362635014695,0
371625.763161599,-355.844269402253,0
371624.760130354,-317.322682393464,0
371623.871898602,-278.798222710092,0
371623.098474582,-240.271239102462,0
371622.439865469,-201.742080346019,0
371621.896077374,-163.211095237851,0
371621.46711534,-124.67863259316,0
371621.152983348,-86.1450412419022,0
371620.953684311,-47.6106700252322,0
371620.86922008,-9.07586779205711,0
371620.899591436,29.4590166044082,0
371621.044798099,67.9936343101524,0
371621.304838721,106.527636473815,0
371621.67971089,145.06067425013,0
371622.169411128,183.592398803472,0
371622.773934892,222.122461311228,0
371623.493276574,260.650512967349,0
371624.327429502,299.176204985782,0
371625.276385935,337.699188603917,0
371626.340137072,376.219115086098,0
371627.518673044,414.735635727097,0
371628.811982917,453.248401855515,0
371630.220054695,491.7570648373,0
371631.742875315,530.261276079246,0
371633.380430652,568.76068703236,0
371635.132705514,607.25494919541,0
371636.999683647,645.743714118379,0
371638.981347734,684.226633405878,0
371641.077679391,722.703358720648,0
371643.288659175,761.173541787049,0
371645.614266576,799.636834394413,0
371648.054480024,838.092888400664,0
371650.609276884,876.541355735611,0
371653.278633462,914.981888404508,0
371656.062524997,953.414138491517,0
371658.960925671,991.837758163029,0
371661.973808602,1030.25239967135,0
371665.101145848,1068.65771535787,0
371668.342908403,1107.05335765676,0
371671.699066206,1145.43897909829,0
371675.169588131,1183.81423231225,0
371678.754441995,1222.17877003158,0
371682.453594554,1260.53224509548,0
371686.267011506,1298.87431045327,0
371690.19465749,1337.20461916741,0
371694.236496087,1375.5228244173,0
371698.39248982,1413.82857950243,0
371702.662600156,1452.12153784603,0
371707.046787502,1490.40135299831,0
371711.545011212,1528.66767864007,0
371716.157229582,1566.92016858602,0
371720.883399853,1605.15847678816,0
371725.723478213,1643.3822573394,0
371730.677419792,1681.59116447668,0
371735.745178669,1719.78485258474,0
371740.926707869,1757.96297619916,0
371746.221959364,1796.12519001013,0
371751.630884073,1834.27114886555,0
371757.153431865,1872.40050777474,0
371762.789551556,1910.51292191147,0
371768.539190914,1948.60804661782,0
371774.402296654,1986.68553740706,0
371780.378814446,2024.74504996762,0
371786.468688906,2062.78624016589,0
371792.671863608,2100.80876405014,0
371798.988281074,2138.81227785346,0
371805.417882782,2176.79643799757,0
371811.960609163,2214.76090109575,0
371818.616399604,2252.70532395668,0
371825.385192445,2290.62936358735,0
371832.266924985,2328.53267719688,0
371839.261533479,2366.41492219951,0
371846.368953139,2404.27575621821,0
371853.589118136,2442.11483708793,0
371860.921961601,2479.93182285897,0
371868.367415624,2517.72637180039,0
371875.925411255,2555.49814240321,0
371883.595878508,2593.24679338404,0
371891.378746359,2630.971983688,0
371899.273942744,2668.6733724926,0
371907.281394567,2706.35061921039,0
371915.401027695,2744.00338349314,0
371923.632766962,2781.63132523422,0
371931.976536167,2819.23410457284,0
371940.432258078,2856.81138189655,0
371948.999854432,2894.36281784529,0
371957.679245933,2931.88807331403,0
371966.470352258,2969.38680945664,0
371975.373092054,3006.8586876888,0
371984.387382939,3044.30336969143,0
371993.513141506,3081.7205174142,0
372002.750283323,3119.10979307825,0
372012.098722929,3156.4708591803,0
372021.558373844,3193.80337849494,0
372031.129148561,3231.10701407898,0
372040.810958554,3268.38142927366,0
372050.603714276,3305.62628770883,0
372060.507325157,3342.84125330556,0
372070.521699612,3380.02599027975,0
372080.646745036,3417.18016314529,0
372090.882367809,3454.30343671714,0
372101.228473294,3491.39547611505,0
372111.68496584,3528.45594676598,0
372122.251748783,3565.48451440839,0
372132.928724446,3602.48084509435,0
372143.715794142,3639.44460519375,0
372154.612858173,3676.37546139682,0
372165.619815832,3713.27308071762,0
372176.736565406,3750.13713049743,0
372187.963004173,3786.96727840734,0
372199.299028408,3823.7631924524,0
372210.74453338,3860.52454097362,0
372222.299413356,3897.25099265238,0
372233.963561602,3933.94221651261,0
372245.736870382,3970.59788192456,0
372257.619230962,4007.21765860783,0
372269.610533609,4043.8012166342,0
372281.710667594,4080.34822643154,0
372293.919521191,4116.85835878591,0
372306.236981683,4153.33128484587,0
372318.662935356,4189.76667612459,0
372331.197267508,4226.16420450359,0
372343.839862445,4262.5235422359,0
372356.590603483,4298.84436194849,0
372369.449372952,4335.12633664654,0
372382.416052195,4371.36913971522,0
372395.490521571,4407.57244492402,0
372408.672660453,4443.73592642899,0
372421.962347235,4479.85925877609,0
372435.359459328,4515.94211690472,0
372448.863873163,4551.98417614976,0
372462.475464195,4587.98511224595,0
372476.194106901,4623.94460132979,0
372490.019674783,4659.86231994331,0
372503.95204037,4695.73794503704,0
372517.991075216,4731.57115397249,0
372532.136649909,4767.36162452627,0
372546.388634062,4803.1090348918,0
372560.746896324,4838.81306368356,0
372575.211304376,4874.47338993937,0
372589.781724934,4910.08969312343,0
372604.458023751,4945.66165313,0
372619.240065617,4981.18895028525,0
372634.127714364,5016.67126535153,0
372649.120832862,5052.10827952937,0
372664.219283025,5087.49967446084,0
372679.422925812,5122.8451322329,0
372694.731621227,5158.14433537933,0
372710.145228321,5193.39696688503,0
372725.663605194,5228.60271018786,0
372741.286608997,5263.761249182,0
372757.014095933,5298.87226822138,0
372772.845921258,5333.93545212141,0
372788.781939283,5368.95048616332,0
372804.822003378,5403.91705609602,0
372820.96596597,5438.83484813933,0
372837.213678546,5473.7035489874,0
372853.564991656,5508.52284581045,0
372870.019754911,5543.29242625901,0
372886.577816992,5578.01197846583,0
372903.239025641,5612.68119104894,0
372920.003227674,5647.29975311521,0
372936.870268973,5681.86735426188,0
372953.839994495,5716.38368458085,0
372970.912248269,5750.84843466063,0
372988.0868734,5785.26129558915,0
373005.363712069,5819.62195895747,0
373022.742605539,5853.93011686128,0
373040.22339415,5888.18546190492,0
373057.805917327,5922.38768720368,0
373075.490013578,5956.53648638613,0
373093.275520496,5990.63155359815,0
373111.162274765,6024.67258350428,0
373129.150112156,6058.6592712915,0
373147.23886753,6092.5913126719,0
373165.428374846,6126.46840388458,0
373183.718467152,6160.2902416998,0
373202.108976598,6194.0565234205,0
373220.59973443,6227.7669468855,0
373239.190570995,6261.42121047276,0
373257.881315742,6295.01901310085,0
373276.671797224,6328.560054233,0
373295.561843102,6362.0440338791,0
373314.551280142,6395.47065259811,0
373333.639934223,6428.83961150189,0
373352.827630333,6462.15061225645,0
373372.114192575,6495.40335708566,0
373391.499444169,6528.59754877387,0
373410.983207448,6561.73289066751,0
373430.565303869,6594.80908667935,0
373450.245554009,6627.82584128993,0
373470.023777567,6660.78285955035,0
373489.899793367,6693.6798470858,0
373509.873419364,6726.51651009681,0
373529.944472636,6759.29255536289,0
373550.112769398,6792.00769024507,0
373570.378124995,6824.66162268751,0
373590.740353907,6857.25406122154,0
373611.199269752,6889.78471496722,0
373631.754685287,6922.25329363589,0
373652.406412409,6954.65950753376,0
373673.15426216,6987.00306756301,0
373693.998044726,7019.28368522539,0
373714.937569439,7051.50107262477,0
373735.972644782,7083.65494246853,0
373757.103078389,7115.74500807164,0
373778.328677047,7147.77098335822,0
373799.649246697,7179.73258286379,0
373821.06459244,7211.62952173901,0
373842.574518534,7243.46151575074,0
373864.1788284,7275.22828128525,0
373885.877324623,7306.92953535112,0
373907.669808951,7338.56499558036,0
373929.556082304,7370.13438023222,0
373951.535944769,7401.63740819525,0
373973.609195606,7433.07379898881,0
373995.775633248,7464.44327276712,0
374018.035055307,7495.74555032046,0
374040.387258569,7526.98035307764,0
374062.832039006,7558.14740310945,0
374085.369191769,7589.24642312965,0
374107.998511194,7620.27713649814,0
374130.719790806,7651.23926722375,0
374153.532823317,7682.13253996525,0
374176.437400633,7712.95668003502,0
374199.43331385,7743.71141340116,0
374222.520353263,7774.39646668875,0
374245.698308363,7805.01156718382,0
374268.966967842,7835.5564428347,0
374292.326119593,7866.03082225394,0
374315.775550715,7896.43443472202,0
374339.315047514,7926.76701018834,0
374362.944395503,7957.02827927375,0
374386.663379408,7987.21797327383,0
374410.471783167,8017.33582415964,0
374434.369389935,8047.38156458092,0
374458.355982083,8077.3549278687,0
374482.431341205,8107.25564803614,0
374506.595248114,8137.08345978216,0
374530.84748285,8166.83809849341,0
374555.18782468,8196.51930024534,0
374579.616052098,8226.12680180607,0
374604.131942832,8255.6603406378,0
374628.735273842,8285.11965489827,0
374653.425821325,8314.50448344456,0
374678.203360715,8343.81456583413,0
374703.067666688,8373.04964232673,0
374728.018513162,8402.20945388798,0
374753.055673302,8431.29374219004,0
374778.178919517,8460.30224961414,0
374803.38802347,8489.23471925373,0
374828.682756073,8518.09089491499,0
374854.062887493,8546.87052111983,0
374879.528187156,8575.57334310857,0
374905.078423746,8604.19910684047,0
374930.713365206,8632.74755899706,0
374956.432778746,8661.21844698437,0
374982.236430842,8689.61151893356,0
375008.124087237,8717.92652370449,0
375034.095512946,8746.1632108875,0
375060.150472256,8774.32133080423,0
375086.288728733,8802.4006345113,0
375112.510045217,8830.40087380173,0
375138.81418383,8858.32180120604,0
375165.200905978,8886.16316999575,0
375191.669972351,8913.92473418476,0
375218.221142926,8941.60624853048,0
375244.854176972,8969.20746853737,0
375271.568833048,8996.72815045811,0
375298.36486901,9024.16805129484,0
375325.242042009,9051.52692880269,0
375352.200108499,9078.80454149078,0
375379.238824232,9106.00064862359,0
375406.357944268,9133.11501022442,0
375433.557222971,9160.14738707629,0
375460.836414016,9187.09754072335,0
375488.195270389,9213.96523347435,0
375515.633544393,9240.75022840338,0
375543.150987643,9267.45228935139,0
375570.747351076,9294.07118092961,0
375598.422384951,9320.60666852015,0
375626.175838849,9347.05851827765,0
375654.007461679,9373.42649713259,0
375681.91700168,9399.71037279185,0
375709.904206418,9425.90991374037,0
375737.968822799,9452.02488924443,0
375766.110597061,9478.05506935217,0
375794.329274782,9504.00022489524,0
375822.624600881,9529.86012749201,0
375850.996319623,9555.63454954815,0
375879.444174616,9581.32326425816,0
375907.967908819,9606.92604560859,0
375936.567264542,9632.44266837863,0
375965.241983449,9657.87290814156,0
375993.991806558,9683.21654126793,0
376022.816474251,9708.47334492627,0
376051.715726265,9733.64309708429,0
376080.689301705,9758.72557651216,0
376109.736939042,9783.72056278326,0
376138.858376114,9808.62783627519,0
376168.053350133,9833.44717817311,0
376197.321597683,9858.17837047054,0
376226.662854724,9882.82119597019,0
376256.076856597,9907.37543828733,0
376285.563338023,9931.84088185069,0
376315.122033109,9956.21731190308,0
376344.752675346,9980.50451450478,0
376374.454997616,10004.7022765345,0
376404.228732193,10028.81038569,0
376434.073610742,10052.8286304911,0
376463.98936433,10076.7568002812,0
376493.975723419,10100.5946852273,0
376524.032417876,10124.3420763236,0
376554.15917697,10147.9987653921,0
376584.355729379,10171.5645450838,0
376614.621803189,10195.0392088809,0
376644.9571259,10218.4225510986,0
376675.361424426,10241.7143668857,0
376705.834425098,10264.9144522265,0
376736.375853666,10288.0226039432,0
376766.985435306,10311.0386196961,0
376797.662894615,10333.9622979855,0
376828.407955621,10356.7934381542,0
376859.22034178,10379.5318403877,0
376890.099775982,10402.1773057158,0
376921.045980552,10424.7296360152,0
376952.058677254,10447.18863401,0
376983.137587291,10469.5541032728,0
377014.282431311,10491.8258482272,0
377045.492929407,10514.0036741493,0
377076.76880112,10536.0873871673,0
377108.109765443,10558.0767942651,0
377139.515540823,10579.971703283,0
377170.985845162,10601.7719229183,0
377202.520395822,10623.4772627275,0
377234.118909626,10645.0875331282,0
377265.781102862,10666.602545399,0
377297.506691282,10688.0221116816,0
377329.295390113,10709.3460449833,0
377361.146914048,10730.5741591764,0
377393.060977258,10751.7062690003,0
377425.03729339,10772.7421900639,0
377457.075575572,10793.6817388456,0
377489.175536414,10814.5247326945,0
377521.336888011,10835.2709898329,0
377553.559341946,10855.9203293573,0
377585.842609292,10876.4725712385,0
377618.186400617,10896.927536324,0
377650.590425981,10917.2850463398,0
377683.054394947,10937.5449238901,0
377715.578016575,10957.7069924594,0
377748.160999431,10977.7710764144,0
377780.803051587,10997.7370010043,0
377813.503880623,11017.6045923616,0
377846.263193631,11037.3736775053,0
377879.080697219,11057.0440843405,0
377911.95609751,11076.6156416592,0
377944.889100146,11096.0881791433,0
377977.879410293,11115.4615273649,0
378010.926732642,11134.7355177866,0
378044.030771409,11153.9099827638,0
378077.191230344,11172.9847555462,0
378110.407812727,11191.9596702777,0
378143.680221374,11210.8345619982,0
378177.00815864,11229.6092666452,0
378210.391326422,11248.2836210544,0
378243.829426157,11266.8574629605,0
378277.322158831,11285.3306309992,0
378310.86922498,11303.7029647083,0
378344.470324688,11321.9743045274,0
378378.125157595,11340.1444918005,0
378411.833422899,11358.213368777,0
378445.594819357,11376.1807786122,0
378479.409045287,11394.0465653679,0
378513.275798573,11411.8105740151,0
378547.194776668,11429.4726504341,0
378581.165676591,11447.0326414146,0
378615.188194939,11464.4903946585,0
378649.262027883,11481.8457587805,0
378683.38687117,11499.0985833082,0
378717.562420131,11516.2487186835,0
378751.78836968,11533.2960162646,0
378786.064414317,11550.2403283263,0
378820.390248131,11567.08150806,0
378854.765564803,11583.8194095765,0
378889.19005761,11600.4538879063,0
378923.663419423,11616.9847989997,0
378958.185342715,11633.4119997289,0
378992.755519563,11649.7353478888,0
379027.373641646,11665.9547021977,0
379062.039400252,11682.0699222975,0
379096.752486282,11698.0808687564,0
379131.512590247,11713.9874030688,0
379166.319402277,11729.7893876555,0
379201.172612118,11745.4866858659,0
379236.071909139,11761.0791619788,0
379271.016982335,11776.5666812026,0
379306.007520324,11791.9491096759,0
379341.043211355,11807.2263144699,0
379376.123743312,11822.3981635884,0
379411.248803709,11837.464525968,0
379446.418079702,11852.4252714798,0
379481.631258086,11867.2802709307,0
379516.888025298,11882.0293960633,0
379552.188067422,11896.6725195565,0
379587.531070189,11911.2095150278,0
379622.916718985,11925.6402570331,0
379658.344698845,11939.9646210673,0
379693.814694462,11954.1824835654,0
379729.326390192,11968.2937219041,0
379764.879470049,11982.2982144017,0
379800.473617712,11996.1958403185,0
379836.108516529,12009.9864798585,0
379871.783849518,12023.6700141705,0
379907.49929937,12037.2463253475,0
379943.25454845,12050.715296428,0
379979.049278803,12064.0768113977,0
380014.883172154,12077.3307551895,0
380050.755909913,12090.4770136834,0
380086.667173174,12103.5154737085,0
380122.616642723,12116.4460230438,0
380158.603999037,12129.2685504182,0
380194.628922286,12141.9829455108,0
380230.691092339,12154.5890989527,0
380266.790188765,12167.0869023278,0
380302.925890836,12179.4762481723,0
380339.097877527,12191.7570299756,0
380375.305827523,12203.9291421825,0
380411.549419223,12215.9924801924,0
380447.828330733,12227.9469403598,0
380484.142239879,12239.7924199958,0
380520.490824207,12251.5288173687,0
380556.873760984,12263.1560317046,0
380593.290727201,12274.6739631869,0
380629.741399574,12286.0825129584,0
380666.225454555,12297.3815831217,0
380702.742568323,12308.5710767392,0
380739.292416793,12319.6508978336,0
380775.87467562,12330.6209513892,0
380812.489020201,12341.4811433527,0
380849.135125674,12352.2313806327,0
380885.812666922,12362.8715711007,0
380922.52131858,12373.4016235921,0
380959.260755036,12383.8214479069,0
380996.030650427,12394.1309548094,0
381032.83067865,12404.3300560287,0
381069.660513364,12414.4186642607,0
381106.519827988,12424.3966931677,0
381143.408295707,12434.2640573781,0
381180.325589473,12444.0206724879,0
381217.27138201,12453.6664550617,0
381254.245345817,12463.2013226325,0
381291.247153166,12472.6251937016,0
381328.276476108,12481.9379877401,0
381365.332986479,12491.1396251892,0
381402.416355898,12500.230027461,0
381439.526255769,12509.2091169374,0
381476.662357286,12518.0768169724,0
381513.824331438,12526.833051892,0
381551.01184901,12535.4777469944,0
381588.224580582,12544.0108285503,0
381625.462196533,12552.4322238036,0
381662.724367051,12560.7418609722,0
381700.010762129,12568.9396692483,0
381737.321051564,12577.0255787979,0
381774.654904968,12584.999520762,0
381812.011991769,12592.8614272574,0
381849.391981212,12600.6112313767,0
381886.794542356,12608.2488671882,0
381924.219344088,12615.7742697365,0
381961.66605512,12623.1873750437,0
381999.134343991,12630.4881201094,0
382036.62387907,12637.67644291,0
382074.134328559,12644.7522824001,0
382111.665360497,12651.7155785132,0
382149.216642764,12658.5662721615,0
382186.787843079,12665.3043052358,0
382224.378629004,12671.9296206062,0
382261.988667951,12678.442162123,0
382299.617627182,12684.8418746167,0
382337.265173809,12691.1287038979,0
382374.9309748,12697.3025967575,0
382412.614696981,12703.3635009679,0
382450.31600704,12709.3113652828,0
382488.034571529,12715.1461394376,0
382525.770056861,12720.867774149,0
382563.522129323,12726.4762211162,0
382601.290455071,12731.9714330208,0
382639.074700139,12737.3533635275,0
382676.874530433,12742.6219672833,0
382714.68961174,12747.7771999184,0
382752.519609732,12752.8190180471,0
382790.364189965,12757.747379267,0
382828.223017882,12762.5622421595,0
382866.095758816,12767.2635662902,0
382903.982077995,12771.8513122092,0
382941.881640545,12776.3254414515,0
382979.794111485,12780.6859165361,0
383017.719155741,12784.9327009675,0
383055.65643814,12789.0657592356,0
383093.605623419,12793.0850568152,0
383131.566376221,12796.990560167,0
383169.538361104,12800.7822367371,0
383207.52124254,12804.460054958,0
383245.514684921,12808.0239842479,0
383283.518352557,12811.4739950112,0
383321.531909681,12814.810058639,0
383359.555020455,12818.0321475087,0
383397.587348968,12821.1402349843,0
383435.628559239,12824.1342954168,0
383473.678315225,12827.0143041441,0
383511.736280816,12829.7802374909,0
383549.802119845,12832.4320727693,0
383587.875496084,12834.9697882785,0
383625.956073253,12837.3933633053,0
383664.043515019,12839.7027781236,0
383702.137484999,12841.8980139951,0
383740.237646762,12843.979053169,0
383778.343663837,12845.9458788824,0
383816.455199708,12847.7984753598,0
383854.571917822,12849.5368278138,0
383892.69348159,12851.1609224449,0
383930.819554389,12852.6707464413,0
383968.949799567,12854.0662879794,0
384007.083880444,12855.3475362236,0
384045.221460314,12856.5144813262,0
384083.362202449,12857.5671144275,0
384121.505770104,12858.5054276563,0
384159.651826513,12859.329414129,0
384197.800034899,12860.0390679504,0
384235.950058473,12860.6343842133,0
384274.101560437,12861.1153589987,0
384312.254203987,12861.4819893755,0
384350.407652316,12861.7342734007,0
384388.561568616,12861.8722101196,0
384426.715616083,12861.895799565,0
384464.869457917,12861.8050427582,0
384503.022757324,12861.5999417081,0
384541.175177522,12861.2804994115,0
384579.326381743,12860.8467198531,0
384617.476033233,12860.2986080052,0
384655.623795258,12859.6361698281,0
384693.769331104,12858.8594122692,0
384731.912304082,12857.9683432639,0
384770.052377529,12856.9629717347,0
384808.189214813,12855.8433075916,0
384846.322479331,12854.6093617318,0
384884.451834518,12853.2611460396,0
384922.576943845,12851.7986733864,0
384960.697470824,12850.2219576303,0
384998.81307901,12848.5310136164,0
385036.923432003,12846.7258571762,0
385075.028193451,12844.8065051279,0
385113.127027055,12842.772975276,0
385151.219596569,12840.625286411,0
385189.305565803,12838.3634583097,0
385227.384598628,12835.9875117347,0
385265.456358975,12833.4974684341,0
385303.52051084,12830.8933511419,0
385341.576718287,12828.1751835772,0
385379.624645452,12825.3429904442,0
385417.663956541,12822.3967974322,0
385455.694315836,12819.3366312153,0
385493.715387699,12816.162519452,0
385531.726836572,12812.8744907851,0
385569.72832698,12809.4725748417,0
385607.719523536,12805.9568022328,0
385645.700090942,12802.3272045529,0
385683.66969399,12798.5838143798,0
385721.627997568,12794.7266652748,0
385759.574666661,12790.7557917819,0
385797.509366357,12786.6712294278,0
385835.43176184,12782.4730147215,0
385873.341518405,12778.1611851545,0
385911.238301454,12773.7357791995,0
385949.121776499,12769.1968363112,0
385986.991609166,12764.5443969257,0
386024.847465196,12759.7785024596,0
386062.689010452,12754.8991953105,0
386100.515910917,12749.9065188561,0
386138.327832697,12744.8005174546,0
386176.124442026,12739.5812364435,0
386213.90540527,12734.2487221396,0
386251.670388926,12728.8030218391,0
386289.419059624,12723.244183817,0
386327.151084135,12717.5722573263,0
386364.866129371,12711.7872925979,0
386402.563862385,12705.8893408408,0
386440.243950375,12699.8784542413,0
386477.906060692,12693.7546859621,0
386515.549860838,12687.5180901426,0
386553.175018465,12681.1687218986,0
386590.781201385,12674.7066373217,0
386628.368077569,12668.1318934785,0
