394218.515939407,-8268.03434745237,0
394193.913184663,-8297.40653626948,0
394169.22350092,-8326.70456461151,0
394144.447110407,-8355.92817310571,0
394119.58423611,-8385.07710306386,0
394094.635101769,-8414.15109648297,0
394069.599931878,-8443.14989604829,0
394044.478951678,-8472.07324513592,0
394019.272387157,-8500.9208878135,0
393993.980465053,-8529.69256884354,0
393968.603412841,-8558.38803368561,0
393943.141458741,-8587.00702849711,0
393917.594831711,-8615.54930013684,0
393891.963761444,-8644.01459616681,0
393866.248478369,-8672.4026648531,0
393840.449213645,-8700.71325516961,0
393814.566199163,-8728.94611679949,0
393788.599667538,-8757.10100013625,0
393762.549852115,-8785.17765628743,0
393736.416986957,-8813.1758370759,0
393710.20130685,-8841.09529504103,0
393683.9030473,-8868.93578344242,0
393657.522444526,-8896.6970562609,0
393631.059735461,-8924.37886820002,0
393604.515157753,-8951.98097468955,0
393577.888949755,-8979.50313188643,0
393551.181350529,-9006.94509667635,0
393524.392599843,-9034.30662667724,0
393497.522938162,-9061.58748024001,0
393470.572606659,-9088.78741645032,0
393443.541847197,-9115.90619513194,0
393416.430902339,-9142.94357684744,0
393389.24001534,-9169.89932290003,0
393361.969430144,-9196.77319533682,0
393334.619391387,-9223.56495694949,0
393307.190144387,-9250.27437127615,0
393279.681935148,-9276.90120260457,0
393252.095010355,-9303.44521597272,0
393224.429617372,-9329.90617717079,0
393196.686004239,-9356.28385274423,0
393168.864419671,-9382.57800999438,0
393140.965113055,-9408.78841698037,0
393112.988334447,-9434.91484252221,0
393084.93433457,-9460.95705620137,0
393056.803364813,-9486.91482836265,0
393028.595677226,-9512.78793011723,0
393000.31152452,-9538.5761333433,0
392971.951160063,-9564.27921068777,0
392943.514837879,-9589.89693556945,0
392915.002812643,-9615.42908217957,0
392886.415339684,-9640.87542548344,0
392857.752674976,-9666.23574122366,0
392829.015075139,-9691.50980592064,0
392800.202797438,-9716.69739687414,0
392771.316099776,-9741.7982921665,0
392742.355240698,-9766.81227066325,0
392713.320479382,-9791.73911201442,0
392684.212075641,-9816.57859665784,0
392655.030289918,-9841.33050581984,0
392625.775383286,-9865.99462151633,0
392596.447617444,-9890.57072655617,0
392567.047254713,-9915.05860454195,0
392537.57455804,-9939.45803987089,0
392508.029790985,-9963.76881773816,0
392478.413217728,-9987.99072413786,0
392448.725103063,-10012.1235458637,0
392418.965712395,-10036.1670705122,0
392389.135311738,-10060.1210864841,0
392359.234167712,-10083.9853829846,0
392329.262547542,-10107.7597500264,0
392299.220719056,-10131.4439784315,0
392269.108950678,-10155.0378598315,0
392238.927511432,-10178.5411866699,0
392208.676670935,-10201.9537522048,0
392178.356699395,-10225.2753505083,0
392147.96786761,-10248.5057764696,0
392117.510446965,-10271.6448257967,0
392086.984709431,-10294.6922950171,0
392056.390927557,-10317.6479814794,0
392025.729374474,-10340.5116833563,0
391995.000323889,-10363.2831996442,0
391964.204050085,-10385.9623301655,0
391933.340827915,-10408.548875571,0
391902.410932801,-10431.0426373405,0
391871.414640734,-10453.4434177838,0
391840.352228268,-10475.7510200436,0
391809.223972517,-10497.9652480964,0
391778.030151158,-10520.0859067532,0
391746.771042423,-10542.1128016622,0
391715.446925096,-10564.0457393101,0
391684.058078517,-10585.8845270223,0
391652.604782573,-10607.6289729658,0
391621.087317696,-10629.2788861506,0
391589.505964864,-10650.83407643,0
391557.861005598,-10672.2943545028,0
391526.152721955,-10693.6595319153,0
391494.38139653,-10714.9294210615,0
391462.547312453,-10736.1038351849,0
391430.650753382,-10757.1825883808,0
391398.692003508,-10778.1654955969,0
391366.671347545,-10799.0523726341,0
391334.589070733,-10819.8430361491,0
391302.445458832,-10840.5373036557,0
391270.24079812,-10861.1349935248,0
391237.975375394,-10881.635924987,0
391205.649477961,-10902.0399181343,0
391173.26339364,-10922.3467939199,0
391140.81741076,-10942.5563741606,0
391108.311818154,-10962.6684815385,0
391075.746905159,-10982.6829396013,0
391043.122961612,-11002.5995727638,0
391010.440277849,-11022.4182063102,0
390977.699144701,-11042.1386663945,0
390944.899853492,-11061.7607800412,0
390912.042696036,-11081.2843751483,0
390879.127964636,-11100.7092804875,0
390846.155952077,-11120.035325705,0
390813.126951632,-11139.2623413238,0
390780.041257048,-11158.3901587446,0
390746.899162553,-11177.4186102469,0
390713.700962849,-11196.3475289897,0
390680.446953111,-11215.1767490142,0
390647.137428982,-11233.9061052439,0
390613.772686573,-11252.5354334853,0
390580.353022459,-11271.0645704307,0
390546.878733677,-11289.4933536585,0
390513.350117724,-11307.8216216341,0
390479.767472552,-11326.0492137112,0
390446.131096568,-11344.1759701341,0
390412.441288629,-11362.2017320372,0
390378.698348045,-11380.1263414469,0
390344.902574566,-11397.9496412833,0
390311.05426839,-11415.6714753608,0
390277.153730154,-11433.2916883885,0
390243.201260935,-11450.8101259727,0
390209.197162242,-11468.2266346177,0
390175.141736022,-11485.5410617261,0
390141.03528465,-11502.7532556002,0
390106.878110927,-11519.8630654441,0
390072.670518082,-11536.8703413639,0
390038.412809766,-11553.7749343682,0
390004.105290049,-11570.5766963704,0
389969.748263418,-11587.2754801897,0
389935.342034777,-11603.8711395509,0
389900.886909441,-11620.3635290865,0
389866.383193131,-11636.752504338,0
389831.83119198,-11653.0379217563,0
389797.231212522,-11669.2196387021,0
389762.583561694,-11685.2975134488,0
389727.88854683,-11701.2714051823,0
389693.146475662,-11717.1411740014,0
389658.357656315,-11732.9066809201,0
389623.522397305,-11748.5677878682,0
389588.641007535,-11764.1243576923,0
389553.713796297,-11779.5762541555,0
389518.741073261,-11794.9233419407,0
389483.723148482,-11810.1654866504,0
389448.66033239,-11825.3025548067,0
389413.552935792,-11840.3344138536,0
389378.401269865,-11855.260932158,0
389343.205646156,-11870.0819790099,0
389307.966376582,-11884.7974246231,0
389272.683773423,-11899.4071401372,0
389237.358149317,-11913.9109976181,0
389201.989817267,-11928.3088700582,0
389166.579090629,-11942.6006313779,0
389131.126283114,-11956.7861564268,0
389095.631708782,-11970.8653209846,0
389060.095682046,-11984.8380017605,0
389024.51851766,-11998.7040763958,0
388988.900530724,-12012.4634234647,0
388953.242036676,-12026.115922474,0
388917.543351297,-12039.6614538642,0
388881.804790696,-12053.0998990116,0
388846.02667132,-12066.4311402281,0
388810.209309943,-12079.6550607617,0
388774.353023668,-12092.7715447978,0
388738.458129921,-12105.7804774609,0
388702.524946449,-12118.6817448139,0
388666.553791322,-12131.4752338592,0
388630.544982923,-12144.1608325405,0
388594.498839949,-12156.738429743,0
388558.415681409,-12169.2079152937,0
388522.295826622,-12181.5691799624,0
388486.13959521,-12193.8221154632,0
388449.947307097,-12205.9666144548,0
388413.719282513,-12218.0025705407,0
388377.455841981,-12229.9298782704,0
388341.15730632,-12241.7484331406,0
388304.823996641,-12253.4581315957,0
388268.456234347,-12265.0588710274,0
388232.054341127,-12276.550549777,0
388195.618638952,-12287.9330671355,0
388159.149450076,-12299.2063233443,0
388122.647097035,-12310.3702195953,0
388086.111902638,-12321.4246580327,0
388049.544189966,-12332.3695417533,0
388012.944282375,-12343.2047748067,0
387976.312503488,-12353.930262196,0
387939.649177193,-12364.5459098793,0
387902.954627639,-12375.05162477,0
387866.229179238,-12385.4473147367,0
387829.47315666,-12395.7328886044,0
387792.686884827,-12405.9082561557,0
387755.870688914,-12415.9733281308,0
387719.024894346,-12425.928016228,0
387682.149826796,-12435.7722331041,0
387645.245812179,-12445.5058923764,0
387608.31317665,-12455.1289086221,0
387571.352246606,-12464.6411973787,0
387534.363348681,-12474.042675145,0
387497.346809736,-12483.3332593824,0
387460.302956868,-12492.5128685146,0
387423.2321174,-12501.581421928,0
387386.134618881,-12510.5388399727,0
387349.010789082,-12519.3850439635,0
387311.860955993,-12528.1199561798,0
387274.685447822,-12536.7434998658,0
387237.484592992,-12545.2555992318,0
387200.258720136,-12553.6561794547,0
387163.008158097,-12561.9451666786,0
387125.733235925,-12570.1224880141,0
387088.434282873,-12578.1880715401,0
387051.111628394,-12586.1418463043,0
387013.765602139,-12593.9837423233,0
386976.396533957,-12601.7136905826,0
386939.004753889,-12609.3316230377,0
386901.590592164,-12616.8374726149,0
386864.1543792,-12624.2311732115,0
386826.696445599,-12631.5126596956,0
386789.217122147,-12638.681867907,0
386751.716739808,-12645.7387346582,0
386714.19562972,-12652.6831977344,0
386676.654123198,-12659.5151958938,0
386639.09255173,-12666.2346688676,0
386601.511246969,-12672.8415573619,0
386563.910540733,-12679.3358030567,0
386526.290765005,-12685.7173486073,0
386488.65225193,-12691.9861376434,0
386450.99533381,-12698.1421147708,0
386413.320343098,-12704.1852255716,0
386375.627612402,-12710.1154166042,0
386337.917474481,-12715.9326354033,0
386300.190262241,-12721.6368304811,0
386262.446308729,-12727.2279513276,0
386224.685947134,-12732.7059484105,0
386186.909510787,-12738.0707731757,0
386149.117333152,-12743.3223780475,0
386111.309747828,-12748.4607164297,0
386073.487088541,-12753.4857427052,0
386035.649689151,-12758.3974122361,0
385997.797883638,-12763.195681365,0
385959.932006108,-12767.8805074144,0
385922.052390782,-12772.4518486877,0
385884.159372004,-12776.909664469,0
385846.253284229,-12781.2539150234,0
385808.334462023,-12785.4845615977,0
385770.403240062,-12789.6015664207,0
385732.45995313,-12793.6048927027,0
385694.504936112,-12797.4945046366,0
385656.538523994,-12801.2703673979,0
385618.56105186,-12804.932447145,0
385580.572854892,-12808.4807110191,0
385542.574268361,-12811.9151271451,0
385504.56562763,-12815.2356646312,0
385466.547268149,-12818.4422935697,0
385428.519525452,-12821.5349850366,0
385390.482735157,-12824.5137110924,0
385352.437232956,-12827.3784447823,0
385314.383354622,-12830.1291601356,0
385276.321436001,-12832.7658321671,0
385238.251813009,-12835.2884368764,0
385200.174821629,-12837.6969512484,0
385162.090797913,-12839.9913532535,0
385124.000077972,-12842.1716218478,0
385085.90299798,-12844.2377369732,0
385047.799894166,-12846.1896795577,0
385009.691102817,-12848.0274315151,0
384971.576960268,-12849.750975746,0
384933.457802904,-12851.3602961371,0
384895.333967161,-12852.8553775618,0
384857.205789512,-12854.2362058802,0
384819.073606476,-12855.5027679394,0
384780.937754609,-12856.6550515731,0
384742.798570501,-12857.6930456026,0
384704.656390777,-12858.6167398361,0
384666.511552092,-12859.4261250691,0
384628.364391128,-12860.1211930846,0
384590.215244591,-12860.7019366531,0
384552.064449211,-12861.1683495325,0
384513.912341735,-12861.5204264686,0
384475.759258929,-12861.7581631948,0
384437.60553757,-12861.8815564323,0
384399.451514449,-12861.8906038902,0
384361.297526364,-12861.7853042655,0
384323.14391012,-12861.5656572429,0
384284.991002522,-12861.2316634956,0
384246.83914038,-12860.7833246844,0
384208.688660497,-12860.2206434582,0
384170.539899674,-12859.5436234543,0
384132.393194702,-12858.7522692976,0
384094.248882363,-12857.8465866015,0
384056.107299425,-12856.8265819674,0
384017.96878264,-12855.6922629846,0
383979.833668742,-12854.4436382308,0
383941.702294442,-12853.0807172715,0
383903.574996429,-12851.6035106605,0
383865.452111362,-12850.0120299393,0
383827.333975873,-12848.3062876377,0
383789.220926562,-12846.4862972733,0
383751.113299991,-12844.5520733516,0
383713.011432687,-12842.503631366,0
383674.915661135,-12840.3409877975,0
383636.826321778,-12838.0641601152,0
383598.743751012,-12835.6731667753,0
383560.668285185,-12833.1680272221,0
383522.600260592,-12830.548761887,0
383484.540013477,-12827.815392189,0
383446.487880024,-12824.9679405342,0
383408.444196359,-12822.0064303162,0
383370.409298546,-12818.9308859153,0
383332.383522582,-12815.7413326989,0
383294.367204399,-12812.4377970213,0
383256.360679858,-12809.0203062236,0
383218.364284745,-12805.4888886332,0
383180.37835477,-12801.8435735639,0
383142.403225568,-12798.0843913162,0
383104.43923269,-12794.2113731764,0
383066.486711601,-12790.2245514166,0
383028.545997683,-12786.1239592949,0
382990.617426227,-12781.9096310553,0
382952.701332431,-12777.5816019267,0
382914.798051399,-12773.1399081234,0
382876.907918136,-12768.584586845,0
382839.03126755,-12763.9156762759,0
382801.168434441,-12759.1332155849,0
382763.319753505,-12754.2372449252,0
382725.485559333,-12749.2278054346,0
382687.6661864,-12744.1049392348,0
382649.861969068,-12738.8686894309,0
382612.073241583,-12733.5191001117,0
382574.300338073,-12728.0562163497,0
382536.543592541,-12722.4800841998,0
382498.803338866,-12716.7907506999,0
382461.079910799,-12710.9882638704,0
382423.373641963,-12705.0726727142,0
382385.684865846,-12699.0440272159,0
382348.013915798,-12692.9023783414,0
382310.361125034,-12686.6477780385,0
382272.726826628,-12680.2802792363,0
382235.111353508,-12673.7999358441,0
382197.515038453,-12667.2068027516,0
382159.938214096,-12660.5009358292,0
382122.38121292,-12653.6823919271,0
382084.844367249,-12646.7512288747,0
382047.328009248,-12639.7075054803,0
382009.832470926,-12632.5512815315,0
381972.358084128,-12625.2826177946,0
381934.905180531,-12617.9015760135,0
381897.474091645,-12610.4082189098,0
381860.065148808,-12602.8026101827,0
381822.678683186,-12595.0848145089,0
381785.315025766,-12587.2548975411,0
381747.974507356,-12579.3129259082,0
381710.657458581,-12571.2589672149,0
381673.364209886,-12563.0930900423,0
381636.095091522,-12554.8153639457,0
381598.850433553,-12546.4258594548,0
381561.630565848,-12537.9246480739,0
381524.435818084,-12529.3118022814,0
381487.266519737,-12520.5873955287,0
381450.12300008,-12511.7515022397,0
381413.005588183,-12502.8041978112,0
381375.914612914,-12493.7455586123,0
381338.850402926,-12484.5756619832,0
381301.81328666,-12475.2945862349,0
381264.803592345,-12465.9024106492,0
381227.821647993,-12456.3992154788,0
381190.867781392,-12446.785081945,0
381153.94232011,-12437.0600922384,0
381117.045591486,-12427.2243295183,0
381080.177922636,-12417.2778779127,0
381043.33964044,-12407.2208225166,0
381006.531071544,-12397.0532493917,0
380969.752542361,-12386.7752455669,0
380933.004379063,-12376.3868990372,0
380896.286907579,-12365.8882987627,0
380859.600453592,-12355.2795346681,0
380822.945342542,-12344.5606976431,0
380786.321899614,-12333.7318795413,0
380749.730449744,-12322.7931731788,0
380713.171317607,-12311.7446723344,0
380676.644827626,-12300.5864717497,0
380640.151303959,-12289.3186671276,0
380603.691070501,-12277.941355131,0
380567.264450879,-12266.4546333836,0
380530.871768453,-12254.8586004694,0
380494.513346311,-12243.1533559307,0
380458.189507263,-12231.3390002681,0
380421.900573846,-12219.41563494,0
380385.646868314,-12207.3833623628,0
380349.428712639,-12195.2422859086,0
380313.246428505,-12182.9925099049,0
380277.100337313,-12170.6341396353,0
380240.990760168,-12158.1672813378,0
380204.918017884,-12145.5920422037,0
380168.882430976,-12132.9085303773,0
380132.884319663,-12120.1168549563,0
380096.92400386,-12107.2171259897,0
380061.001803178,-12094.2094544769,0
380025.118036918,-12081.0939523683,0
379989.273024077,-12067.8707325641,0
379953.467083334,-12054.5399089131,0
379917.700533054,-12041.1015962117,0
379881.973691283,-12027.5559102047,0
379846.28687575,-12013.9029675833,0
379810.640403855,-12000.1428859841,0
379775.034592673,-11986.2757839891,0
379739.469758953,-11972.3017811251,0
379703.946219111,-11958.2209978624,0
379668.464289226,-11944.0335556134,0
379633.024285041,-11929.7395767331,0
379597.626521961,-11915.3391845183,0
379562.271315047,-11900.8325032051,0
379526.958979014,-11886.2196579696,0
379491.68982823,-11871.5007749273,0
379456.464176713,-11856.6759811312,0
379421.282338125,-11841.7454045711,0
379386.144625774,-11826.7091741733,0
379351.051352609,-11811.5674198003,0
379316.002831217,-11796.3202722483,0
379280.999373819,-11780.967863247,0
379246.041292273,-11765.5103254599,0
379211.128898065,-11749.9477924822,0
379176.262502307,-11734.2803988395,0
379141.442415738,-11718.5082799879,0
379106.668948721,-11702.6315723136,0
379071.942411235,-11686.6504131302,0
379037.263112876,-11670.5649406786,0
379002.631362857,-11654.3752941271,0
378968.047470002,-11638.0816135695,0
378933.51174274,-11621.6840400234,0
378899.02448911,-11605.1827154306,0
378864.586016754,-11588.5777826562,0
378830.196632912,-11571.8693854863,0
378795.856644423,-11555.0576686278,0
378761.566357724,-11538.1427777082,0
378727.326078842,-11521.1248592734,0
378693.136113393,-11504.0040607868,0
378658.996766583,-11486.7805306291,0
378624.908343201,-11469.4544180972,0
378590.871147617,-11452.0258734021,0
378556.885483781,-11434.4950476685,0
378522.95165522,-11416.8620929349,0
378489.069965036,-11399.1271621508,0
378455.240715897,-11381.2904091761,0
378421.464210045,-11363.3519887811,0
378387.740749285,-11345.3120566444,0
378354.070634985,-11327.1707693517,0
378320.454168075,-11308.9282843954,0
378286.891649041,-11290.5847601736,0
378253.383377925,-11272.1403559881,0
378219.92965432,-11253.5952320437,0
378186.53077737,-11234.949549448,0
378153.187045767,-11216.2034702089,0
378119.898757744,-11197.357157234,0
378086.666211079,-11178.4107743297,0
378053.489703087,-11159.3644862005,0
378020.369530619,-11140.2184584462,0
377987.305990062,-11120.9728575621,0
377954.299377333,-11101.6278509384,0
377921.349987875,-11082.1836068569,0
377888.45811666,-11062.6402944915,0
377855.62405818,-11042.998083907,0
377822.848106452,-11023.2571460573,0
377790.130555003,-11003.4176527836,0
377757.471696884,-10983.479776815,0
377724.871824652,-10963.443691766,0
377692.331230375,-10943.3095721348,0
377659.85020563,-10923.0775933032,0
377627.429041497,-10902.7479315356,0
377595.068028558,-10882.320763976,0
377562.767456894,-10861.7962686478,0
377530.527616083,-10841.1746244537,0
377498.348795196,-10820.4560111721,0
377466.231282796,-10799.6406094569,0
377434.175366935,-10778.7286008372,0
377402.181335149,-10757.7201677145,0
377370.249474459,-10736.6154933615,0
377338.380071366,-10715.4147619218,0
377306.573411851,-10694.1181584082,0
377274.829781366,-10672.7258687003,0
377243.149464839,-10651.2380795444,0
377211.532746669,-10629.6549785524,0
377179.97991072,-10607.9767541986,0
377148.491240322,-10586.2035958201,0
377117.067018268,-10564.3356936152,0
377085.707526809,-10542.3732386411,0
377054.413047655,-10520.3164228128,0
377023.183861969,-10498.1654389029,0
376992.020250366,-10475.9204805385,0
376960.922492912,-10453.5817422003,0
376929.890869116,-10431.1494192221,0
376898.925657935,-10408.6237077884,0
376868.027137765,-10386.0048049324,0
376837.195586441,-10363.2929085365,0
376806.431281236,-10340.4882173292,0
376775.734498853,-10317.5909308837,0
376745.10551543,-10294.6012496172,0
376714.544606531,-10271.5193747894,0
376684.052047148,-10248.3455084997,0
376653.628111692,-10225.079853687,0
376623.273074001,-10201.7226141286,0
376592.987207325,-10178.2739944367,0
376562.770784333,-10154.7342000584,0
376532.624077107,-10131.1034372745,0
376502.547357137,-10107.3819131964,0
376472.540895323,-10083.5698357653,0
376442.604961971,-10059.6674137519,0
376412.739826786,-10035.6748567526,0
376382.945758876,-10011.5923751888,0
376353.223026746,-9987.42018030667,0
376323.571898297,-9963.15848417339,0
376293.99264082,-9938.80749967636,0
376264.485520998,-9914.36744052263,0
376235.0508049,-9889.83852123585,0
376205.688757981,-9865.22095715472,0
376176.399645078,-9840.51496443268,0
376147.183730408,-9815.72076003498,0
376118.041277562,-9790.83856173689,0
376088.972549511,-9765.86858812334,0
376059.977808595,-9740.81105858624,0
376031.057316524,-9715.66619332237,0
376002.211334374,-9690.43421333307,0
375973.440122588,-9665.1153404217,0
375944.743940969,-9639.70979719128,0
375916.123048682,-9614.21780704423,0
375887.577704245,-9588.6395941799,0
375859.108165535,-9562.97538359207,0
375830.714689777,-9537.22540106864,0
375802.397533549,-9511.3898731893,0
375774.156952774,-9485.46902732283,0
375745.99320272,-9459.46309162683,0
375717.906537997,-9433.37229504536,0
375689.897212555,-9407.19686730628,0
375661.96547968,-9380.9370389208,0
375634.111591995,-9354.59304118127,0
375606.335801451,-9328.16510615832,0
375578.638359334,-9301.65346670056,0
375551.019516252,-9275.05835643217,0
375523.479522141,-9248.38000975018,0
375496.018626258,-9221.61866182401,0
375468.637077181,-9194.7745485931,0
375441.335122804,-9167.84790676414,0
375414.113010336,-9140.83897381062,0
375386.970986301,-9113.74798797037,0
375359.909296528,-9086.57518824282,0
375332.928186159,-9059.32081438853,0
375306.027899638,-9031.98510692662,0
375279.208680712,-9004.56830713207,0
375252.47077243,-8977.0706570353,0
375225.814417138,-8949.49239941935,0
375199.239856475,-8921.83377781738,0
375172.747331378,-8894.09503651215,0
375146.337082071,-8866.27642053307,0
375120.009348067,-8838.37817565381,0
375093.764368166,-8810.40054839178,0
375067.602380451,-8782.34378600493,0
375041.523622285,-8754.20813648956,0
375015.52833031,-8725.99384857976,0
374989.616740447,-8697.70117174395,0
374963.789087888,-8669.33035618299,0
374938.045607097,-8640.88165282939,0
374912.386531808,-8612.35531334379,0
374886.812095021,-8583.75159011322,0
374861.322529003,-8555.07073625019,0
374835.918065281,-8526.31300558902,0
374810.59893464,-8497.47865268431,0
374785.365367127,-8468.5679328099,0
374760.217592042,-8439.58110195497,0
374735.155837936,-8410.51841682295,0
374710.180332613,-8381.38013482998,0
374685.291303125,-8352.16651410117,0
374660.488975769,-8322.87781346967,0
374635.773576085,-8293.51429247476,0
374611.145328856,-8264.07621135824,0
374586.604458103,-8234.5638310637,0
374562.151187083,-8204.97741323409,0
374537.785738289,-8175.31722020845,0
374513.508333445,-8145.58351502129,0
374489.319193504,-8115.77656139954,0
374465.21853865,-8085.89662375982,0
374441.206588287,-8055.9439672077,0
374417.283561047,-8025.91885753424,0
374393.449674779,-7995.82156121371,0
374369.705146554,-7965.6523454027,0
374346.050192656,-7935.41147793625,0
374322.485028585,-7905.09922732618,0
374299.009869052,-7874.71586275973,0
374275.624927978,-7844.2616540956,0
374252.330418492,-7813.73687186279,0
374229.126552926,-7783.1417872586,0
374206.013542816,-7752.47667214486,0
374182.991598901,-7721.74179904714,0
374160.060931115,-7690.93744115192,0
374137.22174859,-7660.06387230346,0
374114.474259652,-7629.12136700295,0
374091.81867182,-7598.11020040508,0
374069.2551918,-7567.03064831552,0
374046.784025489,-7535.88298718992,0
374024.405377968,-7504.66749412994,0
374002.1194535,-7473.3844468815,0
373979.926455531,-7442.03412383319,0
373957.826586685,-7410.61680401225,0
373935.820048764,-7379.13276708343,0
373913.907042744,-7347.5822933465,0
373892.087768773,-7315.96566373273,0
373870.362426172,-7284.28315980393,0
373848.731213427,-7252.53506374915,0
373827.194328193,-7220.72165838188,0
373805.751967289,-7188.84322713897,0
373784.404326693,-7156.90005407665,0
373763.151601548,-7124.89242386862,0
373741.993986151,-7092.8206218044,0
373720.931673958,-7060.68493378517,0
373699.964857575,-7028.48564632264,0
373679.093728764,-6996.22304653629,0
373658.318478434,-6963.89742214993,0
373637.639296643,-6931.50906149064,0
373617.056372594,-6899.05825348514,0
373596.569894634,-6866.54528765723,0
373576.180050252,-6833.97045412645,0
373555.887026076,-6801.33404360386,0
373535.691007871,-6768.63634739049,0
373515.59218054,-6735.87765737501,0
373495.590728118,-6703.05826602987,0
373475.68683377,-6670.17846641019,0
373455.880679795,-6637.23855215032,0
373436.172447616,-6604.23881746095,0
373416.562317783,-6571.17955712778,0
373397.05046997,-6538.06106650732,0
373377.637082973,-6504.88364152516,0
373358.322334708,-6471.64757867364,0
373339.106402208,-6438.35317500789,0
373319.989461623,-6405.00072814472,0
373300.971688217,-6371.590536259,0
373282.053256366,-6338.12289808085,0
373263.234339558,-6304.59811289409,0
373244.515110387,-6271.01648053207,0
373225.895740554,-6237.37830137597,0
373207.376400868,-6203.68387635211,0
373188.957261237,-6169.93350692824,0
373170.638490671,-6136.12749511227,0
373152.42025728,-6102.26614344838,0
373134.302728271,-6068.3497550145,0
373116.286069946,-6034.37863342047,0
373098.370447702,-6000.35308280374,0
373080.556026027,-5966.27340782798,0
373062.842968499,-5932.13991367976,0
373045.231437783,-5897.95290606528,0
373027.721595634,-5863.7126912089,0
373010.313602887,-5829.41957584886,0
372993.007619465,-5795.07386723537,0
372975.803804368,-5760.67587312793,0
372958.702315678,-5726.22590179151,0
372941.703310553,-5691.72426199513,0
372924.806945227,-5657.17126300785,0
372908.01337501,-5622.56721459631,0
372891.322754283,-5587.91242702256,0
372874.735236498,-5553.20721103979,0
372858.250974175,-5518.45187789097,0
372841.870118904,-5483.64673930504,0
372825.592821338,-5448.79210749405,0
372809.419231195,-5413.88829515119,0
372793.349497257,-5378.93561544649,0
372777.383767363,-5343.9343820252,0
372761.522188415,-5308.88490900428,0
372745.76490637,-5273.78751096919,0
372730.112066242,-5238.64250297207,0
372714.563812096,-5203.45020052737,0
372699.120287055,-5168.21091961013,0
372683.781633289,-5132.92497665251,0
372668.547992018,-5097.59268854051,0
372653.41950351,-5062.21437261212,0
372638.39630708,-5026.79034665293,0
372623.478541086,-4991.32092889433,0
372608.66634293,-4955.80643801006,0
372593.959849057,-4920.24719311288,0
372579.359194949,-4884.64351375263,0
372564.864515128,-4848.99571991189,0
372550.475943153,-4813.30413200415,0
372536.19361162,-4777.56907087017,0
372522.017652155,-4741.79085777486,0
372507.94819542,-4705.96981440509,0
372493.985371107,-4670.10626286543,0
372480.129307937,-4634.20052567632,0
372466.380133659,-4598.25292577021,0
372452.73797505,-4562.26378648869,0
372439.202957909,-4526.23343158001,0
372425.775207064,-4490.16218519488,0
372412.45484636,-4454.05037188476,0
372399.241998666,-4417.89831659759,0
372386.13678587,-4381.70634467544,0
372373.139328877,-4345.47478185136,0
372360.249747611,-4309.2039542457,0
372347.468161009,-4272.89418836408,0
372334.794687024,-4236.54581109306,0
372322.22944262,-4200.15914969808,0
372309.772543775,-4163.73453181974,0
372297.424105474,-4127.27228547069,0
372285.184241712,-4090.77273903309,0
372273.053065492,-4054.23622125449,0
372261.030688823,-4017.6630612458,0
372249.117222718,-3981.05358847719,0
372237.312777194,-3944.40813277552,0
372225.617461272,-3907.72702432111,0
372214.031382971,-3871.01059364415,0
372202.554649312,-3834.25917162238,0
372191.187366315,-3797.47308947682,0
372179.929638995,-3760.65267876972,0
372168.781571366,-3723.79827140045,0
372157.743266435,-3686.91019960287,0
372146.814826204,-3649.98879594202,0
372135.996351667,-3613.03439331058,0
372125.28794281,-3576.04732492643,0
372114.689698609,-3539.0279243284,0
372104.201717029,-3501.97652537416,0
372093.824095024,-3464.89346223603,0
372083.556928533,-3427.77906939841,0
372073.400312483,-3390.63368165431,0
372063.354340784,-3353.45763410195,0
372053.419106332,-3316.25126214205,0
372043.594701004,-3279.01490147375,0
372033.881215657,-3241.74888809239,0
372024.278740131,-3204.45355828516,0
372014.787363245,-3167.12924862886,0
372005.407172796,-3129.77629598584,0
371996.138255557,-3092.3950375012,0
371986.98069728,-3054.98581059941,0
371977.934582691,-3017.54895298078,0
371968.99999549,-2980.08480261875,0
371960.177018352,-2942.59369775579,0
371951.465732921,-2905.07597690106,0
371942.866219818,-2867.53197882612,0
371934.378558629,-2829.96204256258,0
371926.002827914,-2792.36650739796,0
371917.739105198,-2754.74571287304,0
371909.587466977,-2717.09999877811,0
371901.547988713,-2679.42970514985,0
371893.620744834,-2641.73517226805,0
371885.805808731,-2604.01674065202,0
371878.103252764,-2566.27475105771,0
371870.513148251,-2528.50954447378,0
371863.035565478,-2490.721462119,0
371855.670573689,-2452.91084543805,0
371848.418241091,-2415.07803609908,0
371841.27863485,-2377.2233759895,0
371834.251821093,-2339.34720721342,0
371827.337864903,-2301.44987208754,0
371820.536830325,-2263.53171313852,0
371813.848780358,-2225.59307309895,0
371807.273776958,-2187.63429490455,0
371800.811881037,-2149.65572169034,0
371794.463152463,-2111.65769678763,0
371788.227650056,-2073.64056372037,0
371782.105431592,-2035.60466620197,0
371776.096553798,-1997.55034813179,0
371770.201072355,-1959.47795359179,0
371764.419041895,-1921.3878268432,0
371758.750516,-1883.280312323,0
371753.195547202,-1845.15575464069,0
371747.754186986,-1807.01449857471,0
371742.426485783,-1768.85688906924,0
371737.212492974,-1730.68327123057,0
371732.112256886,-1692.49399032395,0
371727.125824796,-1654.2893917699,0
371722.253242926,-1616.06982114107,0
371717.494556445,-1577.83562415861,0
371712.849809468,-1539.58714668892,0
371708.319045055,-1501.32473474008,0
371703.90230521,-1463.04873445855,0
371699.599630882,-1424.75949212568,0
371695.411061964,-1386.45735415432,0
371691.336637291,-1348.14266708537,0
371687.376394643,-1309.81577758431,0
371683.530370739,-1271.47703243791,0
371679.798601244,-1233.12677855058,0
371676.181120762,-1194.76536294117,0
371672.677962837,-1156.39313273927,0
371669.289159958,-1118.01043518209,0
371666.01474355,-1079.61761761065,0
371662.85474398,-1041.2150274667,0
371659.809190554,-1002.80301228895,0
371656.878111517,-964.381919709876,0
371654.061534055,-925.952097452137,0
371651.35948429,-887.513893325114,0
371648.771987283,-849.067655221595,0
371646.299067034,-810.61373111409,0
371643.94074648,-772.152469051662,0
371641.697047495,-733.684217156192,0
371639.567990891,-695.20932361913,0
371637.553596417,-656.728136697941,0
371635.653882757,-618.241004712608,0
371633.868867535,-579.748276042333,0
371632.198567307,-541.250299121852,0
371630.642997568,-502.747422438157,0
371629.202172748,-464.239994526954,0
371627.876106212,-425.728363969177,0
371626.664810263,-387.212879387596,0
371625.568296137,-348.693889443284,0
371624.586574006,-310.171742832152,0
371623.719652978,-271.646788281565,0
371622.967541094,-233.119374546773,0
371622.330245332,-194.589850407479,0
371621.807771604,-156.058564664389,0
371621.400124757,-117.525866135747,0
371621.107308574,-78.9921036538227,0
371620.929325769,-40.4576260614721,0
371620.866177996,-1.9227822086641,0
371620.917865838,36.6120790509711,0
371621.084388818,75.1466088636516,0
371621.36574539,113.680458378885,0
371621.761932943,152.213278752951,0
371622.272947803,190.744721152348,0
371622.898785229,229.274436757298,0
371623.639439414,267.802076765187,0
371624.494903488,306.327292394054,0
371625.465169515,344.849734886042,0
371626.550228494,383.369055510878,0
371627.750070359,421.884905569326,0
371629.064683979,460.396936396694,0
371630.494057159,498.904799366245,0
371632.03817664,537.408145892681,0
371633.697028098,575.906627435658,0
371635.470596144,614.399895503178,0
371637.358864328,652.887601655064,0
371639.361815132,691.369397506509,0
371641.479429979,729.844934731418,0
371643.711689225,768.313865065906,0
371646.058572165,806.775840311853,0
371648.520057031,845.230512340181,0
371651.096120991,883.677533094517,0
371653.786740152,922.116554594466,0
371656.591889559,960.547228939161,0
371659.511543195,998.969208310768,0
371662.545673981,1037.38214497775,0
371665.694253777,1075.78569129859,0
371668.957253384,1114.17949972493,0
371672.33464254,1152.5632228053,0
371675.826389924,1190.9365131884,0
371679.432463156,1229.29902362655,0
371683.152828797,1267.65040697925,0
371686.987452346,1305.99031621643,0
371690.936298247,1344.31840442214,0
371694.999329884,1382.63432479767,0
371699.176509584,1420.93773066535,0
371703.467798617,1459.22827547159,0
371707.873157196,1497.50561279073,0
371712.392544477,1535.76939632802,0
371717.025918561,1574.01927992351,0
371721.773236493,1612.25491755503,0
371726.634454264,1650.47596334201,0
371731.60952681,1688.68207154854,0
371736.698408014,1726.87289658709,0
371741.901050704,1765.04809302173,0
371747.217406659,1803.20731557162,0
371752.647426601,1841.35021911441,0
371758.191060205,1879.47645868963,0
371763.848256092,1917.58568950211,0
371769.618961833,1955.67756692536,0
371775.503123952,1993.75174650502,0
371781.50068792,2031.80788396218,0
371787.611598162,2069.84563519683,0
371793.835798055,2107.86465629123,0
371800.173229928,2145.86460351328,0
371806.623835065,2183.84513331994,0
371813.187553702,2221.80590236057,0
371819.864325032,2259.74656748036,0
371826.654087203,2297.66678572359,0
371833.556777319,2335.56621433721,0
371840.572331441,2373.4445107739,0
371847.700684588,2411.30133269583,0
371854.941770738,2449.13633797751,0
371862.295522829,2486.94918470979,0
371869.761872757,2524.73953120246,0
371877.340751381,2562.50703598842,0
371885.032088521,2600.25135782615,0
371892.83581296,2637.97215570395,0
371900.751852443,2675.66908884242,0
371908.780133682,2713.34181669858,0
371916.920582351,2750.98999896845,0
371925.173123092,2788.6132955911,0
371933.537679513,2826.21136675135,0
371942.01417419,2863.78387288353,0
371950.602528668,2901.33047467453,0
371959.302663462,2938.85083306719,0
371968.114498055,2976.34460926378,0
371977.037950905,3013.81146472881,0
371986.072939439,3051.25106119309,0
371995.21938006,3088.6630606561,0
372004.477188144,3126.04712539027,0
372013.846278042,3163.40291794325,0
372023.326563083,3200.73010114216,0
372032.91795557,3238.02833809601,0
372042.620366788,3275.29729219964,0
372052.433707,3312.53662713657,0
372062.357885447,3349.74600688234,0
372072.392810356,3386.92509570806,0
372082.538388932,3424.07355818304,0
372092.794527366,3461.19105917886,0
372103.161130834,3498.27726387168,0
372113.638103496,3535.33183774645,0
372124.2253485,3572.35444659924,0
372134.922767981,3609.34475654112,0
372145.730263065,3646.30243400111,0
372156.647733867,3683.22714572922,0
372167.675079492,3720.11855880026,0
372178.81219804,3756.97634061613,0
372190.058986603,3793.80015891007,0
372201.415341269,3830.58968174884,0
372212.881157122,3867.34457753677,0
372224.456328241,3904.06451501835,0
372236.140747707,3940.74916328157,0
372247.934307599,3977.39819176148,0
372259.836898997,4014.01127024249,0
372271.848411983,4050.58806886264,0
372283.968735643,4087.12825811563,0
372296.197758067,4123.63150885494,0
372308.535366352,4160.09749229636,0
372320.981446603,4196.52588002119,0
372333.53588393,4232.91634397992,0
372346.198562458,4269.26855649433,0
372358.969365318,4305.58219026186,0
372371.848174659,4341.85691835753,0
372384.83487164,4378.09241423793,0
372397.929336436,4414.28835174399,0
372411.131448239,4450.44440510375,0
372424.441085261,4486.56024893631,0
372437.858124729,4522.63555825379,0
372451.382442896,4558.67000846551,0
372465.013915032,4594.66327538027,0
372478.752415435,4630.61503520966,0
372492.597817425,4666.52496457152,0
372506.549993351,4702.39274049202,0
372520.608814587,4738.21804041,0
372534.77415154,4774.00054217874,0
372549.045873644,4809.7399240699,0
372563.423849368,4845.43586477629,0
372577.907946214,4881.0880434144,0
372592.498030719,4916.69613952844,0
372607.193968457,4952.25983309216,0
372621.995624041,4987.77880451284,0
372636.902861122,5023.25273463381,0
372651.915542395,5058.68130473719,0
372667.033529596,5094.06419654778,0
372682.256683506,5129.40109223476,0
372697.584863951,5164.69167441588,0
372713.017929808,5199.93562615967,0
372728.555738998,5235.13263098838,0
372744.198148498,5270.2823728817,0
372759.945014333,5305.38453627846,0
372775.796191585,5340.43880608078,0
372791.751534391,5375.44486765629,0
372807.810895944,5410.40240684095,0
372823.974128497,5445.31110994283,0
372840.241083363,5480.17066374368,0
372856.611610917,5514.98075550313,0
372873.085560599,5549.74107296084,0
372889.662780914,5584.45130433921,0
372906.343119433,5619.11113834728,0
372923.126422797,5653.72026418215,0
372940.012536717,5688.27837153311,0
372957.001305978,5722.78515058393,0
372974.092574437,5757.24029201533,0
372991.286185027,5791.64348700893,0
373008.58197976,5825.99442724874,0
373025.979799725,5860.29280492494,0
373043.479485094,5894.5383127366,0
373061.080875121,5928.73064389363,0
373078.783808144,5962.869492121,0
373096.588121588,5996.95455166019,0
373114.493651965,6030.98551727265,0
373132.500234879,6064.96208424289,0
373150.607705024,6098.88394838007,0
373168.815896188,6132.75080602223,0
373187.124641253,6166.56235403802,0
373205.533772201,6200.31828982954,0
373224.04312011,6234.01831133592,0
373242.652515162,6267.6621170347,0
373261.361786638,6301.24940594573,0
373280.170762926,6334.77987763355,0
373299.079271521,6368.25323220934,0
373318.087139024,6401.66917033506,0
373337.194191148,6435.02739322479,0
373356.400252717,6468.327602648,0
373375.70514767,6501.56950093271,0
373395.108699061,6534.75279096679,0
373414.610729062,6567.87717620218,0
373434.211058966,6600.94236065665,0
373453.909509186,6633.94804891617,0
373473.705899259,6666.89394613876,0
373493.600047848,6699.7797580557,0
373513.591772744,6732.60519097497,0
373533.680890867,6765.36995178413,0
373553.867218267,6798.07374795163,0
373574.150570131,6830.716287531,0
373594.530760777,6863.2972791625,0
373615.007603664,6895.81643207544,0
373635.580911389,6928.27345609196,0
373656.250495691,6960.66806162819,0
373677.016167451,6992.99995969758,0
373697.877736698,7025.26886191378,0
373718.835012605,7057.47448049185,0
373739.887803499,7089.61652825231,0
373761.035916855,7121.69471862295,0
373782.279159304,7153.70876564075,0
373803.61733663,7185.65838395586,0
373825.050253777,7217.54328883271,0
373846.577714848,7249.36319615292,0
373868.19952311,7281.11782241857,0
373889.91548099,7312.80688475314,0
373911.725390084,7344.43010090525,0
373933.629051157,7375.98718925097,0
373955.626264141,7407.47786879513,0
373977.716828144,7438.90185917539,0
373999.900541445,7470.25888066365,0
374022.177201503,7501.54865416821,0
374044.546604954,7532.77090123746,0
374067.008547616,7563.9253440609,0
374089.562824489,7595.01170547208,0
374112.209229758,7626.02970895163,0
374134.947556797,7656.9790786282,0
374157.777598169,7687.85953928208,0
374180.699145628,7718.6708163474,0
374203.711990123,7749.41263591338,0
374226.815921798,7780.08472472822,0
374250.010729996,7810.68681020063,0
374273.29620326,7841.21862040157,0
374296.672129338,7871.67988406808,0
374320.138295178,7902.07033060427,0
374343.694486941,7932.3896900838,0
374367.340489993,7962.63769325322,0
374391.076088913,7992.81407153275,0
374414.901067495,8022.91855701935,0
374438.815208747,8052.95088248953,0
374462.818294896,8082.91078140007,0
374486.910107391,8112.79798789165,0
374511.090426902,8142.61223679092,0
374535.359033324,8172.35326361152,0
374559.71570578,8202.02080455792,0
374584.160222624,8231.61459652691,0
374608.692361439,8261.13437710903,0
374633.311899043,8290.57988459235,0
374658.018611493,8319.95085796362,0
374682.812274082,8349.24703691005,0
374707.692661344,8378.46816182295,0
374732.659547058,8407.61397379852,0
374757.712704247,8436.68421464019,0
374782.851905183,8465.6786268619,0
374808.076921388,8494.59695368863,0
374833.387523637,8523.43893905932,0
374858.783481958,8552.20432762959,0
374884.26456564,8580.89286477241,0
374909.830543228,8609.50429658119,0
374935.481182531,8638.03836987218,0
374961.216250621,8666.49483218516,0
374987.035513837,8694.8734317868,0
375012.938737789,8723.17391767266,0
375038.925687355,8751.39603956797,0
375064.996126688,8779.53954793117,0
375091.149819219,8807.60419395557,0
375117.386527655,8835.58972957025,0
375143.706013986,8863.4959074437,0
375170.108039483,8891.32248098518,0
375196.592364704,8919.0692043458,0
375223.158749495,8946.7358324221,0
375249.806952993,8974.32212085729,0
375276.536733625,9001.82782604239,0
375303.347849118,9029.25270511984,0
375330.240056492,9056.5965159845,0
375357.213112071,9083.85901728497,0
375384.266771478,9111.03996842716,0
375411.400789643,9138.13912957507,0
375438.614920803,9165.15626165234,0
375465.908918506,9192.09112634561,0
375493.282535609,9218.94348610536,0
375520.735524287,9245.71310414737,0
375548.267636031,9272.39974445617,0
375575.878621651,9299.00317178569,0
375603.568231279,9325.52315166085,0
375631.336214372,9351.95945038088,0
375659.182319714,9378.31183501995,0
375687.106295419,9404.58007342882,0
375715.107888931,9430.76393423804,0
375743.186847031,9456.86318685859,0
375771.342915834,9482.87760148348,0
375799.575840796,9508.80694909099,0
375827.885366715,9534.65100144523,0
375856.271237733,9560.40953109769,0
375884.733197338,9586.08231139048,0
375913.270988368,9611.66911645693,0
375941.884353012,9637.16972122301,0
375970.573032815,9662.58390141056,0
375999.336768678,9687.91143353795,0
376028.175300859,9713.15209492137,0
376057.088368982,9738.30566367809,0
376086.075712032,9763.37191872712,0
376115.137068362,9788.35063979036,0
376144.272175694,9813.24160739592,0
376173.480771124,9838.04460287884,0
376202.762591118,9862.75940838202,0
376232.117371523,9887.3858068596,0
376261.544847565,9911.92358207773,0
376291.044753849,9936.37251861542,0
376320.616824368,9960.73240186774,0
376350.2607925,9985.00301804689,0
376379.976391014,10009.1841541827,0
376409.763352071,10033.2755981261,0
376439.621407225,10057.2771385498,0
376469.550287429,10081.1885649491,0
376499.549723036,10105.0096676452,0
376529.619443801,10128.7402377858,0
376559.759178883,10152.3800673462,0
376589.96865685,10175.9289491317,0
376620.24760568,10199.3866767796,0
376650.595752763,10222.753044759,0
376681.012824905,10246.0278483738,0
376711.498548328,10269.2108837642,0
376742.052648678,10292.3019479074,0
376772.674851019,10315.3008386194,0
376803.364879846,10338.2073545574,0
376834.122459079,10361.0212952201,0
376864.947312068,10383.7424609493,0
376895.8391616,10406.3706529325,0
376926.797729894,10428.9056732035,0
376957.82273861,10451.3473246432,0
376988.913908848,10473.6954109826,0
377020.070961154,10495.9497368037,0
377051.293615515,10518.1101075397,0
377082.581591374,10540.1763294783,0
377113.93460762,10562.1482097625,0
377145.352382599,10584.0255563907,0
377176.834634113,10605.80817822,0
377208.381079424,10627.4958849671,0
377239.991435254,10649.0884872086,0
377271.665417793,10670.5857963834,0
377303.402742695,10691.9876247942,0
377335.203125087,10713.2937856083,0
377367.066279565,10734.5040928588,0
377398.991920203,10755.6183614469,0
377430.979760552,10776.6364071425,0
377463.029513643,10797.5580465852,0
377495.140891989,10818.3830972866,0
377527.313607592,10839.1113776313,0
377559.547371939,10859.7427068772,0
377591.841896008,10880.2769051583,0
377624.196890274,10900.7137934854,0
377656.612064705,10921.0531937468,0
377689.087128769,10941.29492871,0
377721.621791434,10961.4388220237,0
377754.215761176,10981.4846982181,0
377786.868745973,11001.4323827057,0
377819.580453316,11021.2817017844,0
377852.350590208,11041.0324826372,0
377885.178863163,11060.6845533333,0
377918.064978217,11080.2377428304,0
377951.008640924,11099.6918809756,0
377984.00955636,11119.0467985056,0
378017.067429128,11138.3023270488,0
378050.181963359,11157.4582991272,0
378083.352862713,11176.5145481558,0
378116.579830385,11195.4709084445,0
378149.862569106,11214.3272152003,0
378183.200781146,11233.0833045273,0
378216.594168313,11251.7390134274,0
378250.042431963,11270.294179803,0
378283.545272999,11288.7486424574,0
378317.10239187,11307.1022410949,0
378350.713488579,11325.3548163233,0
378384.378262685,11343.506209655,0
378418.096413302,11361.5562635071,0
378451.867639105,11379.5048212026,0
378485.691638333,11397.3517269729,0
378519.56810879,11415.0968259574,0
378553.496747845,11432.7399642046,0
378587.477252442,11450.280988674,0
378621.509319098,11467.7197472371,0
378655.592643903,11485.0560886773,0
378689.726922528,11502.2898626919,0
378723.911850228,11519.4209198935,0
378758.147121838,11536.4491118101,0
378792.432431781,11553.3742908858,0
378826.767474071,11570.1963104834,0
378861.151942315,11586.9150248845,0
378895.585529712,11603.5302892896,0
378930.06792906,11620.0419598202,0
378964.59883276,11636.4498935202,0
378999.177932812,11652.7539483555,0
379033.804920823,11668.9539832153,0
379068.479488011,11685.0498579142,0
379103.201325202,11701.0414331922,0
379137.970122837,11716.9285707148,0
379172.785570974,11732.7111330756,0
379207.647359291,11748.3889837969,0
379242.555177085,11763.9619873294,0
379277.50871328,11779.4300090538,0
379312.507656428,11794.7929152825,0
379347.551694709,11810.0505732597,0
379382.640515938,11825.2028511617,0
379417.773807562,11840.2496180986,0
379452.95125667,11855.1907441159,0
379488.17254999,11870.0261001935,0
379523.437373894,11884.7555582475,0
379558.7454144,11899.3789911315,0
379594.096357175,11913.8962726371,0
379629.489887539,11928.3072774941,0
379664.925690463,11942.6118813718,0
379700.403450579,11956.8099608805,0
379735.922852178,11970.9013935715,0
379771.483579211,11984.8860579371,0
379807.085315297,11998.7638334135,0
379842.727743722,12012.5346003801,0
379878.410547443,12026.1982401605,0
379914.133409089,12039.754635023,0
379949.896010967,12053.2036681824,0
379985.698035062,12066.5452238002,0
380021.53916304,12079.7791869843,0
380057.419076251,12092.9054437913,0
380093.337455735,12105.9238812269,0
380129.293982218,12118.8343872461,0
380165.28833612,12131.6368507536,0
380201.320197554,12144.3311616057,0
380237.389246336,12156.9172106108,0
380273.495161978,12169.3948895286,0
380309.637623694,12181.7640910722,0
380345.81631041,12194.0247089091,0
380382.030900755,12206.1766376609,0
380418.281073072,12218.2197729038,0
380454.566505417,12230.15401117,0
380490.886875564,12241.9792499488,0
380527.241861007,12253.695387686,0
380563.63113896,12265.3023237847,0
380600.054386362,12276.7999586068,0
380636.511279884,12288.1881934737,0
380673.001495923,12299.4669306655,0
380709.52471061,12310.6360734227,0
380746.080599812,12321.6955259467,0
380782.668839137,12332.645193401,0
380819.289103932,12343.4849819099,0
380855.941069286,12354.2147985608,0
380892.62441004,12364.8345514044,0
380929.33880078,12375.3441494555,0
380966.083915847,12385.7435026922,0
381002.859429334,12396.032522058,0
381039.665015094,12406.211119462,0
381076.500346742,12416.2792077793,0
381113.365097651,12426.2367008509,0
381150.258940963,12436.0835134851,0
381187.18154959,12445.8195614581,0
381224.132596213,12455.444761514,0
381261.111753286,12464.9590313649,0
381298.118693041,12474.3622896925,0
381335.153087492,12483.6544561482,0
381372.214608432,12492.8354513534,0
381409.302927438,12501.9051968995,0
381446.417715876,12510.8636153493,0
381483.558644905,12519.7106302374,0
381520.725385475,12528.4461660701,0
381557.917608328,12537.0701483257,0
381595.13498401,12545.5825034557,0
381632.377182866,12553.9831588851,0
381669.643875045,12562.2720430126,0
381706.934730503,12570.4490852105,0
381744.249419003,12578.514215826,0
381781.587610125,12586.4673661818,0
381818.948973262,12594.3084685755,0
381856.33317762,12602.0374562804,0
381893.73989223,12609.654263546,0
381931.168785946,12617.1588255989,0
381968.619527449,12624.5510786425,0
382006.091785242,12631.8309598572,0
382043.585227664,12638.998407401,0
382081.099522889,12646.0533604108,0
382118.634338927,12652.9957590015,0
382156.189343624,12659.8255442666,0
382193.764204671,12666.5426582786,0
382231.358589602,12673.14704409,0
382268.972165804,12679.6386457331,0
382306.604600507,12686.0174082198,0
382344.255560796,12692.2832775427,0
382381.924713615,12698.4362006751,0
382419.611725764,12704.4761255716,0
382457.316263904,12710.4030011681,0
382495.03799456,12716.2167773817,0
382532.776584124,12721.9174051117,0
382570.531698858,12727.50483624,0
382608.303004896,12732.9790236305,0
382646.090168244,12738.3399211297,0
382683.892854788,12743.5874835675,0
382721.710730296,12748.721666757,0
382759.543460416,12753.7424274947,0
382797.390710682,12758.6497235607,0
382835.252146516,12763.4435137192,0
382873.127433234,12768.1237577188,0
382911.016236045,12772.6904162922,0
382948.91822005,12777.1434511567,0
382986.833050255,12781.4828250146,0
383024.760391567,12785.7085015534,0
383062.699908796,12789.8204454455,0
383100.651266659,12793.8186223488,0
383138.614129785,12797.7029989069,0
383176.588162717,12801.4735427492,0
383214.57302991,12805.1302224909,0
383252.56839574,12808.6730077333,0
383290.573924504,12812.101869064,0
383328.589280422,12815.4167780572,0
383366.614127641,12818.6177072734,0
383404.648130237,12821.7046302597,0
383442.690952218,12824.6775215504,0
383480.742257528,12827.5363566665,0
383518.801710045,12830.2811121161,0
383556.868973592,12832.9117653944,0
383594.943711932,12835.428294984,0
383633.025588773,12837.8306803548,0
383671.114267772,12840.1189019641,0
383709.209412538,12842.292941257,0
383747.310686635,12844.3527806661,0
383785.417753579,12846.2984036115,0
383823.530276849,12848.1297945015,0
383861.647919885,12849.8469387318,0
383899.770346091,12851.4498226863,0
383937.897218839,12852.9384337367,0
383976.028201472,12854.3127602428,0
384014.162957303,12855.5727915522,0
384052.301149624,12856.7185180007,0
384090.442441703,12857.7499309123,0
384128.58649679,12858.6670225988,0
384166.732978118,12859.4697863602,0
384204.881548907,12860.1582164848,0
384243.031872366,12860.7323082487,0
384281.183611695,12861.1920579163,0
384319.33643009,12861.53746274,0
384357.489990745,12861.7685209602,0
384395.64395685,12861.8852318054,0
384433.797991603,12861.8875954922,0
384471.951758204,12861.7756132249,0
384510.104919862,12861.5492871959,0
384548.257139797,12861.2086205855,0
384586.408081244,12860.7536175616,0
384624.557407451,12860.1842832799,0
384662.704781689,12859.500623884,0
384700.849867247,12858.7026465047,0
384738.992327442,12857.7903592606,0
384777.131825616,12856.7637712575,0
384815.268025142,12855.6228925887,0
384853.400589424,12854.3677343347,0
384891.529181904,12852.9983085629,0
384929.653466059,12851.5146283279,0
384967.77310541,12849.9167076712,0
385005.88776352,12848.2045616207,0
385043.997103998,12846.3782061913,0
385082.100790501,12844.4376583843,0
385120.19848674,12842.382936187,0
385158.289856478,12840.2140585734,0
385196.374563538,12837.9310455029,0
385234.4522718,12835.5339179212,0
385272.522645209,12833.0226977596,0
385310.585347771,12830.3974079347,0
385348.640043567,12827.6580723486,0
385386.686396741,12824.8047158883,0
385424.724071515,12821.8373644261,0
385462.752732187,12818.7560448187,0
385500.772043133,12815.5607849073,0
385538.781668809,12812.2516135176,0
385576.781273756,12808.8285604592,0
385614.770522605,12805.2916565257,0
385652.749080073,12801.640933494,0
385690.71661097,12797.876424125,0
385728.672780203,12793.9981621619,0
385766.617252776,12790.0061823312,0
385804.549693791,12785.9005203422,0
385842.469768455,12781.6812128863,0
385880.377142085,12777.3482976368,0
385918.2714801,12772.901813249,0
385956.152448032,12768.3417993599,0
385994.019711531,12763.6682965873,0
386031.872936361,12758.8813465301,0
386069.711788404,12753.9809917678,0
386107.535933666,12748.9672758604,0
386145.345038278,12743.8402433475,0
386183.1387685,12738.5999397485,0
386220.916790719,12733.2464115623,0
386258.678771456,12727.7797062668,0
386296.42437737,12722.1998723182,0
386334.153275257,12716.506959151,0
386371.865132053,12710.7010171783,0
386409.559614838,12704.7820977902,0
386447.236390842,12698.7502533541,0
386484.895127442,12692.605537214,0
386522.535492164,12686.348003691,0
386560.157152692,12679.977708082,0
386597.759776869,12673.4947066593,0
386635.343032696,12666.8990566703,0
386672.906588334,12660.1908163382,0
386710.450112114,12653.37004486,0
386747.973272534,12646.4368024066,0
386785.475738263,12639.3911501224,0
386822.957178141,12632.2331501258,0
386860.417261187,12624.9628655076,0
386897.855656599,12617.5803603303,0
386935.272033758,12610.0856996284,0
386972.666062225,12602.4789494084,0
387010.03741175,12594.7601766475,0
387047.385752276,12586.9294492929,0
387084.710753936,12578.9868362619,0
387122.012087058,12570.9324074415,0
387159.289422167,12562.7662336879,0
387196.542429991,12554.4883868252,0
387233.770781462,12546.0989396456,0
387270.974147714,12537.597965909,0
387308.152200092,12528.9855403425,0
387345.304610153,12520.2617386391,0
387382.431049669,12511.4266374575,0
387419.531190626,12502.4803144225,0
387456.604705231,12493.4228481237,0
387493.651265914,12484.2543181142,0
387530.670545329,12474.9748049109,0
387567.662216358,12465.5843899947,0
387604.625952111,12456.0831558085,0
387641.561425935,12446.4711857572,0
387678.468311411,12436.7485642067,0
387715.346282358,12426.9153764845,0
387752.195012834,12416.9717088781,0
387789.014177144,12406.9176486344,0
387825.803449841,12396.7532839589,0
387862.562505722,12386.4787040164,0
387899.291019838,12376.0939989292,0
387935.988667496,12365.5992597762,0
387972.65512426,12354.994578593,0
388009.290065952,12344.2800483716,0
388045.893168656,12333.4557630588,0
388082.464108726,12322.5218175555,0
388119.002562779,12311.4783077169,0
388155.508207705,12300.3253303518,0
388191.980720666,12289.062983221,0
388228.419779103,12277.6913650369,0
388264.825060732,12266.2105754635,0
388301.196243551,12254.6207151156,0
388337.533005845,12242.9218855568,0
388373.835026184,12231.1141893,0
388410.101983426,12219.197729807,0
388446.333556721,12207.1726114868,0
388482.529425518,12195.038939695,0
388518.689269559,12182.7968207333,0
388554.812768889,12170.4463618494,0
388590.899603852,12157.9876712352,0
388626.949455102,12145.420858026,0
388662.9620036,12132.7460323007,0
388698.936930615,12119.9633050807,0
388734.873917733,12107.0727883286,0
388770.772646854,12094.0745949472,0
388806.632800199,12080.96883878,0
388842.454060307,12067.7556346099,0
388878.236110045,12054.4350981571,0
388913.978632606,12041.0073460796,0
388949.68131151,12027.4724959728,0
388985.343830612,12013.8306663674,0
389020.965874102,12000.0819767289,0
389056.547126505,11986.226547457,0
389092.087272688,11972.2644998854,0
389127.585997861,11958.1959562798,0
389163.042987579,11944.0210398368,0
389198.457927746,11929.7398746848,0
389233.830504615,11915.3525858819,0
389269.160404795,11900.8592994143,0
389304.44731525,11886.2601421968,0
389339.690923301,11871.5552420718,0
389374.890916634,11856.7447278073,0
389410.046983298,11841.8287290964,0
389445.158811706,11826.8073765572,0
389480.226090645,11811.6808017315,0
389515.248509271,11796.4491370827,0
389550.225757116,11781.112515996,0
389585.157524089,11765.6710727782,0
389620.043500478,11750.1249426548,0
389654.883376957,11734.47426177,0
389689.676844582,11718.7191671861,0
389724.423594798,11702.8597968825,0
389759.123319442,11686.8962897535,0
389793.775710743,11670.8287856084,0
389828.380461325,11654.6574251708,0
389862.937264212,11638.3823500768,0
389897.445812831,11622.0037028736,0
389931.90580101,11605.5216270199,0
389966.316922983,11588.9362668841,0
390000.678873396,11572.2477677425,0
390034.991347304,11555.4562757794,0
390069.254040179,11538.561938086,0
390103.466647908,11521.5649026586,0
390137.6288668,11504.4653183975,0
390171.740393582,11487.2633351071,0
390205.80092541,11469.9591034938,0
390239.810159867,11452.5527751647,0
390273.767794964,11435.0445026273,0
390307.673529147,11417.4344392884,0
390341.527061295,11399.7227394521,0
390375.32809073,11381.9095583189,0
390409.076317208,11363.9950519858,0
390442.771440932,11345.979377444,0
390476.413162552,11327.8626925772,0
390510.001183165,11309.6451561619,0
390543.535204317,11291.326927866,0
390577.014928011,11272.9081682463,0
390610.440056705,11254.3890387484,0
390643.810293316,11235.7697017063,0
390677.125341223,11217.0503203393,0
390710.384904268,11198.2310587516,0
390743.588686761,11179.3120819323,0
390776.736393481,11160.2935557526,0
390809.827729678,11141.1756469647,0
390842.862401079,11121.9585232016,0
390875.840113884,11102.6423529755,0
390908.760574777,11083.2273056755,0
390941.623490922,11063.7135515675,0
390974.428569968,11044.1012617933,0
391007.175520052,11024.3906083678,0
391039.864049803,11004.5817641785,0
391072.493868337,10984.6749029853,0
391105.064685272,10964.6701994175,0
391137.576210719,10944.5678289729,0
391170.028155292,10924.3679680174,0
391202.420230107,10904.0707937833,0
391234.752146785,10883.676484367,0
391267.023617456,10863.1852187286,0
391299.234354761,10842.5971766914,0
391331.384071852,10821.9125389385,0
391363.472482401,10801.1314870124,0
391395.499300594,10780.2542033149,0
391427.46424114,10759.2808711038,0
391459.367019273,10738.2116744919,0
391491.207350749,10717.0467984471,0
391522.984951855,10695.7864287894,0
391554.699539411,10674.4307521898,0
391586.350830768,10652.9799561694,0
391617.938543812,10631.4342290982,0
391649.462396973,10609.7937601924,0
391680.922109217,10588.0587395139,0
391712.317400056,10566.2293579696,0
391743.647989548,10544.3058073082,0
391774.913598303,10522.2882801194,0
391806.113947476,10500.176969834,0
391837.248758782,10477.9720707201,0
391868.31775449,10455.6737778823,0
391899.320657427,10433.2822872617,0
391930.257190984,10410.7977956327,0
391961.127079115,10388.2205006015,0
391991.930046339,10365.550600606,0
392022.665817747,10342.7882949132,0
392053.334119,10319.9337836175,0
392083.934676332,10296.98726764,0
392114.467216556,10273.9489487268,0
392144.931467062,10250.8190294462,0
392175.327155824,10227.5977131889,0
392205.654011397,10204.2852041658,0
392235.911762925,10180.8817074058,0
392266.100140141,10157.3874287546,0
392296.218873367,10133.8025748742,0
392326.267693523,10110.1273532392,0
392356.246332123,10086.3619721366,0
392386.154521279,10062.5066406647,0
392415.991993707,10038.5615687296,0
392445.758482726,10014.526967045,0
392475.453722261,9990.40304713092,0
392505.077446846,9966.19002131053,0
392534.629391627,9941.88810270926,0
392564.109292363,9917.49750525404,0
392593.516885429,9893.01844367023,0
392622.85190782,9868.45113348013,0
392652.114097151,9843.79579100257,0
392681.303191661,9819.05263334991,0
392710.418930215,9794.22187842622,0
392739.461052306,9769.30374492699,0
392768.429298058,9744.29845233623,0
392797.32340823,9719.20622092442,0
392826.143124214,9694.02727174826,0
392854.888188042,9668.76182664785,0
392883.558342386,9643.41010824451,0
392912.153330562,9617.97233994046,0
392940.672896529,9592.44874591614,0
392969.116784896,9566.83955112787,0
392997.484740923,9541.14498130752,0
393025.776510518,9515.36526295989,0
393053.99184025,9489.50062336029,0
393082.130477342,9463.55129055407,0
393110.192169676,9437.51749335425,0
393138.1766658,9411.39946133881,0
393166.083714922,9385.19742485033,0
393193.91306692,9358.91161499357,0
393221.66447234,9332.54226363275,0
393249.337682401,9306.08960339112,0
393276.932448994,9279.55386764854,0
393304.448524688,9252.93529053876,0
393331.885662731,9226.23410694891,0
393359.243617049,9199.45055251717,0
393386.522142257,9172.58486362984,0
393413.720993651,9145.63727742102,0
393440.839927217,9118.60803177004,0
393467.878699631,9091.49736529869,0
393494.837068262,9064.30551737078,0
393521.714791174,9037.03272808954,0
393548.51162713,9009.67923829488,0
393575.22733559,8982.2452895629,0
393601.861676718,8954.73112420322,0
393628.414411382,8927.13698525626,0
393654.885301156,8899.46311649281,0
393681.274108324,8871.70976241113,0
393707.580595882,8843.87716823439,0
393733.804527536,8815.96557991018,0
393759.945667711,8787.97524410743,0
393786.00378155,8759.90640821406,0
393811.978634916,8731.75932033638,0
393837.869994394,8703.53422929585,0
393863.677627294,8675.2313846269,0
393889.401301654,8646.85103657625,0
393915.040786242,8618.39343609948,0
393940.595850555,8589.85883485912,0
393966.066264827,8561.24748522375,0
393991.451800026,8532.5596402645,0
394016.75222786,8503.7955537533,0
394041.967320777,8474.95548016188,0
394067.096851968,8446.03967465807,0
394092.140595369,8417.04839310436,0
394117.098325662,8387.98189205662,0
394141.969818282,8358.84042876039,0
394166.754849412,8329.62426114961,0
394191.453195991,8300.33364784511,0
394216.064635714,8270.96884815083,0
394240.588947034,8241.53012205294,0
394265.025909163,8212.01773021778,0
394289.375302078,8182.43193398825,0
394313.636906521,8152.77299538323,0
394337.810503998,8123.04117709488,0
394361.895876787,8093.23674248548,0
394385.892807937,8063.35995558682,0
394409.801081269,8033.41108109704,0
394433.62048138,8003.39038437794,0
394457.350793647,7973.29813145425,0
394480.991804224,7943.13458901003,0
394504.543300048,7912.90002438653,0
394528.005068841,7882.5947055812,0
394551.376899109,7852.21890124376,0
394574.658580149,7821.77288067467,0
394597.849902048,7791.25691382359,0
394620.950655683,7760.67127128551,0
394643.960632728,7730.01622429959,0
394666.879625654,7699.29204474703,0
394689.707427729,7668.49900514742,0
394712.443833023,7637.63737865796,0
394735.088636409,7606.70743907043,0
394757.641633565,7575.70946080828,0
394780.102620975,7544.64371892568,0
394802.471395933,7513.51048910401,0
394824.747756545,7482.3100476495,0
394846.931501727,7451.04267149211,0
394869.022431215,7419.70863818153,0
394891.020345557,7388.30822588558,0
394912.925046124,7356.84171338851,0
394934.736335107,7325.30938008693,0
394956.45401552,7293.71150598885,0
394978.077891203,7262.04837171099,0
394999.607766822,7230.32025847541,0
395021.043447872,7198.52744810853,0
395042.384740682,7166.67022303773,0
395063.63145241,7134.74886628874,0
395084.783391053,7102.76366148439,0
395105.840365441,7070.71489284072,0
395126.802185248,7038.60284516518,0
395147.668660985,7006.42780385472,0
395168.439604006,6974.19005489191,0
395189.114826512,6941.88988484377,0
395209.69414155,6909.52758085883,0
395230.177363014,6877.10343066396,0
395250.56430565,6844.61772256321,0
395270.854785056,6812.07074543412,0
395291.048617685,6779.46278872538,0
395311.145620845,6746.79414245526,0
395331.145612703,6714.06509720761,0
395351.048412286,6681.27594413028,0
395370.853839481,6648.42697493271,0
395390.561715042,6615.51848188221,0
395410.171860586,6582.55075780287,0
395429.684098597,6549.52409607203,0
395449.09825243,6516.43879061756,0
395468.41414631,6483.29513591644,0
395487.631605334,6450.09342699065,0
395506.750455476,6416.83395940551,0
395525.770523584,6383.5170292672,0
395544.691637385,6350.14293321905,0
395563.513625486,6316.71196844037,0
395582.236317377,6283.22443264276,0
395600.85954343,6249.68062406752,0
395619.383134902,6216.080841484,0
395637.806923939,6182.42538418551,0
395656.130743574,6148.71455198765,0
395674.354427731,6114.94864522566,0
395692.477811227,6081.12796475076,0
395710.500729771,6047.25281192888,0
395728.423019972,6013.32348863682,0
395746.244519331,5979.34029725986,0
395763.965066251,5945.30354068979,0
395781.584500037,5911.2135223208,0
395799.102660894,5877.0705460481,0
395816.519389932,5842.87491626455,0
395833.834529167,5808.6269378576,0
395851.047921523,5774.32691620772,0
395868.159410832,5739.97515718421,0
395885.168841837,5705.57196714344,0
395902.076060195,5671.11765292604,0
395918.880912475,5636.61252185325,0
395935.583246163,5602.05688172556,0
395952.182909661,5567.45104081865,0
395968.67975229,5532.79530788113,0
395985.073624293,5498.08999213223,0
396001.364376834,5463.33540325781,0
396017.551861999,5428.53185140891,0
396033.635932802,5393.67964719796,0
396049.616443183,5358.77910169615,0
396065.493248008,5323.83052643136,0
396081.266203076,5288.83423338395,0
396096.935165114,5253.79053498534,0
396112.499991784,5218.69974411431,0
396127.960541683,5183.56217409407,0
396143.316674342,5148.37813869043,0
396158.56825023,5113.14795210742,0
396173.715130754,5077.87192898581,0
396188.757178264,5042.55038439951,0
396203.694256049,5007.1836338525,0
396218.526228342,4971.77199327697,0
396233.25296032,4936.31577902902,0
396247.874318108,4900.81530788698,0
396262.390168777,4865.27089704794,0
396276.800380348,4829.68286412457,0
396291.10482179,4794.0515271432,0
396305.303363028,4758.37720453959,0
396319.395874935,4722.66021515716,0
396333.382229342,4686.90087824339,0
396347.262299035,4651.09951344691,0
396361.035957757,4615.25644081517,0
396374.703080211,4579.37198079046,0
396388.263542058,4543.44645420804,0
396401.71721992,4507.4801822924,0
396415.063991385,4471.47348665453,0
396428.303735,4435.42668928934,0
396441.436330283,4399.34011257179,0
396454.461657712,4363.21407925508,0
396467.379598739,4327.04891246649,0
396480.190035781,4290.84493570524,0
396492.892852226,4254.60247283924,0
396505.487932436,4218.32184810165,0
396517.975161743,4182.00338608888,0
396530.354426455,4145.6474117563,0
396542.625613854,4109.25425041638,0
396554.788612199,4072.82422773497,0
396566.843310727,4036.35766972832,0
396578.789599655,3999.85490276062,0
396590.627370177,3963.31625353999,0
396602.356514472,3926.74204911652,0
396613.976925699,3890.13261687828,0
396625.488498001,3853.48828454886,0
396636.891126507,3816.80938018418,0
396648.184707331,3780.09623216911,0
396659.369137574,3743.34916921509,0
396670.444315325,3706.56852035613,0
396681.410139664,3669.75461494672,0
396692.266510659,3632.90778265787,0
396703.01332937,3596.02835347466,0
396713.650497851,3559.11665769287,0
396724.177919148,3522.17302591572,0
396734.595497303,3485.1977890514,0
396744.903137352,3448.19127830897,0
396755.10074533,3411.1538251964,0
396765.188228268,3374.08576151638,0
396775.165494195,3336.98741936403,0
396785.032452143,3299.85913112332,0
396794.789012142,3262.70122946395,0
396804.435085224,3225.51404733868,0
396813.970583425,3188.29791797939,0
396823.395419784,3151.05317489491,0
396832.709508345,3113.78015186687,0
396841.912764156,3076.47918294749,0
396851.005103274,3039.15060245568,0
396859.986442761,3001.7947449744,0
396868.85670069,2964.41194534722,0
396877.61579614,2927.00253867515,0
396886.263649204,2889.56686031384,0
396894.800180982,2852.1052458697,0
396903.225313588,2814.61803119768,0
396911.538970149,2777.10555239705,0
396919.741074805,2739.56814580919,0
396927.83155271,2702.00614801359,0
396935.810330034,2664.4198958253,0
396943.677333962,2626.80972629127,0
396951.432492697,2589.17597668747,0
396959.075735459,2551.51898451554,0
396966.606992486,2513.83908749954,0
396974.026195037,2476.13662358298,0
396981.333275388,2438.41193092523,0
396988.528166837,2400.66534789884,0
396995.610803706,2362.89721308562,0
397002.581121334,2325.10786527425,0
397009.439056087,2287.29764345621,0
397016.184545353,2249.46688682335,0
397022.817527544,2211.61593476392,0
397029.337942098,2173.74512686007,0
397035.745729476,2135.85480288389,0
397042.04083117,2097.94530279485,0
397048.223189693,2060.016966736,0
397054.29274859,2022.07013503114,0
397060.249452432,1984.10514818129,0
397066.093246819,1946.12234686165,0
397071.824078382,1908.12207191817,0
397077.441894779,1870.10466436451,0
397082.946644702,1832.0704653785,0
397088.33827787,1794.01981629921,0
397093.616745038,1755.9530586234,0
397098.781997989,1717.87053400244,0
397103.833989542,1679.772584239,0
397108.772673548,1641.65955128372,0
397113.598004891,1603.53177723202,0
397118.30993949,1565.38960432083,0
397122.9084343,1527.23337492521,0
397127.393447309,1489.06343155523,0
397131.764937541,1450.88011685255,0
397136.022865058,1412.68377358726,0
397140.167190957,1374.47474465447,0
397144.197877371,1336.25337307118,0
397148.114887474,1298.02000197281,0
397151.918185474,1259.77497461018,0
397155.60773662,1221.51863434581,0
397159.183507198,1183.25132465115,0
397162.645464533,1144.97338910275,0
397165.993576989,1106.68517137946,0
397169.227813973,1068.38701525872,0
397172.348145928,1030.07926461357,0
397175.354544339,991.762263409149,0
397178.246981732,953.436355699528,0
397181.025431674,915.101885624318,0
397183.689868771,876.759197405383,0
397186.240268675,838.408635343665,0
397188.676608076,800.050543815592,0
397190.998864708,761.685267270144,0
397193.207017347,723.31315022518,0
397195.30104581,684.934537264411,0
397197.280930959,646.549773033979,0
397199.146654699,608.159202239047,0
397200.898199977,569.763169640738,0
397202.535550783,531.362020052526,0
397204.058692153,492.956098337168,0
397205.467610164,454.5457494033,0
397206.762291938,416.131318202016,0
397207.942725642,377.71314972376,0
397209.008900486,339.291588994876,0
397209.960806725,300.866981074257,0
397210.798435658,262.43967105017,0
397211.521779628,224.010004036843,0
397212.130832024,185.578325171108,0
397212.625587278,147.144979609213,0
397213.006040868,108.710312523375,0
397213.272189317,70.2746690985477,0
397213.424030191,31.8383945290728,0
397213.461562103,-6.59816598467687,0
397213.38478471,-45.0346672395259,0
397213.193698714,-83.4707640329236,0
397212.88830586,-121.906111166166,0
397212.468608942,-160.340363447759,0
397211.934611794,-198.773175696775,0
397211.286319298,-237.204202746088,0
397210.523737381,-275.633099445733,0
397209.646873011,-314.059520666269,0
397208.655734205,-352.483121302026,0
397207.550330022,-390.903556274431,0
397206.330670565,-429.320480535382,0
397204.996766984,-467.733549070513,0
397203.548631469,-506.142416902507,0
397201.986277258,-544.546739094448,0
397200.30971863,-582.946170753108,0
397198.51897091,-621.340367032292,0
397196.614050465,-659.728983136071,0
397194.594974705,-698.111674322216,0
397192.461762084,-736.488095905412,0
397190.2144321,-774.85790326059,0
397187.853005292,-813.220751826321,0
397185.377503242,-851.57629710794,0
397182.787948574,-889.924194681077,0
397180.084364955,-928.264100194789,0
397177.266777093,-966.595669374957,0
397174.335210737,-1004.91855802756,0
397171.289692678,-1043.23242204197,0
397168.130250748,-1081.53691739434,0
397164.85691382,-1119.83170015067,0
397161.469711805,-1158.1164264705,0
397157.968675656,-1196.39075260974,0
397154.353837366,-1234.65433492441,0
397150.625229965,-1272.90682987358,0
397146.782887523,-1311.14789402288,0
397142.82684515,-1349.37718404774,0
397138.757138992,-1387.59435673658,0
397134.573806234,-1425.79906899434,0
397130.276885097,-1463.9909778454,0
397125.86641484,-1502.16974043728,0
397121.342435758,-1540.33501404354,0
397116.704989181,-1578.48645606743,0
397111.954117477,-1616.62372404473,0
397107.089864047,-1654.74647564758,0
397102.112273327,-1692.85436868713,0
397097.021390788,-1730.94706111742,0
397091.817262932,-1769.02421103812,0
397086.499937298,-1807.08547669827,0
397081.069462454,-1845.13051649909,0
397075.525888003,-1883.15898899771,0
397069.869264576,-1921.17055290992,0
397064.099643837,-1959.16486711402,0
397058.217078481,-1997.14159065342,0
397052.221622232,-2035.1003827406,0
397046.113329841,-2073.04090275961,0
397039.892257092,-2110.96281027007,0
397033.558460793,-2148.86576500974,0
397027.111998781,-2186.74942689836,0
397020.552929919,-2224.61345604027,0
397013.881314097,-2262.4575127284,0
397007.097212229,-2300.28125744667,0
397000.200686255,-2338.08435087399,0
396993.191799138,-2375.86645388684,0
396986.070614866,-2413.62722756311,0
396978.837198446,-2451.36633318471,0
396971.49161591,-2489.08343224135,0
396964.033934311,-2526.77818643326,0
396956.464221721,-2564.45025767489,0
396948.782547233,-2602.09930809767,0
396940.988980958,-2639.72500005351,0
396933.083594025,-2677.32699611796,0
396925.066458581,-2714.90495909323,0
396916.937647789,-2752.45855201175,0
396908.697235828,-2789.98743813884,0
396900.345297893,-2827.49128097654,0
396891.881910191,-2864.96974426609,0
396883.307149944,-2902.4224919919,0
396874.621095385,-2939.84918838384,0
396865.82382576,-2977.24949792137,0
396856.915421325,-3014.6230853358,0
396847.895963346,-3051.96961561423,0
396838.765534097,-3089.28875400216,0
396829.524216862,-3126.58016600691,0
396820.17209593,-3163.84351740088,0
396810.709256597,-3201.07847422426,0
396801.135785165,-3238.28470278885,0
396791.451768939,-3275.46186968042,0
396781.657296229,-3312.6096417627,0
396771.752456346,-3349.72768617965,0
396761.737339603,-3386.81567035941,0
396751.612037313,-3423.87326201674,0
396741.376641789,-3460.90012915662,0
396731.031246342,-3497.89594007721,0
396720.57594528,-3534.86036337271,0
396710.01083391,-3571.79306793717,0
396699.33600853,-3608.69372296659,0
396688.551566436,-3645.56199796311,0
396677.657605915,-3682.39756273712,0
396666.654226248,-3719.20008741113,0
396655.541527705,-3755.96924242243,0
396644.319611548,-3792.70469852614,0
396632.988580026,-3829.40612679879,0
396621.548536378,-3866.07319864055,0
396609.999584828,-3902.70558577931,0
396598.341830587,-3939.30296027275,0
396586.575379847,-3975.86499451223,0
396574.700339788,-4012.39136122533,0
396562.716818568,-4048.881733479,0
396550.624925329,-4085.33578468299,0
396538.424770191,-4121.75318859201,0
396526.116464253,-4158.13361931,0
396513.700119591,-4194.47675129189,0
396501.175849257,-4230.7822593476,0
396488.543767279,-4267.04981864465,0
396475.803988658,-4303.2791047109,0
396462.956629367,-4339.46979343845,0
396450.001806351,-4375.6215610854,0
396436.939637525,-4411.73408428008,0
396423.770241771,-4447.80704002318,0
396410.49373894,-4483.84010569105,0
396397.11024985,-4519.832959039,0
396383.61989628,-4555.78527820338,0
396370.022800977,-4591.69674170578,0
396356.319087647,-4627.56702845481,0
396342.508880959,-4663.39581774992,0
396328.592306539,-4699.18278928405,0
396314.569490974,-4734.92762314622,0
396300.440561805,-4770.62999982542,0
396286.20564753,-4806.28960021228,0
396271.864877602,-4841.90610560325,0
396257.418382425,-4877.47919770269,0
396242.866293354,-4913.00855862595,0
396228.208742695,-4948.49387090286,0
396213.445863703,-4983.93481747952,0
396198.577790577,-5019.33108172249,0
396183.604658466,-5054.68234742074,0
396168.52660346,-5089.98829878876,0
396153.343762593,-5125.24862047007,0
396138.056273839,-5160.46299753885,0
396122.664276113,-5195.63111550427,0
396107.167909268,-5230.75266031221,0
396091.567314094,-5265.82731834854,0
396075.862632315,-5300.85477644246,0
396060.054006592,-5335.83472186818,0
396044.141580514,-5370.7668423491,0
396028.125498604,-5405.65082605972,0
396012.005906313,-5440.48636162865,0
395995.782950021,-5475.27313814207,0
395979.456777032,-5510.01084514531,0
395963.027535575,-5544.69917264702,0
395946.495374805,-5579.33781112111,0
395929.860444794,-5613.92645150955,0
395913.122896538,-5648.464785226,0
395896.282881948,-5682.95250415729,0
395879.340553854,-5717.38930066744,0
395862.296066,-5751.77486759982,0
395845.149573044,-5786.10889827962,0
395827.901230555,-5820.39108651765,0
395810.551195013,-5854.62112661181,0
395793.099623806,-5888.79871335081,0
395775.546675229,-5922.92354201673,0
395757.892508483,-5956.99530838698,0
395740.137283672,-5991.01370873843,0
395722.281161802,-6024.97843984876,0
395704.32430478,-6058.8891989999,0
395686.266875408,-6092.74568398098,0
395668.109037391,-6126.54759308995,0
395649.850955323,-6160.29462513764,0
395631.492794695,-6193.9864794495,0
395613.03472189,-6227.62285586833,0
395594.476904178,-6261.20345475783,0
395575.819509719,-6294.7279770039,0
395557.06270756,-6328.19612401845,0
395538.206667632,-6361.60759774178,0
395519.25156075,-6394.9621006444,0
395500.197558607,-6428.25933573117,0
395481.044833779,-6461.49900654256,0
395461.793559718,-6494.68081715783,0
395442.443910752,-6527.80447219817,0
395422.996062083,-6560.86967682798,0
395403.450189784,-6593.87613675887,0
395383.806470802,-6626.82355825166,0
395364.065082947,-6659.71164811836,0
395344.226204902,-6692.54011372618,0
395324.290016209,-6725.30866299873,0
395304.256697276,-6758.01700441914,0
395284.126429374,-6790.66484703317,0
395263.899394628,-6823.25190045042,0
395243.575776027,-6855.77787484824,0
395223.155757409,-6888.24248097373,0
395202.63952347,-6920.64543014562,0
395182.027259757,-6952.9864342582,0
395161.319152665,-6985.26520578259,0
395140.51538944,-7017.48145776957,0
395119.616158172,-7049.63490385287,0
395098.621647795,-7081.72525825021,0
395077.532048086,-7113.75223576706,0
395056.347549662,-7145.71555179883,0
395035.068343978,-7177.61492233244,0
395013.694623327,-7209.45006395024,0
394992.226580834,-7241.22069383148,0
394970.664410458,-7272.92652975462,0
394949.008306988,-7304.56729010091,0
394927.258466041,-7336.14269385544,0
394905.415084062,-7367.6524606103,0
394883.47835832,-7399.09631056741,0
394861.448486905,-7430.47396453962,0
394839.325668729,-7461.78514395443,0
394817.110103523,-7493.02957085602,0
394794.801991834,-7524.20696790675,0
394772.401535022,-7555.31705839104,0
394749.908935261,-7586.35956621674,0
394727.324395536,-7617.33421591728,0
394704.64811964,-7648.24073265527,0
394681.88031217,-7679.0788422235,0
394659.02117853,-7709.84827104776,0
394636.070924926,-7740.54874618991,0
394613.029758363,-7771.17999534877,0
394589.897886646,-7801.74174686354,0
394566.675518372,-7832.2337297162,0
394543.362862936,-7862.65567353251,0
394519.960130523,-7893.00730858589,0
394496.467532109,-7923.28836579906,0
394472.885279456,-7953.4985767455,0
394449.213585112,-7983.63767365335,0
394425.452662409,-8013.70538940655,0
394401.60272546,-8043.70145754685,0
394377.663989156,-8073.62561227742,0
394353.636669167,-8103.47758846368,0
394329.520981938,-8133.25712163593,0
394305.317144683,-8162.96394799249,0
394281.025375391,-8192.59780440037,0
394256.645892817,-8222.15842839846,0
394232.178916484,-8251.64555819995,0
