374627.849648934,-8284.06233252411,0
374603.249456191,-8254.60034649963,0
374578.736711751,-8225.06414530124,0
374554.311638628,-8195.45399079602,0
374529.974459066,-8165.77014554653,0
374505.725394543,-8136.01287281005,0
374481.564665765,-8106.18243653559,0
374457.492492664,-8076.27910136114,0
374433.509094398,-8046.30313261293,0
374409.614689347,-8016.25479630193,0
374385.80949511,-7986.13435912165,0
374362.093728506,-7955.94208844716,0
374338.467605566,-7925.67825233126,0
374314.931341538,-7895.34311950281,0
374291.48515088,-7864.93695936536,0
374268.129247256,-7834.46004199319,0
374244.863843541,-7803.91263813013,0
374221.689151812,-7773.29501918757,0
374198.605383348,-7742.60745724069,0
374175.612748629,-7711.85022502769,0
374152.711457334,-7681.02359594689,0
374129.901718333,-7650.12784405366,0
374107.183739696,-7619.16324405956,0
374084.557728678,-7588.13007132887,0
374062.023891728,-7557.02860187611,0
374039.582434479,-7525.859112365,0
374017.23356175,-7494.62188010452,0
373994.977477542,-7463.31718304712,0
373972.814385037,-7431.94529978719,0
373950.744486595,-7400.50650955696,0
373928.767983752,-7369.00109222542,0
373906.88507722,-7337.42932829578,0
373885.09596688,-7305.79149890196,0
373863.400851785,-7274.0878858077,0
373841.799930155,-7242.31877140311,0
373820.293399376,-7210.484438702,0
373798.881455996,-7178.58517134074,0
373777.564295727,-7146.62125357428,0
373756.342113439,-7114.59297027425,0
373735.215103159,-7082.50060692728,0
373714.18345807,-7050.34444963087,0
373693.247370508,-7018.12478509227,0
373672.40703196,-6985.84190062564,0
373651.662633062,-6953.49608414869,0
373631.014363598,-6921.0876241816,0
373610.462412495,-6888.61680984334,0
373590.006967826,-6856.08393084916,0
373569.648216802,-6823.48927750923,0
373549.386345775,-6790.83314072439,0
373529.221540234,-6758.11581198467,0
373509.153984801,-6725.33758336688,0
373489.183863232,-6692.49874753075,0
373469.311358416,-6659.59959771792,0
373449.536652369,-6626.64042774835,0
373429.859926234,-6593.62153201754,0
373410.28136028,-6560.54320549515,0
373390.801133899,-6527.40574372077,0
373371.419425604,-6494.2094428023,0
373352.136413028,-6460.95459941344,0
373332.95227292,-6427.64151078991,0
373313.867181145,-6394.27047472823,0
373294.881312684,-6360.84178958208,0
373275.994841625,-6327.35575425958,0
373257.207941171,-6293.81266822169,0
373238.520783628,-6260.21283147797,0
373219.933540412,-6226.55654458502,0
373201.446382041,-6192.84410864365,0
373183.059478135,-6159.07582529525,0
373164.772997415,-6125.25199672052,0
373146.587107702,-6091.37292563548,0
373128.501975912,-6057.43891528911,0
373110.517768057,-6023.45026946133,0
373092.63464924,-5989.40729245884,0
373074.852783657,-5955.31028911367,0
373057.172334595,-5921.1595647798,0
373039.593464425,-5886.95542533003,0
373022.116334608,-5852.69817715437,0
373004.741105684,-5818.38812715579,0
372987.467937281,-5784.02558274842,0
372970.296988105,-5749.61085185468,0
372953.228415939,-5715.1442429016,0
372936.262377645,-5680.62606481937,0
372919.399029162,-5646.05662703723,0
372902.6385255,-5611.43623948122,0
372885.981020741,-5576.76521257171,0
372869.426668039,-5542.04385721943,0
372852.975619616,-5507.27248482392,0
372836.628026759,-5472.45140726974,0
372820.384039822,-5437.58093692367,0
372804.243808223,-5402.6613866327,0
372788.20748044,-5367.69306971969,0
372772.275204011,-5332.67629998188,0
372756.447125535,-5297.61139168717,0
372740.723390666,-5262.49865957112,0
372725.104144113,-5227.33841883497,0
372709.58952964,-5192.13098514133,0
372694.179690061,-5156.87667461254,0
372678.874767243,-5121.57580382699,0
372663.6749021,-5086.22868981606,0
372648.580234593,-5050.83565006212,0
372633.590903731,-5015.39700249418,0
372618.707047564,-4979.91306548617,0
372603.928803187,-4944.3841578533,0
372589.256306735,-4908.81059884894,0
372574.689693383,-4873.19270816254,0
372560.229097344,-4837.53080591529,0
372545.874651865,-4801.82521265841,0
372531.626489232,-4766.07624936933,0
372517.484740763,-4730.28423744873,0
372503.449536806,-4694.44949871827,0
372489.521006742,-4658.57235541627,0
372475.699278979,-4622.65313019603,0
372461.984480956,-4586.69214612182,0
372448.376739133,-4550.68972666613,0
372434.876179,-4514.64619570705,0
372421.482925068,-4478.56187752421,0
372408.197100868,-4442.437096797,0
372395.018828954,-4406.27217860024,0
372381.948230898,-4370.06744840198,0
372368.985427292,-4333.82323206017,0
372356.13053774,-4297.53985581914,0
372343.383680866,-4261.21764630745,0
372330.744974303,-4224.8569305336,0
372318.214534699,-4188.45803588401,0
372305.792477712,-4152.0212901192,0
372293.47891801,-4115.54702137079,0
372281.273969271,-4079.03555813888,0
372269.177744176,-4042.48722928793,0
372257.190354416,-4005.90236404482,0
372245.311910682,-3969.28129199457,0
372233.542522674,-3932.62434307801,0
372221.882299088,-3895.93184758829,0
372210.331347624,-3859.20413616749,0
372198.889774982,-3822.44153980421,0
372187.557686858,-3785.64438982927,0
372176.335187946,-3748.81301791376,0
372165.222381937,-3711.9477560648,0
372154.219371514,-3675.04893662304,0
372143.326258356,-3638.11689225922,0
372132.543143133,-3601.15195597074,0
372121.870125507,-3564.15446107915,0
372111.307304128,-3527.1247412259,0
372100.854776637,-3490.06313037029,0
372090.512639663,-3452.96996278515,0
372080.280988818,-3415.8455730545,0
372070.159918704,-3378.69029606977,0
372060.149522905,-3341.50446702667,0
372050.249893988,-3304.28842142229,0
372040.461123503,-3267.04249505116,0
372030.783301982,-3229.76702400293,0
372021.216518935,-3192.46234465807,0
372011.760862854,-3155.12879368561,0
372002.416421206,-3117.76670803904,0
371993.183280437,-3080.37642495363,0
371984.061525969,-3042.95828194287,0
371975.051242198,-3005.51261679513,0
371966.152512495,-2968.03976757076,0
371957.365419203,-2930.54007259818,0
371948.690043639,-2893.01387047136,0
371940.126466091,-2855.46150004565,0
371931.674765814,-2817.88330043539,0
371923.335021037,-2780.27961100974,0
371915.107308955,-2742.6507713901,0
371906.99170573,-2704.99712144626,0
371898.988286493,-2667.31900129339,0
371891.097125338,-2629.61675128864,0
371883.318295325,-2591.89071202767,0
371875.651868479,-2554.14122434168,0
371868.097915788,-2516.36862929351,0
371860.656507202,-2478.57326817501,0
371853.327711632,-2440.75548250293,0
371846.11159695,-2402.91561401638,0
371839.008229989,-2365.05400467261,0
371832.017676541,-2327.17099664457,0
371825.140001355,-2289.26693231667,0
371818.375268138,-2251.34215428223,0
371811.723539557,-2213.39700533937,0
371805.184877231,-2175.43182848831,0
371798.759341737,-2137.44696692746,0
371792.446992606,-2099.44276405046,0
371786.247888323,-2061.41956344246,0
371780.162086327,-2023.37770887703,0
371774.189643008,-1985.31754431256,0
371768.330613711,-1947.239413889,0
371762.58505273,-1909.14366192441,0
371756.95301331,-1871.0306329116,0
371751.434547647,-1832.90067151472,0
371746.029706886,-1794.75412256585,0
371740.738541122,-1756.59133106163,0
371735.561099397,-1718.41264215981,0
371730.4974297,-1680.21840117589,0
371725.54757897,-1642.00895357969,0
371720.71159309,-1603.78464499191,0
371715.989516891,-1565.54582118078,0
371711.381394149,-1527.29282805857,0
371706.887267583,-1489.02601167825,0
371702.50717886,-1450.74571822994,0
371698.241168589,-1412.4522940377,0
371694.089276323,-1374.14608555581,0
371690.051540558,-1335.82743936567,0
371686.127998733,-1297.49670217203,0
371682.318687229,-1259.15422079993,0
371678.623641369,-1220.80034219082,0
371675.042895418,-1182.43541339962,0
371671.576482579,-1144.05978159079,0
371668.224435001,-1105.67379403535,0
371664.986783767,-1067.277798107,0
371661.863558905,-1028.87214127907,0
371658.85478938,-990.457171120773,0
371655.960503096,-952.033235293914,0
371653.180726896,-913.60068154944,0
371650.515486563,-875.159857723858,0
371647.964806817,-836.711111736008,0
371645.528711315,-798.254791583332,0
371643.207222653,-759.791245338695,0
371641.000362364,-721.320821146711,0
371638.908150919,-682.843867220397,0
371636.930607724,-644.360731837729,0
371635.067751122,-605.871763338056,0
371633.319598394,-567.377310118824,0
371631.686165756,-528.877720631944,0
371630.167468361,-490.373343380419,0
371628.763520295,-451.864526914897,0
371627.474334583,-413.351619830108,0
371626.299923185,-374.834970761508,0
371625.240296995,-336.314928381772,0
371624.295465842,-297.791841397275,0
371623.465438493,-259.266058544714,0
371622.750222646,-220.737928587594,0
371622.149824938,-182.207800312741,0
371621.664250937,-143.67602252687,0
371621.293505149,-105.142944053107,0
371621.037591014,-66.6089137275099,0
371620.896510904,-28.0742803956,0
371620.870266129,10.4606070911012,0
371620.958856933,48.9953998785429,0
371621.162282493,87.5297491136167,0
371621.480540923,126.063305947625,0
371621.91362927,164.595721539753,0
371622.461543516,203.126647060538,0
371623.124278578,241.655733695338,0
371623.901828308,280.182632647796,0
371624.794185492,318.706995143309,0
371625.801341853,357.228472432517,0
371626.923288047,395.746715794751,0
371628.160013666,434.261376541483,0
371629.511507238,472.772106019832,0
371630.977756225,511.278555616028,0
371632.558747026,549.780376758825,0
371634.254464974,588.277220923022,0
371636.06489434,626.768739632934,0
371637.990018331,665.254584465771,0
371640.029819088,703.734407055213,0
371642.184277691,742.207859094806,0
371644.453374155,780.674592341388,0
371646.837087434,819.134258618684,0
371649.335395417,857.58650982058,0
371651.948274932,896.030997914732,0
371654.675701745,934.467374945968,0
371657.517650559,972.895293039673,0
371660.474095015,1011.31440440542,0
371663.545007694,1049.72436134018,0
371666.730360116,1088.12481623202,0
371670.030122739,1126.51542156336,0
371673.444264962,1164.89582991449,0
371676.972755123,1203.2656939671,0
371680.615560501,1241.62466650751,0
371684.372647317,1279.97240043041,0
371688.24398073,1318.30854874194,0
371692.229524844,1356.63276456353,0
371696.329242703,1394.94470113492,0
371700.543096294,1433.24401181801,0
371704.871046547,1471.5303500999,0
371709.313053336,1509.80336959664,0
371713.869075478,1548.06272405644,0
371718.539070733,1586.30806736322,0
371723.32299581,1624.53905353996,0
371728.220806359,1662.75533675219,0
371733.232456977,1700.95657131136,0
371738.35790121,1739.14241167821,0
371743.597091548,1777.31251246635,0
371748.949979429,1815.46652844543,0
371754.41651524,1853.60411454482,0
371759.996648316,1891.72492585672,0
371765.690326942,1929.82861763989,0
371771.497498351,1967.91484532269,0
371777.418108729,2005.98326450685,0
371783.452103212,2044.03353097051,0
371789.599425887,2082.06530067194,0
371795.860019794,2120.07822975261,0
371802.233826926,2158.07197454088,0
371808.720788231,2196.04619155511,0
371815.320843609,2234.00053750725,0
371822.033931917,2271.9346693061,0
371828.859990968,2309.8482440607,0
371835.798957531,2347.74091908375,0
371842.850767331,2385.61235189487,0
371850.015355054,2423.46220022412,0
371857.292654342,2461.29012201514,0
371864.682597799,2499.09577542882,0
371872.185116987,2536.87881884621,0
371879.800142432,2574.63891087242,0
371887.52760362,2612.37571033933,0
371895.367429001,2650.08887630964,0
371903.319545987,2687.77806807941,0
371911.383880956,2725.44294518227,0
371919.560359252,2763.08316739183,0
371927.848905183,2800.69839472591,0
371936.249442026,2838.28828744901,0
371944.761892026,2875.85250607638,0
371953.386176396,2913.39071137673,0
371962.12221532,2950.90256437592,0
371970.969927951,2988.38772636017,0
371979.929232416,3025.84585887914,0
371989.000045813,3063.27662374972,0
371998.182284213,3100.67968305861,0
372007.475862665,3138.05469916648,0
372016.88069519,3175.40133471027,0
372026.396694788,3212.71925260748,0
372036.023773434,3250.00811605851,0
372045.761842085,3287.26758855067,0
372055.610810675,3324.49733386095,0
372065.570588119,3361.69701605949,0
372075.641082316,3398.86629951296,0
372085.822200145,3436.00484888731,0
372096.113847471,3473.11232915182,0
372106.515929142,3510.18840558135,0
372117.028348994,3547.23274376064,0
372127.651009849,3584.24500958651,0
372138.383813518,3621.22486927192,0
372149.2266608,3658.17198934869,0
372160.179451488,3695.0860366708,0
372171.242084362,3731.96667841794,0
372182.414457199,3768.81358209797,0
372193.696466768,3805.62641555116,0
372205.088008834,3842.40484695221,0
372216.588978158,3879.14854481454,0
372228.199268498,3915.85717799264,0
372239.918772614,3952.53041568566,0
372251.747382262,3989.16792744066,0
372263.684988202,4025.7693831552,0
372275.731480196,4062.33445308144,0
372287.886747009,4098.86280782821,0
372300.150676413,4135.35411836516,0
372312.523155186,4171.80805602518,0
372325.004069111,4208.22429250781,0
372337.593302984,4244.60249988266,0
372350.290740609,4280.9423505917,0
372363.096264803,4317.24351745356,0
372376.009757393,4353.50567366538,0
372389.031099225,4389.72849280701,0
372402.160170157,4425.91164884344,0
372415.396849066,4462.05481612796,0
372428.741013846,4498.1576694058,0
372442.192541413,4534.21988381618,0
372455.751307703,4570.24113489663,0
372469.417187673,4606.22109858498,0
372483.190055307,4642.15945122299,0
372497.069783613,4678.05586955954,0
372511.056244626,4713.91003075288,0
372525.14930941,4749.72161237489,0
372539.348848058,4785.49029241284,0
372553.654729694,4821.21574927343,0
372568.066822477,4856.89766178537,0
372582.584993598,4892.5357092021,0
372597.209109284,4928.12957120576,0
372611.939034801,4963.6789279089,0
372626.774634452,4999.18345985868,0
372641.715771581,5034.64284803916,0
372656.762308575,5070.05677387424,0
372671.914106861,5105.42491923142,0
372687.171026915,5140.7469664235,0
372702.532928257,5176.02259821288,0
372717.999669457,5211.25149781359,0
372733.571108132,5246.43334889442,0
372749.247100954,5281.5678355825,0
372765.027503643,5316.65464246502,0
372780.912170979,5351.69345459349,0
372796.900956793,5386.68395748574,0
372812.993713979,5421.62583712898,0
372829.190294485,5456.51877998341,0
372845.490549324,5491.36247298382,0
372861.894328569,5526.15660354388,0
372878.401481361,5560.90085955812,0
372895.011855903,5595.59492940486,0
372911.725299468,5630.23850194987,0
372928.541658398,5664.83126654793,0
372945.460778106,5699.37291304698,0
372962.482503078,5733.86313179027,0
372979.606676875,5768.30161361898,0
372996.833142133,5802.68804987609,0
373014.161740568,5837.02213240781,0
373031.592312973,5871.30355356755,0
373049.124699225,5905.53200621839,0
373066.758738284,5939.70718373522,0
373084.494268195,5973.82878000889,0
373102.331126088,6007.89648944758,0
373120.269148184,6041.91000698047,0
373138.308169794,6075.86902806057,0
373156.44802532,6109.77324866645,0
373174.68854826,6143.6223653065,0
373193.029571206,6177.41607502053,0
373211.470925849,6211.15407538276,0
373230.012442979,6244.83606450526,0
373248.653952488,6278.46174103938,0
373267.395283371,6312.03080417973,0
373286.236263728,6345.54295366637,0
373305.176720765,6378.99788978695,0
373324.2164808,6412.39531338076,0
373343.355369259,6445.73492583999,0
373362.593210682,6479.01642911323,0
373381.929828722,6512.23952570833,0
373401.36504615,6545.40391869392,0
373420.898684856,6578.50931170357,0
373440.53056585,6611.55540893744,0
373460.260509262,6644.54191516485,0
373480.088334349,6677.46853572796,0
373500.013859493,6710.33497654299,0
373520.036902205,6743.14094410379,0
373540.157279126,6775.88614548457,0
373560.374806027,6808.57028834126,0
373580.689297816,6841.19308091575,0
373601.100568536,6873.75423203741,0
373621.608431368,6906.25345112556,0
373642.212698632,6938.69044819317,0
373662.913181792,6971.06493384794,0
373683.709691456,7003.37661929583,0
373704.602037376,7035.62521634372,0
373725.590028454,7067.81043740073,0
373746.673472741,7099.93199548232,0
373767.852177443,7131.98960421191,0
373789.125948917,7163.98297782301,0
373810.494592679,7195.91183116309,0
373831.9579134,7227.77587969463,0
373853.515714916,7259.57483949821,0
373875.167800222,7291.30842727557,0
373896.913971479,7322.97636035064,0
373918.754030016,7354.57835667339,0
373940.687776328,7386.11413482188,0
373962.715010085,7417.58341400381,0
373984.835530126,7448.98591406047,0
374007.049134467,7480.32135546814,0
374029.355620303,7511.5894593403,0
374051.754784006,7542.78994743133,0
374074.246421131,7573.92254213737,0
374096.830326416,7604.98696649951,0
374119.506293786,7635.98294420661,0
374142.274116352,7666.91019959632,0
374165.133586419,7697.76845765873,0
374188.084495481,7728.55744403846,0
374211.126634228,7759.27688503602,0
374234.259792547,7789.92650761164,0
374257.483759523,7820.50603938679,0
374280.798323444,7851.01520864595,0
374304.2032718,7881.45374434045,0
374327.698391286,7911.82137608936,0
374351.283467807,7942.1178341821,0
374374.958286477,7972.34284958169,0
374398.722631622,8002.4961539255,0
374422.576286782,8032.5774795285,0
374446.519034715,8062.5865593858,0
374470.550657397,8092.52312717354,0
374494.670936027,8122.38691725254,0
374518.879651025,8152.17766467023,0
374543.176582039,8181.89510516178,0
374567.561507944,8211.5389751539,0
374592.034206846,8241.1090117663,0
374616.594456081,8270.60495281319,0
374641.242032224,8300.02653680702,0
374665.976711084,8329.37350295951,0
374690.798267711,8358.64559118367,0
374715.706476396,8387.84254209726,0
374740.701110675,8416.96409702358,0
374765.78194333,8446.0099979939,0
374790.948746391,8474.97998775066,0
374816.201291139,8503.87380974801,0
374841.53934811,8532.69120815479,0
374866.962687095,8561.43192785715,0
374892.471077141,8590.09571445926,0
374918.064286557,8618.68231428645,0
374943.742082916,8647.19147438752,0
374969.504233054,8675.62294253545,0
374995.350503075,8703.97646723082,0
375021.280658354,8732.25179770374,0
375047.294463535,8760.44868391462,0
375073.39168254,8788.56687655778,0
375099.572078565,8816.60612706302,0
375125.835414089,8844.56618759658,0
375152.181450868,8872.44681106477,0
375178.609949945,8900.24775111528,0
375205.120671649,8927.96876213829,0
375231.713375598,8955.60959927011,0
375258.3878207,8983.17001839426,0
375285.143765157,9010.64977614276,0
375311.980966469,9038.04862989969,0
375338.899181432,9065.36633780211,0
375365.898166143,9092.60265874152,0
375392.977676003,9119.7573523673,0
375420.137465721,9146.83017908756,0
375447.377289309,9173.82090007063,0
375474.696900095,9200.72927724853,0
375502.096050716,9227.55507331762,0
375529.574493126,9254.29805174025,0
375557.131978597,9280.95797674811,0
375584.768257723,9307.53461334285,0
375612.483080416,9334.02772729773,0
375640.276195918,9360.43708516094,0
375668.147352798,9386.76245425616,0
375696.096298953,9413.00360268427,0
375724.122781614,9439.16029932653,0
375752.226547348,9465.2323138452,0
375780.407342058,9491.21941668517,0
375808.664910989,9517.12137907716,0
375836.998998726,9542.93797303827,0
375865.409349202,9568.66897137361,0
375893.895705695,9594.31414767946,0
375922.457810836,9619.87327634384,0
375951.095406605,9645.34613254803,0
375979.80823434,9670.73249226972,0
376008.596034735,9696.03213228369,0
376037.458547845,9721.24483016308,0
376066.395513087,9746.37036428268,0
376095.406669243,9771.40851381956,0
376124.491754464,9796.35905875424,0
376153.65050627,9821.22177987398,0
376182.882661554,9845.9964587735,0
376212.187956583,9870.68287785596,0
376241.566127003,9895.28082033624,0
376271.016907842,9919.79007024182,0
376300.540033508,9944.21041241349,0
376330.135237794,9968.54163250873,0
376359.802253885,9992.7835170026,0
376389.540814351,10016.9358531884,0
376419.35065116,10040.9984291808,0
376449.231495672,10064.971033917,0
376479.183078647,10088.8534571575,0
376509.205130245,10112.6454894886,0
376539.29738003,10136.3469223242,0
376569.459556971,10159.9575479061,0
376599.691389445,10183.4771593064,0
376629.992605242,10206.9055504299,0
376660.362931562,10230.2425160138,0
376690.802095025,10253.4878516303,0
376721.309821667,10276.6413536887,0
376751.885836947,10299.7028194356,0
376782.529865745,10322.6720469569,0
376813.241632372,10345.5488351801,0
376844.020860564,10368.332983875,0
376874.86727349,10391.0242936547,0
376905.780593753,10413.6225659785,0
376936.760543395,10436.1276031525,0
376967.806843892,10458.5392083303,0
376998.919216168,10480.8571855164,0
377030.097380589,10503.0813395664,0
377061.341056967,10525.2114761876,0
377092.649964565,10547.2474019423,0
377124.023822099,10569.1889242486,0
377155.46234774,10591.0358513806,0
377186.965259115,10612.7879924713,0
377218.532273313,10634.4451575138,0
377250.163106884,10656.0071573616,0
377281.857475846,10677.4738037308,0
377313.615095684,10698.8449092021,0
377345.435681352,10720.1202872208,0
377377.318947281,10741.2997520987,0
377409.264607374,10762.3831190162,0
377441.272375015,10783.3702040225,0
377473.341963069,10804.2608240372,0
377505.473083885,10825.0547968521,0
377537.665449298,10845.7519411329,0
377569.918770632,10866.3520764184,0
377602.232758703,10886.8550231241,0
377634.607123823,10907.2606025431,0
377667.041575797,10927.5686368459,0
377699.535823935,10947.778949083,0
377732.089577045,10967.8913631862,0
377764.702543442,10987.9057039693,0
377797.374430949,11007.821797129,0
377830.104946899,11027.6394692475,0
377862.893798137,11047.3585477927,0
377895.740691024,11066.9788611188,0
377928.64533144,11086.5002384694,0
377961.607424786,11105.9225099774,0
377994.626675985,11125.2455066659,0
378027.702789489,11144.4690604502,0
378060.835469276,11163.5930041392,0
378094.024418858,11182.6171714355,0
378127.269341279,11201.5413969369,0
378160.569939121,11220.3655161387,0
378193.925914507,11239.0893654336,0
378227.336969099,11257.7127821125,0
378260.802804107,11276.235604367,0
378294.323120288,11294.6576712903,0
378327.897617947,11312.9788228767,0
378361.525996944,11331.1989000244,0
378395.207956695,11349.3177445366,0
378428.943196173,11367.3351991215,0
378462.731413911,11385.2511073937,0
378496.572308009,11403.0653138762,0
378530.465576132,11420.7776640008,0
378564.410915511,11438.3880041083,0
378598.408022952,11455.8961814512,0
378632.456594835,11473.3020441941,0
378666.556327115,11490.6054414139,0
378700.70691533,11507.8062231018,0
378734.908054598,11524.9042401645,0
378769.159439623,11541.8993444246,0
378803.460764695,11558.791388621,0
378837.811723697,11575.5802264115,0
378872.212010105,11592.2657123733,0
378906.66131699,11608.8477020025,0
378941.15933702,11625.3260517169,0
378975.705762467,11641.7006188567,0
379010.300285207,11657.9712616845,0
379044.942596719,11674.1378393866,0
379079.632388095,11690.2002120748,0
379114.369350038,11706.1582407866,0
379149.153172866,11722.0117874857,0
379183.983546513,11737.7607150638,0
379218.860160535,11753.4048873415,0
379253.78270411,11768.9441690685,0
379288.75086604,11784.3784259246,0
379323.764334758,11799.7075245215,0
379358.822798328,11814.931332403,0
379393.925944444,11830.0497180454,0
379429.073460439,11845.0625508591,0
379464.265033286,11859.9697011899,0
379499.500349598,11874.7710403186,0
379534.779095632,11889.4664404622,0
379570.100957293,11904.0557747757,0
379605.465620138,11918.5389173523,0
379640.872769373,11932.9157432236,0
379676.322089861,11947.1861283609,0
379711.813266122,11961.3499496771,0
379747.345982339,11975.4070850258,0
379782.919922356,11989.3574132024,0
379818.534769684,12003.2008139461,0
379854.190207504,12016.9371679399,0
379889.885918666,12030.5663568107,0
379925.621585696,12044.0882631308,0
379961.396890797,12057.5027704193,0
379997.211515852,12070.8097631417,0
380033.065142425,12084.0091267108,0
380068.957451765,12097.1007474878,0
380104.888124811,12110.0845127837,0
380140.856842191,12122.9603108586,0
380176.863284225,12135.7280309227,0
380212.907130932,12148.3875631383,0
380248.988062029,12160.9387986194,0
380285.105756932,12173.3816294322,0
380321.259894762,12185.7159485963,0
380357.450154349,12197.9416500855,0
380393.676214231,12210.0586288284,0
380429.937752658,12222.0667807084,0
380466.234447594,12233.9660025649,0
380502.565976723,12245.7561921945,0
380538.93201745,12257.4372483509,0
380575.3322469,12269.0090707451,0
380611.766341924,12280.4715600471,0
380648.233979106,12291.8246178864,0
380684.734834758,12303.0681468519,0
380721.268584924,12314.2020504925,0
380757.834905389,12325.2262333188,0
380794.433471676,12336.1406008031,0
380831.063959049,12346.9450593792,0
380867.726042516,12357.6395164437,0
380904.419396837,12368.2238803572,0
380941.14369652,12378.6980604441,0
380977.898615824,12389.0619669927,0
381014.683828765,12399.3155112565,0
381051.499009119,12409.4586054551,0
381088.343830424,12419.4911627741,0
381125.217965979,12429.4130973651,0
381162.12108885,12439.2243243473,0
381199.052871874,12448.924759808,0
381236.012987661,12458.5143208024,0
381273.001108592,12467.9929253542,0
381310.016906829,12477.3604924563,0
381347.060054314,12486.616942072,0
381384.130222772,12495.7621951345,0
381421.227083712,12504.7961735471,0
381458.35030843,12513.7188001848,0
381495.49956802,12522.5299988944,0
381532.674533364,12531.2296944949,0
381569.874875142,12539.8178127769,0
381607.100263833,12548.2942805047,0
381644.350369721,12556.6590254163,0
381681.624862892,12564.9119762233,0
381718.923413239,12573.0530626111,0
381756.245690465,12581.0822152403,0
381793.591364091,12588.9993657468,0
381830.96010345,12596.804446742,0
381868.351577692,12604.4973918126,0
381905.765455789,12612.0781355221,0
381943.201406539,12619.5466134109,0
381980.659098566,12626.9027619966,0
382018.138200322,12634.1465187735,0
382055.63838009,12641.2778222142,0
382093.159305992,12648.2966117696,0
382130.700645985,12655.2028278693,0
382168.262067865,12661.9964119215,0
382205.843239273,12668.6773063133,0
382243.443827693,12675.2454544121,0
382281.063500463,12681.700800565,0
382318.701924767,12688.0432900991,0
382356.358767644,12694.272869322,0
382394.033695989,12700.3894855223,0
382431.726376559,12706.39308697,0
382469.436475972,12712.2836229164,0
382507.163660708,12718.0610435939,0
382544.907597118,12723.7253002177,0
382582.667951421,12729.2763449851,0
382620.444389713,12734.7141310761,0
382658.236577958,12740.0386126529,0
382696.044182005,12745.2497448613,0
382733.866867582,12750.3474838305,0
382771.704300301,12755.3317866731,0
382809.556145661,12760.2026114854,0
382847.422069047,12764.9599173477,0
382885.301735742,12769.603664325,0
382923.19481092,12774.1338134665,0
382961.100959652,12778.5503268059,0
382999.019846909,12782.8531673621,0
383036.951137568,12787.0422991389,0
383074.89449641,12791.1176871257,0
383112.849588123,12795.079297297,0
383150.816077306,12798.927096613,0
383188.793628475,12802.66105302,0
383226.781906061,12806.2811354502,0
383264.780574411,12809.7873138216,0
383302.789297799,12813.1795590391,0
383340.807740421,12816.4578429936,0
383378.835566401,12819.6221385627,0
383416.872439792,12822.6724196108,0
383454.918024581,12825.6086609892,0
383492.971984693,12828.4308385362,0
383531.033983985,12831.1389290769,0
383569.103686262,12833.732910424,0
383607.180755268,12836.2127613772,0
383645.264854695,12838.5784617239,0
383683.355648185,12840.8299922386,0
383721.452799332,12842.9673346839,0
383759.555971682,12844.9904718096,0
383797.664828742,12846.8993873534,0
383835.779033976,12848.6940660409,0
383873.898250813,12850.3744935854,0
383912.022142647,12851.9406566883,0
383950.150372839,12853.3925430386,0
383988.282604722,12854.7301413137,0
384026.418501605,12855.9534411787,0
384064.557726768,12857.062433287,0
384102.699943474,12858.05710928,0
384140.844814969,12858.9374617871,0
384178.99200448,12859.7034844259,0
384217.141175223,12860.355171802,0
384255.291990405,12860.8925195093,0
384293.444113224,12861.3155241295,0
384331.597206875,12861.6241832327,0
384369.750934549,12861.8184953767,0
384407.904959441,12861.8984601076,0
384446.058944747,12861.8640779593,0
384484.212553671,12861.7153504538,0
384522.365449424,12861.4522801009,0
384560.517295232,12861.0748703982,0
384598.667754332,12860.5831258312,0
384636.816489981,12859.9770518729,0
384674.963165455,12859.2566549842,0
384713.107444051,12858.4219426135,0
384751.248989094,12857.4729231964,0
384789.387463936,12856.4096061563,0
384827.52253196,12855.2320019036,0
384865.653856581,12853.9401218359,0
384903.781101252,12852.5339783381,0
384941.903929465,12851.0135847817,0
384980.022004752,12849.3789555252,0
385018.134990693,12847.630105914,0
385056.24255091,12845.7670522797,0
385094.344349078,12843.7898119406,0
385132.440048926,12841.698403201,0
385170.529314233,12839.4928453516,0
385208.611808842,12837.173158669,0
385246.687196653,12834.7393644153,0
385284.755141631,12832.1914848387,0
385322.815307804,12829.5295431724,0
385360.867359275,12826.753563635,0
385398.910960212,12823.8635714303,0
385436.945774861,12820.8595927469,0
385474.971467544,12817.7416547577,0
385512.987702663,12814.5097856206,0
385550.994144702,12811.1640144773,0
385588.99045823,12807.7043714538,0
385626.976307905,12804.1308876596,0
385664.951358474,12800.4435951878,0
385702.915274777,12796.642527115,0
385740.867721752,12792.7277175007,0
385778.808364436,12788.6992013869,0
385816.736867963,12784.5570147986,0
385854.652897575,12780.3011947429,0
385892.556118621,12775.9317792087,0
385930.446196557,12771.4488071666,0
385968.322796954,12766.852318569,0
386006.185585494,12762.1423543491,0
386044.034227983,12757.3189564207,0
386081.868390341,12752.3821676786,0
386119.687738614,12747.3320319975,0
386157.491938973,12742.1685942322,0
386195.280657719,12736.8919002165,0
386233.053561284,12731.5019967641,0
386270.810316229,12725.9989316674,0
386308.55058926,12720.382753697,0
386346.274047217,12714.6535126019,0
386383.980357082,12708.811259109,0
386421.669185982,12702.8560449229,0
386459.340201193,12696.7879227247,0
386496.993070143,12690.6069461723,0
386534.627460407,12684.3131699005,0
386572.243039718,12677.9066495198,0
386609.83947597,12671.3874416159,0
386647.416437218,12664.7556037496,0
386684.973591675,12658.0111944571,0
386722.510607725,12651.1542732487,0
386760.02715392,12644.1849006081,0
386797.522898987,12637.1031379926,0
386834.997511822,12629.9090478331,0
386872.450661499,12622.6026935328,0
386909.882017275,12615.1841394668,0
386947.29124859,12607.6534509818,0
386984.678025067,12600.0106943961,0
387022.042016514,12592.255936999,0
387059.382892936,12584.3892470496,0
387096.70032453,12576.4106937764,0
387133.993981685,12568.3203473782,0
387171.263534992,12560.1182790222,0
387208.508655243,12551.804560844,0
387245.729013437,12543.3792659463,0
387282.924280774,12534.8424684001,0
387320.094128667,12526.194243243,0
387357.238228741,12517.4346664786,0
387394.356252838,12508.5638150758,0
387431.447873014,12499.5817669693,0
387468.512761547,12490.4886010588,0
387505.550590939,12481.2843972073,0
387542.561033917,12471.9692362412,0
387579.543763436,12462.5431999505,0
387616.498452682,12453.0063710877,0
387653.424775077,12443.3588333664,0
387690.322404277,12433.6006714616,0
387727.191014179,12423.7319710092,0
387764.03027892,12413.7528186054,0
387800.839872884,12403.663301805,0
387837.619470702,12393.4635091219,0
387874.368747252,12383.1535300285,0
387911.087377667,12372.7334549549,0
387947.775037337,12362.2033752875,0
387984.431401909,12351.5633833688,0
388021.056147287,12340.8135724981,0
388057.648949643,12329.954036929,0
388094.209485415,12318.9848718691,0
388130.737431308,12307.9061734797,0
388167.232464298,12296.718038876,0
388203.694261636,12285.4205661247,0
388240.122500852,12274.013854244,0
388276.516859753,12262.4980032032,0
388312.877016428,12250.8731139224,0
388349.202649253,12239.1392882705,0
388385.493436891,12227.2966290651,0
388421.749058293,12215.3452400724,0
388457.969192706,12203.285226006,0
388494.15351967,12191.1166925256,0
388530.301719028,12178.8397462367,0
388566.413470917,12166.4544946906,0
388602.488455783,12153.9610463826,0
388638.526354377,12141.3595107513,0
388674.52684776,12128.6499981783,0
388710.489617301,12115.8326199877,0
388746.414344687,12102.9074884445,0
388782.300711922,12089.8747167538,0
388818.148401328,12076.7344190608,0
388853.957095549,12063.48671045,0
388889.726477557,12050.131706943,0
388925.456230649,12036.669525499,0
388961.146038454,12023.1002840141,0
388996.795584932,12009.4241013197,0
389032.404554381,11995.6410971813,0
389067.972631437,11981.751392299,0
389103.499501076,11967.755108306,0
389138.984848619,11953.6523677675,0
389174.428359732,11939.4432941793,0
389209.829720432,11925.1280119688,0
389245.188617085,11910.7066464925,0
389280.504736414,11896.1793240353,0
389315.777765499,11881.5461718096,0
389351.007391776,11866.8073179557,0
389386.193303048,11851.9628915392,0
389421.335187481,11837.0130225503,0
389456.432733608,11821.957841904,0
389491.485630334,11806.7974814384,0
389526.493566935,11791.5320739135,0
389561.456233065,11776.1617530103,0
389596.373318753,11760.6866533311,0
389631.244514412,11745.1069103971,0
389666.069510838,11729.4226606472,0
389700.847999213,11713.6340414386,0
389735.579671105,11697.7411910449,0
389770.264218478,11681.7442486547,0
389804.901333689,11665.6433543708,0
389839.490709489,11649.4386492105,0
389874.032039032,11633.1302751028,0
389908.525015871,11616.7183748878,0
389942.969333967,11600.2030923165,0
389977.364687685,11583.5845720495,0
390011.710771803,11566.862959655,0
390046.007281509,11550.0384016084,0
390080.253912408,11533.1110452923,0
390114.450360522,11516.0810389937,0
390148.596322294,11498.9485319032,0
390182.691494591,11481.7136741152,0
390216.735574702,11464.376616626,0
390250.72826035,11446.937511332,0
390284.669249685,11429.3965110296,0
390318.558241291,11411.7537694143,0
390352.394934191,11394.0094410785,0
390386.179027843,11376.1636815107,0
390419.91022215,11358.2166470954,0
390453.588217456,11340.1684951108,0
390487.212714555,11322.0193837277,0
390520.783414687,11303.7694720089,0
390554.300019547,11285.4189199084,0
390587.762231281,11266.9678882688,0
390621.169752497,11248.4165388208,0
390654.522286259,11229.7650341835,0
390687.819536093,11211.0135378607,0
390721.061205994,11192.1622142409,0
390754.24700042,11173.2112285967,0
390787.376624302,11154.1607470829,0
390820.449783043,11135.0109367348,0
390853.466182522,11115.7619654677,0
390886.425529094,11096.4140020761,0
390919.327529596,11076.9672162311,0
390952.17189135,11057.4217784797,0
390984.95832216,11037.7778602448,0
391017.68653032,11018.035633822,0
391050.356224616,10998.1952723789,0
391082.967114326,10978.256949955,0
391115.518909224,10958.2208414591,0
391148.011319585,10938.087122668,0
391180.444056182,10917.8559702259,0
391212.816830293,10897.5275616433,0
391245.129353704,10877.1020752942,0
391277.381338708,10856.5796904161,0
391309.572498109,10835.9605871088,0
391341.702545228,10815.2449463318,0
391373.771193899,10794.4329499038,0
391405.778158479,10773.5247805018,0
391437.723153842,10752.5206216587,0
391469.605895392,10731.4206577621,0
391501.426099055,10710.2250740538,0
391533.183481289,10688.9340566277,0
391564.877759083,10667.5477924279,0
391596.508649961,10646.0664692484,0
391628.075871983,10624.4902757315,0
391659.579143751,10602.8194013652,0
391691.018184406,10581.0540364831,0
391722.392713637,10559.1943722628,0
391753.702451676,10537.2406007235,0
391784.94711931,10515.1929147252,0
391816.126437874,10493.051507968,0
391847.240129259,10470.8165749891,0
391878.287915914,10448.4883111618,0
391909.269520848,10426.0669126954,0
391940.18466763,10403.5525766317,0
391971.033080398,10380.9455008442,0
392001.814483854,10358.2458840375,0
392032.52860327,10335.4539257448,0
392063.175164492,10312.5698263261,0
392093.753893941,10289.5937869678,0
392124.264518613,10266.5260096806,0
392154.706766087,10243.3666972971,0
392185.080364524,10220.1160534717,0
392215.385042666,10196.7742826786,0
392245.620529847,10173.3415902091,0
392275.786555989,10149.8181821713,0
392305.882851606,10126.2042654887,0
392335.909147808,10102.5000478973,0
392365.865176301,10078.7057379445,0
392395.750669393,10054.8215449888,0
392425.56535999,10030.8476791961,0
392455.308981608,10006.7843515389,0
392484.981268367,9982.63177379584,0
392514.581954996,9958.39015854814,0
392544.11077684,9934.05971917866,0
392573.567469854,9909.6406698713,0
392602.951770612,9885.13322560782,0
392632.263416308,9860.5376021664,0
392661.502144758,9835.85401612118,0
392690.667694402,9811.08268483928,0
392719.759804305,9786.22382647903,0
392748.778214165,9761.27765998957,0
392777.722664308,9736.24440510804,0
392806.592895696,9711.1242823575,0
392835.388649928,9685.91751304664,0
392864.10966924,9660.62431926702,0
392892.755696511,9635.24492389084,0
392921.326475263,9609.7795505706,0
392949.821749664,9584.22842373654,0
392978.241264532,9558.59176859415,0
393006.584765335,9532.86981112384,0
393034.851998194,9507.06277807849,0
393063.042709886,9481.17089698085,0
393091.156647847,9455.1943961231,0
393119.193560173,9429.13350456456,0
393147.153195622,9402.9884521289,0
393175.035303618,9376.75946940377,0
393202.839634254,9350.44678773847,0
393230.565938292,9324.05063924112,0
393258.213967166,9297.57125677824,0
393285.783472985,9271.00887397247,0
393313.274208535,9244.36372519963,0
393340.685927284,9217.63604558836,0
393368.018383377,9190.82607101771,0
393395.271331648,9163.93403811432,0
393422.444527614,9136.9601842519,0
393449.537727484,9109.90474754886,0
393476.550688156,9082.76796686543,0
393503.483167221,9055.55008180322,0
393530.334922969,9028.25133270265,0
393557.105714385,9000.8719606402,0
393583.795301156,8973.41220742788,0
393610.403443672,8945.87231561064,0
393636.929903028,8918.25252846356,0
393663.374441024,8890.55308999144,0
393689.736820175,8862.77424492594,0
393716.016803702,8834.91623872299,0
393742.214155545,8806.97931756225,0
393768.328640359,8778.96372834414,0
393794.360023516,8750.86971868737,0
393820.308071112,8722.69753692839,0
393846.172549965,8694.44743211818,0
393871.953227619,8666.11965401998,0
393897.649872345,8637.7144531087,0
393923.262253145,8609.23208056746,0
393948.790139754,8580.67278828559,0
393974.233302642,8552.03682885788,0
393999.591513013,8523.32445558098,0
394024.864542813,8494.53592245163,0
394050.052164728,8465.67148416574,0
394075.15415219,8436.73139611461,0
394100.170279372,8407.71591438353,0
394125.100321201,8378.6252957505,0
394149.944053348,8349.45979768247,0
394174.701252243,8320.21967833413,0
394199.371695064,8290.90519654636,0
394223.955159751,8261.51661184247,0
394248.451425001,8232.05418442728,0
394272.860270271,8202.51817518505,0
394297.181475785,8172.908845676,0
394321.414822528,8143.22645813553,0
394345.560092255,8113.47127547164,0
394369.617067492,8083.64356126176,0
394393.585531534,8053.74357975212,0
394417.465268454,8023.77159585453,0
394441.256063098,7993.72787514382,0
394464.957701091,7963.61268385697,0
394488.56996884,7933.42628888961,0
394512.092653535,7903.1689577938,0
394535.525543147,7872.84095877709,0
394558.868426439,7842.44256069858,0
394582.121092959,7811.97403306736,0
394605.283333048,7781.435646041,0
394628.354937841,7750.82767042164,0
394651.335699266,7720.15037765487,0
394674.225410051,7689.40403982758,0
394697.02386372,7658.58892966431,0
394719.730854603,7627.7053205264,0
394742.346177829,7596.75348640912,0
394764.869629336,7565.73370193858,0
394787.301005869,7534.6462423709,0
394809.640104981,7503.49138358863,0
394831.886725039,7472.26940209841,0
394854.040665222,7440.98057502984,0
394876.101725527,7409.62518013153,0
394898.069706767,7378.20349576941,0
394919.944410574,7346.71580092505,0
394941.725639406,7315.16237519168,0
394963.41319654,7283.54349877309,0
394985.006886082,7251.85945248104,0
395006.506512965,7220.11051773182,0
395027.911882951,7188.29697654534,0
395049.222802634,7156.41911154165,0
395070.439079444,7124.47720593834,0
395091.560521644,7092.4715435494,0
395112.586938336,7060.40240878116,0
395133.518139461,7028.27008663057,0
395154.353935801,6996.07486268332,0
395175.094138984,6963.81702310992,0
395195.738561481,6931.49685466446,0
395216.28701661,6899.11464468185,0
395236.739318541,6866.67068107442,0
395257.095282292,6834.16525233095,0
395277.354723736,6801.59864751286,0
395297.517459601,6768.97115625192,0
395317.58330747,6736.28306874868,0
395337.552085787,6703.5346757684,0
395357.423613855,6670.7262686396,0
395377.197711838,6637.85813925149,0
395396.874200769,6604.93058005035,0
395416.452902542,6571.94388403846,0
395435.933639922,6538.89834477045,0
395455.316236542,6505.79425635067,0
395474.600516908,6472.63191343177,0
395493.786306399,6439.41161121054,0
395512.873431269,6406.13364542628,0
395531.861718648,6372.79831235832,0
395550.750996546,6339.40590882225,0
395569.541093854,6305.95673216886,0
395588.231840344,6272.45108028034,0
395606.823066673,6238.88925156772,0
395625.314604384,6205.27154496927,0
395643.706285906,6171.59825994632,0
395661.997944561,6137.8696964817,0
395680.189414557,6104.08615507694,0
395698.280531,6070.24793674869,0
395716.271129886,6036.35534302756,0
395734.161048111,6002.40867595402,0
395751.950123466,5968.40823807625,0
395769.638194644,5934.35433244802,0
395787.225101238,5900.24726262465,0
395804.710683744,5866.0873326616,0
395822.094783564,5831.8748471111,0
395839.377243004,5797.61011101908,0
395856.557905281,5763.29342992364,0
395873.636614519,5728.9251098508,0
395890.613215754,5694.50545731279,0
395907.487554937,5660.03477930517,0
395924.25947893,5625.51338330326,0
395940.928835514,5590.94157726074,0
395957.495473387,5556.31966960553,0
395973.959242166,5521.64796923766,0
395990.319992388,5486.92678552684,0
396006.577575515,5452.1564283085,0
396022.731843931,5417.33720788239,0
396038.782650946,5382.4694350087,0
396054.729850797,5347.55342090551,0
396070.573298652,5312.58947724665,0
396086.312850607,5277.57791615755,0
396101.948363689,5242.51905021377,0
396117.47969586,5207.41319243731,0
396132.906706018,5172.26065629371,0
396148.229253994,5137.06175569015,0
396163.44720056,5101.81680497117,0
396178.560407425,5066.52611891708,0
396193.568737239,5031.19001274039,0
396208.472053597,4995.80880208281,0
396223.270221033,4960.38280301331,0
396237.96310503,4924.91233202381,0
396252.550572016,4889.39770602761,0
396267.032489367,4853.83924235569,0
396281.408725409,4818.23725875383,0
396295.679149418,4782.59207338046,0
396309.843631623,4746.90400480247,0
396323.902043206,4711.17337199355,0
396337.854256303,4675.40049433045,0
396351.700144009,4639.58569159012,0
396365.439580374,4603.72928394743,0
396379.072440409,4567.83159197106,0
396392.598600084,4531.89293662185,0
396406.017936332,4495.91363924874,0
396419.330327048,4459.89402158637,0
396432.535651091,4423.83440575226,0
396445.633788287,4387.73511424304,0
396458.624619429,4351.59646993263,0
396471.508026276,4315.41879606807,0
396484.283891558,4279.20241626735,0
396496.952098977,4242.94765451624,0
396509.512533206,4206.65483516474,0
396521.965079889,4170.32428292515,0
396534.309625649,4133.95632286777,0
396546.546058081,4097.55128041905,0
396558.674265758,4061.10948135777,0
396570.694138231,4024.63125181225,0
396582.605566032,3988.11691825766,0
396594.408440672,3951.56680751217,0
396606.102654643,3914.98124673501,0
396617.688101421,3878.36056342225,0
396629.164675467,3841.70508540469,0
396640.532272224,3805.01514084431,0
396651.790788124,3768.29105823114,0
396662.940120586,3731.5331663808,0
396673.980168017,3694.74179443041,0
396684.910829814,3657.91727183672,0
396695.732006364,3621.05992837186,0
396706.443599046,3584.17009412114,0
396717.045510234,3547.24809947952,0
396727.537643292,3510.29427514845,0
396737.919902583,3473.30895213329,0
396748.192193462,3436.29246173933,0
396758.354422286,3399.24513556975,0
396768.406496405,3362.16730552143,0
396778.348324171,3325.05930378273,0
396788.179814937,3287.92146282977,0
396797.900879054,3250.7541154235,0
396807.511427877,3213.55759460683,0
396817.011373764,3176.33223370082,0
396826.400630078,3139.07836630249,0
396835.679111183,3101.7963262806,0
396844.846732454,3064.48644777357,0
396853.903410269,3027.14906518538,0
396862.849062016,2989.78451318316,0
396871.683606089,2952.39312669353,0
396880.406961896,2914.97524089965,0
396889.01904985,2877.53119123818,0
396897.51979138,2840.06131339563,0
396905.909108924,2802.56594330593,0
396914.186925934,2765.04541714638,0
396922.353166876,2727.50007133535,0
396930.40775723,2689.93024252824,0
396938.350623494,2652.33626761512,0
396946.181693178,2614.71848371676,0
396953.900894813,2577.07722818207,0
396961.508157945,2539.41283858448,0
396969.003413141,2501.72565271893,0
396976.386591986,2464.01600859869,0
396983.657627085,2426.2842444519,0
396990.816452065,2388.5306987188,0
396997.863001573,2350.75571004794,0
397004.79721128,2312.95961729362,0
397011.61901788,2275.14275951195,0
397018.32835909,2237.30547595837,0
397024.92517365,2199.44810608368,0
397031.409401329,2161.57098953152,0
397037.780982918,2123.67446613444,0
397044.039860237,2085.75887591137,0
397050.185976131,2047.8245590637,0
397056.219274474,2009.87185597263,0
397062.139700169,1971.90110719541,0
397067.947199146,1933.91265346255,0
397073.641718366,1895.90683567418,0
397079.22320582,1857.88399489714,0
397084.691610529,1819.84447236137,0
397090.046882546,1781.78860945701,0
397095.288972954,1743.71674773083,0
397100.417833872,1705.62922888322,0
397105.433418449,1667.5263947647,0
397110.335680868,1629.40858737285,0
397115.124576345,1591.27614884887,0
397119.800061133,1553.12942147449,0
397124.362092518,1514.96874766845,0
397128.810628821,1476.79446998353,0
397133.1456294,1438.60693110296,0
397137.367054649,1400.40647383742,0
397141.474865998,1362.19344112149,0
397145.469025916,1323.96817601066,0
397149.349497907,1285.73102167769,0
397153.116246514,1247.48232140975,0
397156.769237319,1209.22241860466,0
397160.308436943,1170.95165676805,0
397163.733813045,1132.67037950966,0
397167.045334323,1094.37893054043,0
397170.242970517,1056.07765366883,0
397173.326692405,1017.76689279789,0
397176.296471807,979.446991921692,0
397179.152281583,941.118295122114,0
397181.894095634,902.781146565626,0
397184.521888902,864.435890499787,0
397187.035637372,826.082871250224,0
397189.435318071,787.722433217,0
397191.720909066,749.354920871602,0
397193.892389469,710.980678753428,0
397195.949739432,672.60005146658,0
397197.892940153,634.213383676563,0
397199.72197387,595.821020106854,0
397201.436823867,557.423305535765,0
397203.03747447,519.020584793004,0
397204.523911047,480.613202756384,0
397205.896120014,442.20150434857,0
397207.154088828,403.785834533674,0
397208.297805991,365.366538314012,0
397209.327261047,326.94396072677,0
397210.242444589,288.518446840632,0
397211.04334825,250.090341752569,0
397211.72996471,211.65999058444,0
397212.302287692,173.227738479683,0
397212.760311966,134.793930600016,0
397213.104033344,96.358912122142,0
397213.333448685,57.9230282343772,0
397213.448555892,19.4866241333614,0
397213.449353913,-18.949954979269,0
397213.33584274,-57.3863639001738,0
397213.10802341,-95.8222574276685,0
397212.765898007,-134.257290365017,0
397212.309469658,-172.691117523765,0
397211.738742534,-211.123393727032,0
397211.053721853,-249.553773812869,0
397210.254413875,-287.981912637545,0
397209.340825908,-326.40746507888,0
397208.312966301,-364.830086039552,0
397207.170844451,-403.24943045044,0
397205.914470795,-441.665153273894,0
397204.543856819,-480.076909507106,0
397203.05901505,-518.484354185391,0
397201.459959059,-556.88714238549,0
397199.746703462,-595.284929228931,0
397197.919263919,-633.677369885333,0
397195.977657132,-672.064119575629,0
397193.921900846,-710.444833575544,0
397191.752013852,-748.819167218763,0
397189.468015982,-787.186775900279,0
397187.069928108,-825.547315079799,0
397184.55777215,-863.900440284846,0
397181.931571066,-902.245807114312,0
397179.191348857,-940.583071241584,0
397176.337130565,-978.911888417885,0
397173.368942277,-1017.2319144757,0
397170.286811115,-1055.54280533184,0
397167.090765248,-1093.84421699105,0
397163.780833881,-1132.135805549,0
397160.35704726,-1170.41722719583,0
397156.819436674,-1208.68813821928,0
397153.168034447,-1246.9481950081,0
397149.402873945,-1285.19705405528,0
397145.523989572,-1323.43437196133,0
397141.53141677,-1361.6598054377,0
397137.425192019,-1399.87301130981,0
397133.205352838,-1438.0736465207,0
397128.87193778,-1476.2613681339,0
397124.424986439,-1514.43583333715,0
397119.864539441,-1552.59669944524,0
397115.190638451,-1590.74362390374,0
397110.403326168,-1628.87626429182,0
397105.502646326,-1666.99427832599,0
397100.488643694,-1705.09732386291,0
397095.361364073,-1743.18505890312,0
397090.1208543,-1781.25714159388,0
397084.767162244,-1819.31323023282,0
397079.300336806,-1857.35298327087,0
397073.720427918,-1895.37605931582,0
397068.027486545,-1933.38211713531,0
397062.221564681,-1971.37081566037,0
397056.302715352,-2009.34181398835,0
397050.270992613,-2047.29477138654,0
397044.126451547,-2085.22934729503,0
397037.869148265,-2123.14520133036,0
397031.499139907,-2161.04199328838,0
397025.016484641,-2198.91938314786,0
397018.421241659,-2236.77703107331,0
397011.71347118,-2274.61459741878,0
397004.893234449,-2312.43174273038,0
396997.960593733,-2350.2281277503,0
396990.915612325,-2388.00341341925,0
396983.758354541,-2425.75726088045,0
396976.488885718,-2463.48933148212,0
396969.107272215,-2501.19928678141,0
396961.613581413,-2538.8867885469,0
396954.007881713,-2576.55149876253,0
396946.290242533,-2614.19307963014,0
396938.460734313,-2651.81119357325,0
396930.51942851,-2689.40550323984,0
396922.466397596,-2726.97567150575,0
396914.301715061,-2764.52136147795,0
396906.025455411,-2802.04223649741,0
396897.637694165,-2839.53796014279,0
396889.138507858,-2877.00819623301,0
396880.527974036,-2914.45260883114,0
396871.806171258,-2951.87086224678,0
396862.973179095,-2989.26262104011,0
396854.029078126,-3026.62755002416,0
396844.973949943,-3063.96531426885,0
396835.807877144,-3101.27557910336,0
396826.530943335,-3138.55801011993,0
396817.14323313,-3175.81227317665,0
396807.644832148,-3213.03803440061,0
396798.035827014,-3250.23496019141,0
396788.316305356,-3287.40271722366,0
396778.486355804,-3324.54097245095,0
396768.546067993,-3361.64939310808,0
396758.495532557,-3398.72764671509,0
396748.33484113,-3435.77540107955,0
396738.064086346,-3472.79232430037,0
396727.683361837,-3509.77808477052,0
396717.192762231,-3546.73235118015,0
396706.592383155,-3583.65479252012,0
396695.882321227,-3620.54507808431,0
396685.062674062,-3657.40287747377,0
396674.133540266,-3694.22786059869,0
396663.095019439,-3731.01969768249,0
396651.947212168,-3767.77805926424,0
396640.690220035,-3804.50261620197,0
396629.324145605,-3841.19303967599,0
396617.849092434,-3877.84900119128,0
396606.265165064,-3914.47017258156,0
396594.572469021,-3951.05622601124,0
396582.771110815,-3987.60683397953,0
396570.861197939,-4024.12166932266,0
396558.84283887,-4060.60040521738,0
396546.716143062,-4097.04271518408,0
396534.48122095,-4133.44827308922,0
396522.138183948,-4169.81675314935,0
396509.687144446,-4206.14782993301,0
396497.128215809,-4242.4411783648,0
396484.461512378,-4278.69647372769,0
396471.687149467,-4314.9133916662,0
396458.805243361,-4351.09160818986,0
396445.815911316,-4387.23079967523,0
396432.719271559,-4423.33064287015,0
396419.515443284,-4459.3908148956,0
396406.204546652,-4495.41099324938,0
396392.786702789,-4531.39085580902,0
396379.262033788,-4567.33008083419,0
396365.630662702,-4603.22834697072,0
396351.892713547,-4639.08533325233,0
396338.0483113,-4674.90071910467,0
396324.097581897,-4710.67418434767,0
396310.040652229,-4746.40540919845,0
396295.877650148,-4782.09407427493,0
396281.608704457,-4817.73986059763,0
396267.233944915,-4853.34244959391,0
396252.753502231,-4888.90152309985,0
396238.167508068,-4924.41676336359,0
396223.476095035,-4959.88785304859,0
396208.679396692,-4995.31447523556,0
396193.777547543,-5030.69631342663,0
396178.770683039,-5066.03305154713,0
396163.658939574,-5101.32437394906,0
396148.442454483,-5136.5699654142,0
396133.121366045,-5171.76951115597,0
396117.695813474,-5206.92269682374,0
396102.165936926,-5242.02920850441,0
396086.531877491,-5277.08873272594,0
396070.793777194,-5312.10095646041,0
396054.951778995,-5347.06556712583,0
396039.006026782,-5381.98225259045,0
396022.956665378,-5416.85070117433,0
396006.803840531,-5451.6706016527,0
395990.547698919,-5486.44164325922,0
395974.188388144,-5521.16351568756,0
395957.726056732,-5555.83590909574,0
395941.160854132,-5590.45851410774,0
395924.492930716,-5625.0310218167,0
395907.722437771,-5659.55312378825,0
395890.849527505,-5694.02451206204,0
395873.874353042,-5728.44487915595,0
395856.797068419,-5762.81391806791,0
395839.617828588,-5797.1313222787,0
395822.33678941,-5831.39678575561,0
395804.954107658,-5865.61000295375,0
395787.469941011,-5899.77066882014,0
395769.884448056,-5933.87847879585,0
395752.197788283,-5967.93312881829,0
395734.410122087,-6001.93431532516,0
395716.521610764,-6035.88173525581,0
395698.532416507,-6069.77508605478,0
395680.442702411,-6103.61406567465,0
395662.252632465,-6137.39837257764,0
395643.962371553,-6171.1277057398,0
395625.572085451,-6204.80176465256,0
395607.081940828,-6238.42024932568,0
395588.49210524,-6271.98286029058,0
395569.802747134,-6305.48929860175,0
395551.014035839,-6338.93926584063,0
395532.126141571,-6372.33246411775,0
395513.139235427,-6405.66859607485,0
395494.053489385,-6438.94736488879,0
395474.869076302,-6472.16847427284,0
395455.586169912,-6505.33162848003,0
395436.204944823,-6538.43653230605,0
395416.725576519,-6571.48289109065,0
395397.148241352,-6604.47041072172,0
395377.473116548,-6637.39879763702,0
395357.700380197,-6670.26775882651,0
395337.830211259,-6703.0770018361,0
395317.862789554,-6735.82623476885,0
395297.798295767,-6768.51516628833,0
395277.636911445,-6801.14350562143,0
395257.378818989,-6833.71096255971,0
395237.024201662,-6866.21724746339,0
395216.573243579,-6898.66207126313,0
395196.026129709,-6931.04514546211,0
395175.38304587,-6963.3661821399,0
395154.644178734,-6995.62489395359,0
395133.809715815,-7027.82099414088,0
395112.879845476,-7059.95419652314,0
395091.854756922,-7092.02421550651,0
395070.734640201,-7124.03076608576,0
395049.519686198,-7155.97356384631,0
395028.210086639,-7187.85232496592,0
395006.806034083,-7219.66676621861,0
394985.307721925,-7251.41660497599,0
394963.715344389,-7283.10155920975,0
394942.029096531,-7314.72134749514,0
394920.249174236,-7346.27568901198,0
394898.375774212,-7377.76430354794,0
394876.409093992,-7409.18691150125,0
394854.349331931,-7440.54323388182,0
394832.196687206,-7471.83299231506,0
394809.951359807,-7503.05590904376,0
394787.613550545,-7534.21170692965,0
394765.183461041,-7565.30010945737,0
394742.661293731,-7596.32084073563,0
394720.047251858,-7627.27362549957,0
394697.341539474,-7658.15818911425,0
394674.544361437,-7688.97425757559,0
394651.655923408,-7719.72155751337,0
394628.676431849,-7750.39981619415,0
394605.606094024,-7781.00876152211,0
394582.445117991,-7811.54812204271,0
394559.193712605,-7842.0176269448,0
394535.852087516,-7872.41700606179,0
394512.420453162,-7902.74598987553,0
394488.899020771,-7933.00430951781,0
394465.288002359,-7963.19169677199,0
394441.587610727,-7993.30788407684,0
394417.798059456,-8023.35260452751,0
394393.919562911,-8053.32559187785,0
394369.952336233,-8083.22658054379,0
394345.896595341,-8113.05530560416,0
394321.752556928,-8142.81150280351,0
394297.520438457,-8172.49490855504,0
394273.200458164,-8202.10525994132,0
394248.792835049,-8231.64229471763,0
394224.297788882,-8261.10575131429,0
394199.715540193,-8290.49536883752,0
394175.046310274,-8319.81088707308,0
394150.290321177,-8349.05204648811,0
394125.44779571,-8378.21858823213,0
394100.518957435,-8407.31025414094,0
394075.504030669,-8436.32678673792,0
394050.403240477,-8465.26792923542,0
394025.216812671,-8494.13342553854,0
393999.944973813,-8522.92302024619,0
393974.587951205,-8551.63645865277,0
393949.145972892,-8580.27348675181,0
393923.619267656,-8608.83385123677,0
393898.00806502,-8637.31729950311,0
393872.312595238,-8665.72357965169,0
393846.533089298,-8694.05244048936,0
393820.669778919,-8722.30363153145,0
393794.722896545,-8750.47690300476,0
393768.69267535,-8778.57200584822,0
393742.579349227,-8806.58869171554,0
393716.383152794,-8834.52671297795,0
393690.104321386,-8862.38582272485,0
393663.743091054,-8890.16577476666,0
393637.299698564,-8917.86632363732,0
393610.774381395,-8945.48722459489,0
393584.167377735,-8973.02823362459,0
393557.478926479,-9000.4891074411,0
393530.709267227,-9027.86960348912,0
393503.858640284,-9055.16947994657,0
393476.927286653,-9082.38849572665,0
393449.915448037,-9109.52641047851,0
393422.823366833,-9136.58298459038,0
393395.651286132,-9163.55797919165,0
393368.399449719,-9190.45115615337,0
393341.068102065,-9217.26227809161,0
393313.657488329,-9243.99110836926,0
393286.167854352,-9270.63741109666,0
393258.599446661,-9297.20095113488,0
393230.952512458,-9323.68149409751,0
393203.227299625,-9350.07880635124,0
393175.424056719,-9376.3926550192,0
393147.543032968,-9402.62280798259,0
393119.58447827,-9428.76903388136,0
393091.548643193,-9454.83110211743,0
393063.435778968,-9480.80878285638,0
393035.246137489,-9506.70184702806,0
393006.979971313,-9532.51006632977,0
392978.637533653,-9558.23321322795,0
392950.219078378,-9583.87106095881,0
392921.724860012,-9609.42338353134,0
392893.155133727,-9634.88995572919,0
392864.510155348,-9660.27055311108,0
392835.790181341,-9685.56495201389,0
392806.995468821,-9710.77292955447,0
392778.12627554,-9735.89426363014,0
392749.182859893,-9760.92873292149,0
392720.165480908,-9785.87611689449,0
392691.074398248,-9810.73619580078,0
392661.90987221,-9835.50875068041,0
392632.672163718,-9860.19356336405,0
392603.361534323,-9884.79041647326,0
392573.978246201,-9909.29909342302,0
392544.52256215,-9933.71937842408,0
392514.994745587,-9958.05105648328,0
392485.395060547,-9982.29391340579,0
392455.723771678,-10006.4477357976,0
392425.981144242,-10030.5123110661,0
392396.16744411,-10054.4874274215,0
392366.282937759,-10078.3728738801,0
392336.327892273,-10102.1684402645,0
392306.302575336,-10125.8739172053,0
392276.207255234,-10149.4890961434,0
392246.042200849,-10173.0137693317,0
392215.807681658,-10196.4477298352,0
392185.503967731,-10219.7907715346,0
392155.131329726,-10243.042689127,0
392124.690038892,-10266.2032781267,0
392094.18036706,-10289.2723348681,0
392063.602586644,-10312.249656507,0
392032.956970639,-10335.135041021,0
392002.243792617,-10357.9282872125,0
391971.463326722,-10380.6291947099,0
391940.615847677,-10403.2375639683,0
391909.701630768,-10425.7531962716,0
391878.720951853,-10448.1758937348,0
391847.674087352,-10470.5054593041,0
391816.561314251,-10492.741696759,0
391785.382910091,-10514.8844107144,0
391754.139152975,-10536.9334066212,0
391722.830321558,-10558.8884907678,0
391691.456695048,-10580.7494702825,0
391660.018553203,-10602.5161531342,0
391628.516176328,-10624.1883481335,0
391596.949845273,-10645.7658649353,0
391565.31984143,-10667.2485140396,0
391533.626446731,-10688.6361067921,0
391501.869943644,-10709.9284553872,0
391470.050615173,-10731.125372869,0
391438.168744852,-10752.2266731314,0
391406.224616748,-10773.2321709209,0
391374.21851545,-10794.141681838,0
391342.150726076,-10814.9550223377,0
391310.021534263,-10835.672009731,0
391277.831226167,-10856.2924621875,0
391245.580088463,-10876.8161987356,0
391213.268408339,-10897.2430392632,0
391180.896473493,-10917.5728045211,0
391148.464572134,-10937.805316123,0
391115.972992977,-10957.9403965465,0
391083.42202524,-10977.9778691351,0
391050.811958643,-10997.9175581002,0
391018.143083404,-11017.7592885205,0
390985.415690239,-11037.5028863446,0
390952.630070354,-11057.1481783927,0
390919.786515449,-11076.6949923568,0
390886.885317712,-11096.1431568021,0
390853.926769816,-11115.4925011692,0
390820.911164917,-11134.7428557749,0
390787.838796652,-11153.8940518122,0
390754.709959136,-11172.9459213537,0
390721.524946959,-11191.8982973518,0
390688.284055184,-11210.7510136392,0
390654.987579347,-11229.5039049313,0
390621.635815446,-11248.1568068271,0
390588.229059947,-11266.7095558103,0
390554.767609781,-11285.1619892496,0
390521.251762335,-11303.5139454019,0
390487.681815454,-11321.7652634122,0
390454.058067438,-11339.9157833139,0
390420.38081704,-11357.9653460318,0
390386.650363461,-11375.9137933829,0
390352.867006349,-11393.7609680763,0
390319.031045798,-11411.5067137149,0
390285.14278234,-11429.150874798,0
390251.202516947,-11446.6932967205,0
390217.210551031,-11464.1338257743,0
390183.167186433,-11481.4723091506,0
390149.072725427,-11498.7085949403,0
390114.927470716,-11515.8425321346,0
390080.731725427,-11532.8739706265,0
390046.485793112,-11549.8027612128,0
390012.189977743,-11566.6287555937,0
389977.84458371,-11583.3518063741,0
389943.449915817,-11599.971767066,0
389909.006279281,-11616.4884920884,0
389874.513979732,-11632.901836768,0
389839.973323204,-11649.2116573412,0
389805.384616137,-11665.4178109552,0
389770.748165372,-11681.5201556681,0
389736.064278152,-11697.51855045,0
389701.333262115,-11713.4128551853,0
389666.555425292,-11729.2029306727,0
389631.731076108,-11744.8886386255,0
389596.860523377,-11760.4698416742,0
389561.944076296,-11775.9464033667,0
389526.982044449,-11791.318188169,0
389491.974737801,-11806.5850614661,0
389456.922466692,-11821.7468895641,0
389421.825541839,-11836.8035396902,0
389386.684274336,-11851.7548799932,0
389351.498975642,-11866.6007795454,0
389316.269957585,-11881.3411083436,0
389280.99753236,-11895.9757373092,0
389245.682012524,-11910.5045382892,0
389210.323710993,-11924.9273840581,0
389174.922941037,-11939.2441483181,0
389139.480016287,-11953.4547056995,0
389103.995250722,-11967.5589317623,0
389068.468958668,-11981.5567029975,0
389032.901454801,-11995.4478968269,0
388997.293054141,-12009.2323916041,0
388961.644072046,-12022.9100666163,0
388925.954824214,-12036.4808020849,0
388890.22562668,-12049.9444791651,0
388854.456795811,-12063.300979948,0
388818.648648303,-12076.5501874614,0
388782.801501182,-12089.6919856705,0
388746.9156718,-12102.7262594777,0
388710.991477828,-12115.6528947246,0
388675.029237259,-12128.4717781931,0
388639.029268401,-12141.182797605,0
388602.991889881,-12153.785841623,0
388566.917420634,-12166.2807998525,0
388530.806179904,-12178.6675628417,0
388494.658487242,-12190.946022082,0
388458.474662505,-12203.116070009,0
388422.255025848,-12215.1776000039,0
388385.999897724,-12227.130506394,0
388349.709598885,-12238.9746844522,0
388313.384450374,-12250.7100303992,0
388277.024773523,-12262.3364414042,0
388240.630889954,-12273.8538155851,0
388204.203121574,-12285.2620520083,0
388167.741790571,-12296.5610506915,0
388131.247219411,-12307.7507126031,0
388094.719730841,-12318.8309396629,0
388058.15964788,-12329.8016347428,0
388021.567293818,-12340.662701668,0
387984.942992214,-12351.4140452175,0
387948.287066895,-12362.0555711243,0
387911.59984195,-12372.5871860761,0
387874.881641728,-12383.0087977168,0
387838.132790838,-12393.3203146467,0
387801.353614143,-12403.5216464223,0
387764.54443676,-12413.6127035579,0
387727.705584056,-12423.5933975262,0
387690.837381642,-12433.4636407589,0
387653.940155378,-12443.2233466465,0
387617.014231366,-12452.8724295397,0
387580.059935943,-12462.4108047501,0
387543.077595686,-12471.8383885506,0
387506.067537405,-12481.1550981752,0
387469.030088144,-12490.3608518208,0
387431.965575169,-12499.4555686471,0
387394.874325977,-12508.4391687779,0
387357.756668287,-12517.3115733,0
387320.61293004,-12526.0727042653,0
387283.44343939,-12534.7224846912,0
387246.24852471,-12543.2608385609,0
387209.028514584,-12551.687690823,0
387171.783737808,-12560.0029673933,0
387134.514523381,-12568.2065951552,0
387097.221200507,-12576.2985019601,0
387059.904098595,-12584.2786166268,0
387022.563547251,-12592.1468689433,0
386985.199876275,-12599.9031896674,0
386947.813415662,-12607.5475105264,0
386910.404495598,-12615.0797642177,0
386872.973446458,-12622.4998844092,0
386835.520598802,-12629.8078057407,0
386798.046283368,-12637.0034638235,0
386760.550831081,-12644.0867952409,0
386723.03457304,-12651.0577375484,0
386685.497840519,-12657.9162292752,0
386647.940964962,-12664.6622099237,0
386610.364277982,-12671.2956199703,0
386572.768111364,-12677.8164008652,0
386535.152797051,-12684.2244950338,0
386497.518667149,-12690.5198458767,0
386459.866053919,-12696.7023977701,0
386422.195289785,-12702.7720960656,0
386384.506707318,-12708.7288870913,0
386346.80063924,-12714.5727181524,0
386309.077418421,-12720.3035375312,0
386271.337377876,-12725.9212944868,0
386233.580850765,-12731.4259392566,0
386195.808170381,-12736.8174230561,0
386158.019670158,-12742.0956980796,0
386120.215683662,-12747.2607174999,0
386082.396544595,-12752.3124354688,0
386044.56258678,-12757.2508071183,0
386006.71414417,-12762.0757885601,0
385968.851550842,-12766.7873368856,0
385930.975140993,-12771.3854101672,0
385893.085248935,-12775.8699674579,0
385855.182209096,-12780.240968792,0
385817.266356019,-12784.4983751849,0
385779.338024355,-12788.642148634,0
385741.39754886,-12792.6722521185,0
385703.445264396,-12796.5886496,0
385665.481505926,-12800.3913060224,0
385627.506608513,-12804.0801873124,0
385589.520907313,-12807.65526038,0
385551.524737577,-12811.1164931183,0
385513.518434649,-12814.4638544039,0
385475.502333956,-12817.6973140972,0
385437.476771014,-12820.8168430427,0
385399.442081419,-12823.8224130689,0
385361.39860085,-12826.7139969888,0
385323.346665059,-12829.4915686003,0
385285.286609873,-12832.155102686,0
385247.218771195,-12834.7045750133,0
385209.143484992,-12837.1399623352,0
385171.061087298,-12839.4612423901,0
385132.971914211,-12841.6683939017,0
385094.876301892,-12843.7613965798,0
385056.774586556,-12845.7402311201,0
385018.667104476,-12847.6048792043,0
384980.554191977,-12849.3553235004,0
384942.436185434,-12850.991547663,0
384904.313421268,-12852.513536333,0
384866.186235945,-12853.9212751382,0
384828.054965973,-12855.2147506931,0
384789.9199479,-12856.3939505992,0
384751.781518309,-12857.458863445,0
384713.640013816,-12858.4094788063,0
384675.49577107,-12859.2457872461,0
384637.349126745,-12859.9677803148,0
384599.200417543,-12860.5754505503,0
384561.049980188,-12861.0687914779,0
384522.898151424,-12861.4477976109,0
384484.745268012,-12861.7124644499,0
384446.591666728,-12861.8627884835,0
384408.437684359,-12861.8987671881,0
384370.283657701,-12861.820399028,0
384332.129923558,-12861.6276834555,0
384293.976818737,-12861.3206209106,0
384255.824680044,-12860.8992128218,0
384217.673844286,-12860.3634616052,0
384179.524648264,-12859.7133706652,0
384141.377428771,-12858.9489443942,0
384103.232522593,-12858.0701881728,0
384065.090266501,-12857.0771083695,0
384026.95099725,-12855.9697123413,0
383988.815051579,-12854.7480084328,0
383950.682766205,-12853.412005977,0
383912.554477822,-12851.9617152948,0
383874.430523097,-12850.3971476952,0
383836.311238668,-12848.7183154752,0
383798.196961143,-12846.9252319198,0
383760.088027092,-12845.0179113017,0
383721.984773053,-12842.9963688818,0
383683.88753552,-12840.8606209084,0
383645.796650945,-12838.6106846178,0
383607.712455736,-12836.2465782339,0
383569.635286254,-12833.7683209683,0
383531.565478804,-12831.1759330197,0
383493.503369644,-12828.4694355747,0
383455.449294973,-12825.6488508069,0
383417.403590929,-12822.7142018772,0
383379.366593592,-12819.6655129336,0
383341.338638976,-12816.5028091112,0
383303.320063027,-12813.2261165317,0
383265.311201622,-12809.8354623037,0
383227.312390567,-12806.3308745224,0
383189.323965591,-12802.7123822695,0
383151.346262344,-12798.9800156128,0
383113.379616397,-12795.1338056065,0
383075.424363239,-12791.1737842908,0
383037.48083827,-12787.0999846915,0
382999.549376801,-12782.91244082,0
382961.630314054,-12778.6111876737,0
382923.723985155,-12774.1962612348,0
382885.830725133,-12769.6676984708,0
382847.950868917,-12765.0255373339,0
382810.084751335,-12760.2698167613,0
382772.232707108,-12755.4005766746,0
382734.39507085,-12750.4178579795,0
382696.572177063,-12745.3217025657,0
382658.76436014,-12740.1121533072,0
382620.971954352,-12734.7892540611,0
382583.195293853,-12729.3530496678,0
382545.434712678,-12723.803585951,0
382507.690544736,-12718.1409097175,0
382469.963123808,-12712.3650687562,0
382432.252783546,-12706.4761118381,0
382394.55985747,-12700.4740887169,0
382356.884678965,-12694.3590501277,0
382319.227581278,-12688.1310477871,0
382281.588897513,-12681.7901343925,0
382243.968960634,-12675.3363636225,0
382206.368103458,-12668.7697901366,0
382168.786658652,-12662.090469574,0
382131.224958731,-12655.2984585535,0
382093.683336058,-12648.3938146742,0
382056.16212284,-12641.3765965144,0
382018.661651119,-12634.2468636309,0
381981.182252778,-12627.0046765591,0
381943.724259536,-12619.6500968126,0
381906.288002942,-12612.1831868835,0
381868.873814376,-12604.6040102407,0
381831.482025043,-12596.91263133,0
381794.112965971,-12589.1091155743,0
381756.766968014,-12581.1935293733,0
381719.44436184,-12573.165940102,0
381682.145477933,-12565.0264161109,0
381644.870646592,-12556.7750267257,0
381607.620197926,-12548.4118422474,0
381570.394461852,-12539.9369339509,0
381533.193768088,-12531.3503740845,0
381496.018446159,-12522.6522358704,0
381458.868825387,-12513.8425935042,0
381421.745234893,-12504.9215221536,0
381384.648003587,-12495.8890979581,0
381347.577460174,-12486.7453980292,0
381310.53393315,-12477.49050045,0
381273.517750791,-12468.1244842737,0
381236.529241158,-12458.6474295236,0
381199.568732095,-12449.0594171931,0
381162.636551221,-12439.3605292451,0
381125.733025931,-12429.5508486108,0
381088.858483391,-12419.6304591893,0
381052.013250537,-12409.5994458481,0
381015.197654074,-12399.457894422,0
380978.412020468,-12389.2058917119,0
380941.656675945,-12378.8435254846,0
380904.931946494,-12368.3708844734,0
380868.238157859,-12357.7880583763,0
380831.575635533,-12347.0951378554,0
380794.944704763,-12336.2922145369,0
380758.345690543,-12325.3793810106,0
380721.778917613,-12314.3567308292,0
380685.244710452,-12303.224358507,0
380648.743393281,-12291.98235952,0
380612.275290059,-12280.630830306,0
380575.840724476,-12269.1698682626,0
380539.440019954,-12257.5995717468,0
380503.073499645,-12245.9200400754,0
380466.741486427,-12234.1313735239,0
380430.4443029,-12222.2336733252,0
380394.182271384,-12210.2270416695,0
380357.955713919,-12198.1115817038,0
380321.764952258,-12185.8873975316,0
380285.610307867,-12173.554594211,0
380249.492101921,-12161.1132777544,0
380213.410655304,-12148.5635551295,0
380177.366288602,-12135.9055342565,0
380141.359322102,-12123.139324008,0
380105.390075791,-12110.2650342086,0
380069.458869353,-12097.2827756349,0
380033.566022164,-12084.1926600132,0
379997.71185329,-12070.9948000195,0
379961.896681485,-12057.6893092793,0
379926.12082519,-12044.2763023666,0
379890.384602526,-12030.7558948026,0
379854.688331294,-12017.1282030549,0
379819.032328976,-12003.3933445383,0
379783.416912723,-11989.5514376125,0
379747.842399359,-11975.6026015812,0
379712.309105379,-11961.5469566923,0
379676.817346942,-11947.3846241371,0
379641.367439872,-11933.1157260488,0
379605.959699652,-11918.7403855014,0
379570.594441425,-11904.2587265105,0
379535.271979988,-11889.6708740314,0
379499.99262979,-11874.9769539577,0
379464.756704931,-11860.1770931214,0
379429.56451916,-11845.2714192926,0
379394.416385867,-11830.260061177,0
379359.312618084,-11815.1431484159,0
379324.253528485,-11799.920811586,0
379289.23942938,-11784.593182198,0
379254.270632709,-11769.1603926948,0
379219.347450046,-11753.6225764519,0
379184.470192594,-11737.9798677765,0
379149.639171179,-11722.2324019059,0
379114.854696252,-11706.3803150064,0
379080.117077882,-11690.4237441735,0
379045.426625758,-11674.3628274306,0
379010.783649183,-11658.197703727,0
378976.188457069,-11641.9285129381,0
378941.641357943,-11625.5553958649,0
378907.142659935,-11609.0784942317,0
378872.692670778,-11592.4979506853,0
378838.291697809,-11575.8139087954,0
378803.940047963,-11559.0265130528,0
378769.63802777,-11542.1359088674,0
378735.385943354,-11525.1422425688,0
378701.184100429,-11508.0456614052,0
378667.032804297,-11490.846313541,0
378632.932359845,-11473.5443480568,0
378598.883071542,-11456.139914949,0
378564.88524344,-11438.6331651276,0
378530.939179163,-11421.0242504151,0
378497.045181912,-11403.3133235467,0
378463.203554461,-11385.5005381687,0
378429.414599151,-11367.5860488365,0
378395.678617889,-11349.5700110144,0
378361.995912149,-11331.4525810754,0
378328.366782962,-11313.2339162985,0
378294.791530919,-11294.9141748677,0
378261.270456167,-11276.4935158725,0
378227.803858407,-11257.9720993057,0
378194.392036886,-11239.3500860616,0
378161.035290404,-11220.6276379361,0
378127.733917303,-11201.8049176258,0
378094.488215467,-11182.8820887252,0
378061.298482321,-11163.8593157266,0
378028.165014827,-11144.7367640199,0
377995.088109479,-11125.5145998897,0
377962.068062306,-11106.1929905147,0
377929.105168863,-11086.7721039673,0
377896.199724233,-11067.2521092119,0
377863.352023022,-11047.6331761028,0
377830.562359357,-11027.9154753845,0
377797.831026884,-11008.0991786903,0
377765.158318763,-10988.1844585397,0
377732.544527669,-10968.1714883382,0
377699.989945786,-10948.0604423769,0
377667.494864807,-10927.8514958296,0
377635.059575928,-10907.5448247521,0
377602.684369849,-10887.1406060818,0
377570.36953677,-10866.6390176357,0
377538.115366386,-10846.0402381086,0
377505.92214789,-10825.3444470729,0
377473.790169963,-10804.5518249772,0
377441.719720778,-10783.6625531438,0
377409.711087993,-10762.6768137688,0
377377.764558751,-10741.5947899204,0
377345.880419676,-10720.4166655371,0
377314.058956869,-10699.1426254264,0
377282.30045591,-10677.7728552647,0
377250.605201849,-10656.3075415942,0
377218.97347921,-10634.7468718223,0
377187.405571984,-10613.0910342211,0
377155.901763627,-10591.3402179247,0
377124.462337058,-10569.4946129279,0
377093.087574655,-10547.5544100861,0
377061.777758258,-10525.519801113,0
377030.533169157,-10503.3909785785,0
376999.354088098,-10481.1681359087,0
376968.240795275,-10458.851467384,0
376937.19357033,-10436.4411681369,0
376906.212692348,-10413.9374341512,0
376875.298439859,-10391.3404622616,0
376844.451090831,-10368.6504501498,0
376813.670922667,-10345.8675963448,0
376782.958212207,-10322.9921002219,0
376752.313235722,-10300.0241619993,0
376721.736268911,-10276.9639827378,0
376691.227586899,-10253.81176434,0
376660.787464238,-10230.5677095473,0
376630.416174898,-10207.2320219387,0
376600.113992269,-10183.8049059305,0
376569.881189157,-10160.2865667738,0
376539.718037781,-10136.6772105521,0
376509.624809774,-10112.9770441819,0
376479.601776172,-10089.1862754096,0
376449.649207422,-10065.3051128097,0
376419.767373372,-10041.3337657846,0
376389.95654327,-10017.2724445622,0
376360.216985763,-9993.12136019371,0
376330.548968894,-9968.88072455312,0
376300.952760099,-9944.5507503356,0
376271.428626204,-9920.13165105458,0
376241.976833423,-9895.62364104137,0
376212.597647356,-9871.02693544372,0
376183.291332985,-9846.34175022269,0
376154.058154673,-9821.56830215221,0
376124.898376161,-9796.70680881779,0
376095.812260564,-9771.7574886133,0
376066.800070371,-9746.72056074034,0
376037.862067442,-9721.59624520718,0
376008.998513001,-9696.38476282536,0
375980.209667641,-9671.08633520903,0
375951.495791316,-9645.70118477394,0
375922.857143341,-9620.22953473398,0
375894.293982387,-9594.67160910044,0
375865.806566482,-9569.02763268105,0
375837.395153006,-9543.2978310765,0
375809.059998688,-9517.48243067959,0
375780.801359607,-9491.58165867426,0
375752.619491184,-9465.59574303223,0
375724.514648184,-9439.52491251191,0
375696.487084714,-9413.36939665754,0
375668.537054217,-9387.12942579576,0
375640.66480947,-9360.80523103451,0
375612.870602585,-9334.39704426212,0
375585.154685002,-9307.9050981439,0
375557.517307492,-9281.3296261209,0
375529.958720148,-9254.67086240918,0
375502.479172388,-9227.92904199614,0
375475.078912949,-9201.10440063943,0
375447.758189886,-9174.19717486607,0
375420.517250572,-9147.20760196885,0
375393.356341689,-9120.13592000516,0
375366.275709233,-9092.98236779611,0
375339.275598506,-9065.74718492282,0
375312.356254118,-9038.43061172542,0
375285.51791998,-9011.03288930193,0
375258.760839305,-8983.55425950458,0
375232.085254605,-8955.9949649389,0
375205.491407687,-8928.35524896244,0
375178.979539651,-8900.63535568108,0
375152.549890892,-8872.83552994823,0
375126.202701089,-8844.95601736329,0
375099.93820921,-8816.9970642681,0
375073.756653507,-8788.95891774616,0
375047.658271514,-8760.84182562086,0
375021.643300043,-8732.64603645205,0
374995.711975184,-8704.3717995353,0
374969.864532301,-8676.01936489988,0
374944.101206029,-8647.58898330544,0
374918.422230277,-8619.08090624138,0
374892.827838216,-8590.49538592448,0
374867.318262285,-8561.83267529579,0
374841.893734186,-8533.09302802003,0
374816.554484881,-8504.27669848288,0
374791.30074459,-8475.38394178816,0
374766.132742787,-8446.41501375715,0
374741.050708202,-8417.37017092562,0
374716.054868815,-8388.2496705412,0
374691.145451854,-8359.05377056283,0
374666.322683795,-8329.78272965722,0
374641.586790356,-8300.43680719693,0
