382719.735624773,-611.566218280628,0
382755.387015868,-701.818968918713,0
382795.882237918,-790.005007966811,0
382841.101720034,-875.864155685279,0
382890.9120509,-959.143341053633,0
382945.166787029,-1039.59770105161,0
383003.706627936,-1116.99067969005,0
383066.358809948,-1191.09388117474,0
383132.938261235,-1261.68868769486,0
383203.249146977,-1328.56748320295,0
383277.084966446,-1391.53368913571,0
383354.228481034,-1450.40177010145,0
383434.451461536,-1504.99785757886,0
383517.517575406,-1555.1612287702,0
383603.182758101,-1600.74445123496,0
383691.195398358,-1641.61338121457,0
383781.295669624,-1677.64736461512,0
383873.217453829,-1708.74019017854,0
383966.690369541,-1734.80042654102,0
384061.439827209,-1755.75141760849,0
384157.187053423,-1771.53128553374,0
384253.648987702,-1782.09356023703,0
384350.54142651,-1787.40721233385,0
384447.579598345,-1787.45658785399,0
384544.478296684,-1782.241336639,0
384640.951480946,-1771.77685651576,0
384736.714461575,-1756.09418037455,0
384831.485597553,-1735.23943057818,0
384924.986375038,-1709.27375943909,0
385016.941281519,-1678.27351968597,0
385107.07868442,-1642.33047100247,0
385195.133262029,-1601.55045478786,0
385280.846201902,-1556.05325520949,0
385363.965297749,-1505.97247039182,0
385444.244968909,-1451.45622411244,0
385521.448645117,-1392.6652845041,0
385595.349354175,-1329.77245096494,0
385665.729789816,-1262.96238661044,0
385732.382237026,-1192.43220794161,0
385795.109991988,-1118.39033855234,0
385853.728529391,-1041.0546168125,0
385908.065529986,-960.652214925275,0
385957.960904983,-877.419522908022,0
386003.267267616,-791.602812897308,0
386043.851186116,-703.45508242051,0
386079.593356565,-613.235399346808,0
386110.388587166,-521.208782545594,0
386136.145957801,-427.646620308578,0
386156.789567111,-332.825433693014,0
386172.258708291,-237.02430144821,0
386182.507863336,-140.524736111844,0
386187.50665849,-43.6105618963625,0
386187.240471934,53.431759788793,0
386181.710211724,150.316164831408,0
386170.932130043,246.757825305386,0
386154.937744218,342.473264132534,0
386133.774240287,437.180035658562,0
386107.504285736,530.598573173633,0
386076.205199181,622.454067187317,0
386039.968881731,712.476548967599,0
385998.901919841,800.400835511862,0
385953.125872381,885.967175123182,0
385902.775609467,968.9236537416,0
385847.999100162,1049.02644261504,0
385788.957224685,1126.03990392107,0
385725.824571581,1199.73655164157,0
385658.787437926,1269.89916812584,0
385588.042927816,1336.32149068477,0
385513.798803048,1398.80825281788,0
385436.273911221,1457.17515845246,0
385355.697515104,1511.24992987418,0
385272.306807331,1560.87349192365,0
385186.34678597,1605.90001813645,0
385098.070034011,1646.19693174316,0
385007.737529275,1681.64527259707,0
384915.615789237,1712.14065468498,0
384821.975651044,1737.59345068387,0
384727.092191281,1757.92877271722,0
384631.244950548,1773.08657922855,0
384534.717211289,1783.02230369761,0
384437.793140286,1787.70678100504,0
384340.7575526,1787.12621668811,0
384243.895764842,1781.28211098678,0
384147.493954606,1770.19186432139,0
384051.8363159,1753.88831145513,0
383957.204058651,1732.4193844574,0
383863.875307743,1705.84802551183,0
383772.12536192,1674.25257747483,0
383682.225045963,1637.726502454,0
383594.438808997,1596.37728239854,0
383509.024638326,1550.3263377485,0
383426.234074111,1499.70908270822,0
383346.311685261,1444.67527555666,0
383269.49278179,1385.38704545332,0
383196.003143014,1322.01860228972,0
383126.058928823,1254.75602201887,0
383059.866700578,1183.79807259874,0
382997.621609503,1109.35419432857,0
382939.506663699,1031.64326844108,0
382885.69271013,950.893504127261,0
382836.338421533,867.342658365156,0
382791.589509251,781.237892561784,0
382751.577662992,692.83278602574,0
382716.420482887,602.387065720655,0
382686.221501856,510.166444156184,0
382661.069874752,416.443239843794,0
382641.039667544,321.494169994301,0
382626.189771937,225.598492202355,0
382616.563922204,129.037942483959,0
382612.190650406,32.09679649244,0
382613.082691276,-64.9384158526742,0
382619.237339724,-161.781918493428,0
382630.636544208,-258.149087828119,0
382647.247002962,-353.756594831574,0
382669.019579475,-448.322063866771,0
382695.889920755,-541.566613760943,0
382727.7790206,-633.216076428868,0
382764.59330788,-723.001079506246,0
382806.224309589,-810.656860736232,0
382852.548897571,-895.924613309751,0
382903.430729391,-978.553458709148,0
382958.720351473,-1058.30054749867,0
383018.25524927,-1134.93109862338,0
383081.859296127,-1208.21871864366,0
383149.345035819,-1277.94756129555,0
383220.514144158,-1343.91267179863,0
383295.157643495,-1405.92004557499,0
383373.055155018,-1463.78662981524,0
383453.976561258,-1517.34173626454,0
383537.683842334,-1566.42787137158,0
383623.931131294,-1610.90074422042,0
383712.464773061,-1650.62927642698,0
383803.022899556,-1685.49618323928,0
383895.338621706,-1715.39882593904,0
383989.140643331,-1740.2492980722,0
384084.153389121,-1759.97439293946,0
384180.096552239,-1774.51585911412,0
384276.686765389,-1783.8309390466,0
384373.639859899,-1787.89225213193,0
384470.670958299,-1786.68777164398,0
384567.494491799,-1780.22082767784,0
384663.824308761,-1768.51069799751,0
384759.376655081,-1751.59195102692,0
384853.870675148,-1729.5142708481,0
384947.028542195,-1702.34234565247,0
385038.575167245,-1670.15645502904,0
385128.240529874,-1633.05167276468,0
385215.760955823,-1591.1370969762,0
385300.879188197,-1544.53575657501,0
385383.344254549,-1493.38492047876,0
385462.912633491,-1437.83585163721,0
385539.350171224,-1378.05205603939,0
385612.432187903,-1314.20915598983,0
385681.943540267,-1246.49475442024,0
385747.678846144,-1175.10915653005,0
385809.444433525,-1100.26283583361,0
385867.058721981,-1022.17577937814,0
385920.352251812,-941.077295097842,0
385969.167726105,-857.206607612709,0
386013.361095714,-770.811671547971,0
386052.80235296,-682.146741377805,0
386087.375548514,-591.472296852828,0
386116.978771573,-499.054871797791,0
386141.524640457,-405.167701240899,0
386160.940902229,-310.087725029596,0
386175.170468037,-214.094489173664,0
386184.171378915,-117.470052776669,0
386187.916992523,-20.4992710970419,0
386186.396447555,76.5313354898818,0
386179.614276053,173.336172323874,0
386167.590365503,269.630718592947,0
386150.360057036,365.13135818721,0
386127.97424874,459.556325219176,0
386100.498864238,552.627649384869,0
