383505.95,1548.54002450695,0
383423.259167537,1497.75797230216,0
383343.444706326,1442.56441822298,0
383266.742090178,1383.1223148705,0
383193.377397467,1319.60702737309,0
383123.566331775,1252.2052982013,0
383057.514156352,1181.1150583653,0
382995.415753782,1106.54600656305,0
382937.454357717,1028.71851665833,0
382883.80044615,947.861574094547,0
382834.611716469,864.212698301724,0
382790.033070421,778.01780226361,0
382750.196135445,689.531853851968,0
382715.218202097,599.015725202738,0
382685.202075659,506.735448518081,0
382660.236098662,412.962100519796,0
382640.393970252,317.972198693396,0
382625.734089017,222.046412422907,0
382616.29953245,125.467028693,0
382612.118071822,28.5178270736431,0
382613.202213109,-68.5160186722171,0
382619.548577275,-165.347735729332,0
382631.138336963,-261.691977136003,0
382647.937425601,-357.265550063912,0
382669.896630566,-451.787535048841,0
382696.951121959,-544.978974960286,0
382729.020872801,-636.564886294302,0
382766.011528548,-726.275921632489,0
382807.814483236,-813.848443273311,0
382854.306712901,-899.024440162867,0
382905.35065547,-981.552350297253,0
382960.795983767,-1061.18928167355,0
383020.479788926,-1137.70119819438,0
383084.226770046,-1210.8630122024,0
383151.848419934,-1280.45862722054,0
383223.145271782,-1346.28297546006,0
383297.907748155,-1408.14258119794,0
383375.916325405,-1465.85559506359,0
383456.941068521,-1519.25179297863,0
383540.742394089,-1568.17360117868,0
383627.073656007,-1612.4771220931,0
383715.681264995,-1652.03217030763,0
383806.304884322,-1686.72225876585,0
383898.676695235,-1716.44499578195,0
383992.524178528,-1741.11287378564,0
384087.57143987,-1760.65338619091,0
384183.539285625,-1775.0090043142,0
384280.145017609,-1784.13729160277,0
384377.103170392,-1788.01148003812,0
384474.128343557,-1786.62022714805,0
384570.935441565,-1779.96756961487,0
384667.239813272,-1768.0728409482,0
384762.756950632,-1750.97129868215,0
384857.205318724,-1728.71346264444,0
384950.307282614,-1701.36473781367,0
385041.789208586,-1669.0053157139,0
385131.381218654,-1631.73060837521,0
385218.818897786,-1589.65080156234,0
385303.845060239,-1542.88967589503,0
385386.209824975,-1491.58452202384,0
385465.670595545,-1435.88621744045,0
385541.992646262,-1375.95951279181,0
385614.951275795,-1311.98091022206,0
385684.332043428,-1244.1383764543,0
385749.930848203,-1172.63111165753,0
385811.5539483,-1097.67041190508,0
385869.019653621,-1019.47752589772,0
385922.158994008,-938.282346066341,0
385970.815727894,-854.323315952735,0
386014.846367093,-767.84759784831,0
386054.120924504,-679.110968200595,0
386088.523806135,-588.374769269762,0
386117.953870263,-495.905592835311,0
386142.324396301,-401.975123385625,0
386161.563428978,-306.860718134896,0
386175.614342422,-210.843160303061,0
386184.435815028,-114.204844622095,0
386188.001805444,-17.2297092012832,0
386186.301624924,79.7966700034767,0
386179.340480051,176.587545503324,0
386167.138930105,272.857904099748,0
386149.732787309,368.324798542844,0
386127.173009498,462.707490129147,0
386099.526341059,555.727163496273,0
386066.874424107,647.10956486187,0
386029.313250232,736.586015334992,0
385986.95305442,823.893498331367,0
385939.918731495,908.774470539143,0
385888.349340761,990.978366583285,0
385832.396634312,1070.26335152591,0
385772.224961174,1146.3963957468,0
385708.011259068,1219.15329481045,0
385639.945506153,1288.31910850079,0
385568.228278589,1353.69016208154,0
385493.070333853,1415.07431667151,0
385414.692374967,1472.29101816122,0
385333.325854971,1525.1713451438,0
385249.211148872,1573.55934355741,0
385162.595674092,1617.31272954531,0
385073.733847919,1656.30289291759,0
384982.887017292,1690.41489971511,0
384890.323867088,1719.54808371685,0
384796.3172195,1743.61671185862,0
384701.14336222,1762.55003602688,0
384605.081925393,1776.29225361715,0
384508.416304458,1784.80278315677,0
384411.431973566,1788.05669381246,0
384314.414255358,1786.04445401725,0
384217.648225327,1778.77190040663,0
384121.418710161,1766.26025156667,0
384026.01007737,1748.54666974552,0
383931.703326953,1725.68341709925,0
383838.77564154,1697.73766648415,0
383747.50025684,1664.79137680477,0
383658.146715582,1626.94192410834,0
383570.978510306,1584.30108443125,0
383486.251939481,1536.99424096867,0
383404.216038566,1485.16027921052,0
383325.112705674,1428.95193799308,0
383249.175487542,1368.53542187869,0
383176.627811081,1304.08855693922,0
383107.682896048,1235.80066984438,0
383042.543699049,1163.87244136859,0
382981.402651316,1088.51665054876,0
382924.439853763,1009.95547906989,0
382871.822735739,928.419826344479,0
382823.706041402,844.149142531009,0
382780.231754921,757.39195300445,0
382741.528113542,668.404717129166,0
382707.708947548,577.449315967443,0
382678.873665077,484.792958329221,0
382655.107280877,390.708019459158,0
382636.479892025,295.47261566042,0
382623.04627349,199.367591400516,0
382614.845907197,102.675472237017,0
382611.90302615,5.68036444216981,0
382614.226377768,-91.3317380138747,0
382621.808887849,-188.074297111893,0
382634.628184916,-284.262647824478,0
382652.646650948,-379.614131135287,0
382675.81144787,-473.848142309977,0
382704.053931874,-566.686240321716,0
382737.290796751,-657.854966651856,0
382775.424359321,-747.086359154253,0
382818.342699656,-834.118067643463,0
382865.919027633,-918.693145789267,0
382918.012831074,-1000.5621715328,0
382974.470907872,-1079.48443012249,0
383035.127469961,-1155.22796829396,0
383099.803864191,-1227.56952354066,0
383168.308815404,-1296.29550338597,0
383240.440644312,-1361.20368934538,0
383315.987432909,-1422.10333939277,0
383394.727286564,-1478.81524571877,0
383476.427360675,-1531.17191663513,0
383560.84661236,-1579.01909517953,0
383647.736890602,-1622.21615277679,0
383736.84302266,-1660.63608591883,0
383827.9025953,-1694.16557103031,0
383920.646367892,-1722.70572420401,0
384014.801267728,-1746.17260299613,0
384110.090667143,-1764.4972241845,0
384206.23453923,-1777.62551416154,0
384302.948931052,-1785.5187666388,0
384399.948530413,-1788.15385477562,0
384496.948143952,-1785.52303530645,0
384593.662777579,-1777.63390356308,0
384689.807436097,-1764.50957832861,0
384785.098135284,-1746.18901172649,0
384879.254446006,-1722.72616034303,0
384971.999665245,-1694.1899094919,0
385063.060673564,-1660.66419321537,0
385152.168863341,-1622.24793825306,0
385239.061958008,-1579.05420796578,0
