386188.1,0,0
386185.466917069,97.0033586099408,0
386177.575290433,193.721354025434,0
386164.448490958,289.868618046718,0
386146.125319174,385.161739868784,0
386122.65964025,479.320530460012,0
386094.120259375,572.068170252307,0
386060.591457094,663.130893643844,0
386022.172301246,752.240088367715,0
385978.975781474,839.133713932317,0
385931.128714197,923.556374341206,0
385878.772024352,1005.25919955491,0
385822.06055548,1084.00093205229,0
385761.161252499,1159.54986488704,0
385696.253023671,1231.68395689439,0
385627.526580892,1300.19090045625,0
385555.18520734,1364.86831285576,0
385479.442211876,1425.52565246645,0
385400.520212228,1481.98462190937,0
385318.65095756,1534.07919173167,0
385234.075865522,1581.6556439557,0
385147.04496807,1624.57360275278,0
385057.814386719,1662.70682542347,0
384966.646239716,1695.94322267106,0
384873.808467303,1724.18483461443,0
384779.575479837,1747.34831017264,0
384684.225218453,1765.36547407259,0
384588.037995649,1778.1833484219,0
384491.296405173,1785.76411813862,0
384394.285591502,1788.08531241963,0
384297.292157574,1785.1402596036,0
384200.601560721,1776.93766265316,0
384104.497943192,1763.50154982905,0
384009.264038768,1744.87121546816,0
383915.181259245,1721.10185111592,0
383822.526826699,1692.26358181692,0
383731.573109854,1658.4411392661,0
383642.587513176,1619.73373876337,0
383555.832711817,1576.2556358055,0
383471.564672144,1528.13527331132,0
383390.031237557,1475.51417179511,0
383311.472070234,1418.54683754911,0
383236.118707758,1357.40095784138,0
383164.193726668,1292.25738736191,0
383095.908850101,1223.30794872015,0
383031.464802465,1150.75522555686,0
382971.051239615,1074.81230658853,0
382914.846637062,995.703730764687,0
382863.016675992,913.662952881534,0
382815.713754504,828.931180246199,0
382773.076986143,741.757281130089,0
382735.232155869,652.397995078764,0
382702.290950904,561.117610120978,0
382674.350309053,468.184955107075,0
382651.492386566,373.873117070633,0
382633.784600285,278.459282942794,0
382621.279206073,182.225294931653,0
382614.012944824,85.4551632164343,0
382612.007176268,-11.5665134400684,0
382615.267915915,-108.554623649268,0
382623.785690718,-205.223371594394,0
382637.535130305,-301.287116829109,0
382656.475691908,-396.463056024707,0
382680.551748029,-490.47144581886,0
382709.692681258,-583.035716503073,0
382743.81222099,-673.882355670495,0
382782.809677809,-762.74362559758,0
382826.570402704,-849.358282866374,0
382874.965921346,-933.471674295254,0
382927.853387681,-1014.8355541638,0
382985.076502251,-1093.20983253879,0
383046.466904664,-1168.36399226745,0
383111.84426588,-1240.07713863841,0
383181.016196032,-1308.13798998601,0
383253.778035004,-1372.34551469488,0
383329.915420446,-1432.51069873103,0
383409.204608925,-1488.45672146588,0
383491.412725818,-1540.01898920524,0
383576.296902538,-1587.04526647705,0
383663.606430446,-1629.39692583192,0
383753.084517389,-1666.94946035449,0
383844.46832805,-1699.59248154539,0
383937.488998303,-1727.22972698217,0
384031.871438336,-1749.77969981702,0
384127.337528421,-1767.17608511187,0
384223.606696318,-1779.36775347645,0
384320.39604825,-1786.31870892201,0
384417.419930845,-1788.00844534701,0
384514.391924253,-1784.4321732213,0
384611.026799233,-1775.60045194327,0
384707.04059929,-1761.53914838829,0
384802.150565546,-1742.28951975507,0
384896.075689826,-1717.90864765847,0
384988.539440969,-1688.46839709372,0
385079.270067033,-1654.05526214959,0
385168.000722262,-1614.77022948736,0
385254.469304822,-1570.72948278388,0
385338.42094565,-1522.06298429659,0
385419.608841685,-1468.91380307607,0
385497.79433042,-1411.43798115436,0
385572.746763964,-1349.80501379421,0
385644.244923014,-1284.19707077216,0
385712.078487824,-1214.80719822363,0
385776.048089546,-1141.83922166534,0
385835.965344999,-1065.50765102633,0
385891.653257788,-986.038319120916,0
385942.947827291,-903.665473396533,0
385989.698289462,-818.631186293228,0
386031.767117464,-731.185198427096,0
386069.030147695,-641.585448513695,0
386101.377502433,-550.096729854943,0
386128.714049364,-456.988253897711,0
386150.959407471,-362.533562694243,0
386168.047917175,-267.0104014114,0
386179.929222329,-170.701144082076,0
386186.568423096,-73.8897025347244,0
386187.945991871,23.1393419795058,0
386184.057713606,120.100852609883,0
386174.915015753,216.70878947686,0
386160.545078719,312.67791609228,0
386140.990208557,407.725906004274,0
386116.307782141,501.573439908003,0
386086.570295441,593.944179261415,0
386051.865808809,684.565207265309,0
386012.296595858,773.169682975528,0
385967.978922288,859.497179153946,0
385919.042882632,943.293802156227,0
385865.633133999,1024.31205256466,0
385807.907302276,1102.31308293926,0
385746.03510406,1177.06756604489,0
385680.198214826,1248.35575006707,0
385610.590678551,1315.96738717661,0
385537.418296945,1379.70288129876,0
385460.896429899,1439.37471479979,0
385381.249877143,1494.80750708042,0
385298.712638053,1545.83805120272,0
385213.528841858,1592.31561835306,0
385125.949755007,1634.10328886758,0
385036.232804644,1671.07822622889,0
384944.641490547,1703.13166699829,0
384851.445645573,1730.16900711771,0
384756.920788096,1752.11053992793,0
384661.345211274,1768.89173038051,0
384564.999748005,1780.46321334825,0
384468.167614388,1786.7907336947,0
384371.134886596,1787.85568026734,0
384274.187739296,1783.65504090878,0
384177.611211262,1774.20115002509,0
384081.689113487,1759.5216272966,0
383986.704278367,1739.65965299164,0
383892.937211316,1714.67405705247,0
383800.663824071,1684.63838141409,0
383710.155307773,1649.64080174146,0
383621.678098334,1609.78410575503,0
383535.493625088,1565.18623322384,0
383451.855743629,1515.97862336881,0
383371.010316014,1462.30586914313,0
383293.195111709,1404.3255412713,0
383218.639920787,1342.20890309076,0
383147.564642365,1276.13935471885,0
383080.178298613,1206.31118331922,0
383016.679001487,1132.92945442849,0
382957.253966408,1056.21023173134,0
382902.078705365,976.38046637955,0
382851.315633082,893.675258777686,0
382805.113970207,808.337613825715,0
382763.609741529,720.618230416688,0
382726.925514453,630.776269166278,0
382695.169406824,539.07699284422,0
382668.434804871,445.790094389338,0
382646.800366322,351.189697829078,0
382630.32993253,255.554608120121,0
382619.072037689,159.167007715098,0
382613.059813598,62.3105904059434,0
