386080.264375227,-602.275153243119,-106.197359327087
386110.968425525,-511.623802042742,-90.165814696925
386136.63301532,-419.465391655745,-73.8671155289752
386157.182496599,-326.071854443952,-57.3496362834913
386172.556394972,-231.71851709054,-40.6623557465584
386182.709497731,-136.682774413714,-23.8546222713043
386187.611789598,-41.243920209495,-6.97612261407427
386187.248822577,54.3163956404158,9.92304151971844
386181.621837069,149.716201583483,26.792713979274
386170.747403199,244.674955228106,43.5829949134783
386154.657367208,338.913630967515,60.2442566911647
386133.399022469,432.15456565023,76.7271206998583
386107.035373773,524.122361646597,92.9826183898766
386075.644085817,614.546360415268,108.962629957614
386039.31737279,703.160835759656,124.619918805793
385998.16190014,789.705085001668,139.908150170661
385952.299450327,873.923443348366,154.781896137995
385901.865288514,955.567803504691,169.197082069503
385847.007664209,1034.39819604598,183.111089836086
385787.887650963,1110.18287335257,196.482773510234
385724.679759205,1182.69818804989,209.272440864178
385657.570737014,1251.73022231075,221.442141852234
385586.758001377,1317.07597944782,232.955880196832
385512.449547624,1378.54341664799,243.77961930273
385434.863983784,1435.95145626837,253.881286071136
385354.230874382,1489.13055819237,263.230872910691
385270.787808052,1537.92418078808,271.8006964493
385184.77998159,1582.18893663744,279.565425246786
385096.460020616,1621.79458939648,286.502079470131
385006.088615244,1656.62423604026,292.590064133423
384913.932752251,1686.57522258946,297.811330711816
384820.263547422,1711.5594851873,302.150437397224
384725.356186702,1731.50354802601,305.594548727334
384629.48985557,1746.34851029202,308.133432996977
384532.947985478,1756.05066070245,309.759570733531
384436.015092491,1760.58151073814,310.468159618517
384338.97609693,1759.9277136985,310.257099939836
384242.116197874,1754.0909967022,309.126982151015
384145.721254291,1743.08855461276,307.081155132714
384050.075821518,1726.95302153443,304.125720149465
383955.461249627,1705.73185865796,300.269421464535
383862.155602413,1679.48729988188,295.523636534853
383770.433723025,1648.29644787712,289.902390848582
383680.566623803,1612.25162741019,283.422418926978
383592.81891357,1571.45900319356,276.102918035431
383507.4485251,1526.03839453425,267.965515088522
383424.706596001,1476.12311086028,259.034235759347
383344.837576843,1421.86070629532,249.335635101037
383268.076938262,1363.41126585039,238.898492548444
383194.65039085,1300.9465921351,227.753667025987
383124.773829859,1234.65006754199,215.934071896546
383058.653401028,1164.71708618171,203.474747151733
382996.484338397,1091.35439388352,190.412740858745
382938.449589835,1014.77788828413,176.786718118107
382884.719764737,935.212509939436,162.636941634393
382835.453102729,852.892008102677,148.005227278593
382790.795153775,768.059841779744,132.935099543305
382750.877511233,680.966245152989,117.471270927039
382715.817548847,591.867223589571,101.659463417984
382685.718432213,501.024469035158,85.5463930673634
382660.669028081,408.7056070595,69.1798083819713
382640.743184056,315.183557926464,52.6083753712351
382625.999512807,220.733667642733,35.8811689420991
382616.481398573,125.633472639848,19.0476309819409
382612.21706006,30.1625455450401,2.15754076297846
382613.219003154,-65.3970497525385,-14.7389095028862
382619.484133157,-160.76349131858,-31.591598081563
382630.994027753,-255.656386521251,-48.3506843300866
382647.715002082,-349.796863895518,-64.966625507164
382669.597817874,-442.907326741826,-81.3901380460725
382696.577644607,-534.712822560435,-97.5724406340641
382728.575036358,-624.943227866446,-113.46564031236
382765.496011004,-713.333366576004,-129.022753535293
382807.232065364,-799.623038199728,-144.19771405772
382853.659653669,-883.55730035999,-158.945425714535
382904.641902484,-964.888960203056,-173.222201216723
382960.028953534,-1043.37896624522,-186.985831336892
383019.658145852,-1118.79650399746,-200.19560269485
383083.353287095,-1190.91889667529,-212.812284123928
383150.926272704,-1259.53346795976,-224.798453809386
383222.178350001,-1324.438479227,-236.118663765718
383296.900227348,-1385.44315962054,-246.739445159691
383374.871863101,-1442.36769671575,-256.629308945818
383455.862555994,-1495.04401643258,-265.758884150292
383539.633746107,-1543.31711067995,-274.10114856383
383625.939270841,-1587.04513050203,-281.631444919435
383714.52556944,-1626.09938220158,-288.327480189387
383805.130938463,-1660.3645861214,-294.169373445788
383897.487819081,-1689.73980376559,-299.139815730219
383991.324561373,-1714.1386929054,-303.224112310542
384086.365476434,-1733.4894975723,-306.410180802809
384182.330793197,-1747.73507629411,-308.688555900136
384278.936770102,-1756.83353537667,-310.052500901764
384375.898815679,-1760.75818355838,-310.497993731924
384472.93194395,-1759.49747340028,-310.023715681446
384569.75091566,-1753.0549243314,-308.631036985764
384666.069827889,-1741.44961327896,-306.324102867811
384761.6044823,-1724.71594951166,-303.109788813116
384856.07392106,-1702.90315858664,-298.997605880929
384949.200503606,-1676.07521954149,-293.999689194384
385040.709755505,-1644.31107179526,-288.130832420647
385130.331369433,-1607.70474160626,-281.408507118848
385217.801562035,-1566.36401953708,-273.852623294243
385302.863243118,-1520.41033799113,-265.485507238966
385385.266106612,-1469.97864956253,-256.331877634008
385464.7666808,-1415.21812958116,-246.418967173541
385541.130707846,-1356.29025341201,-235.776176687444
385614.133697136,-1293.36820946477,-224.434969656522
385683.560991731,-1226.63673012068,-212.4288412066
385749.207698062,-1156.29268137402,-199.79341820519
385810.880085391,-1082.54393270905,-186.566255488537
385868.396743249,-1005.60744234218,-172.786493565551
385921.588607415,-925.709183198901,-158.49484532911
385970.298983052,-843.084005230356,-143.733568049629
386014.383999115,-757.97633309193,-128.546582661575
386053.713826451,-670.637064031503,-112.978921489084
386088.172856267,-581.322861040553,-97.0766022446794
386117.65968361,-490.296041466128,-80.8866076053547
386142.087259234,-397.824960735386,-64.4569471915521
386161.383616703,-304.182877472446,-47.836454356031
386175.492020551,-209.645365572097,-31.0743269999167
386184.370958862,-114.490178565291,-14.2201033942442
386187.994093552,-18.9971232086411,2.67636309477201
386186.350866838,76.5516048708453,19.5648498989217
386179.446248748,171.874384983039,36.3952890399979
386167.300532235,266.691027442253,53.1179186904916
386149.949253478,360.722884116981,69.6833034590599
386127.443590836,453.692542251346,86.0422859275358
386099.850171294,545.325604780847,102.146301382411
386067.250202186,635.352556340388,117.947706277853
386029.739401106,723.508846446707,133.399793000523
385987.428089258,809.53484305963,148.456785222777
385940.441493855,893.176439260019,163.073947674493
385888.918044477,974.187416751928,177.207999649424
385833.009148588,1052.32969702793,190.817159009289
385772.87899839,1127.37344452814,203.861161349933
385708.705375076,1199.0970236745,216.301257336097
385640.677650027,1267.289043051,228.100568187772
385568.995834888,1331.74904725279,239.224205577222
385493.870436787,1392.28755421159,249.63927804546
385415.522856382,1448.72603585016,259.314890871324
385334.184804086,1500.89790340432,268.222318694925
385250.095730348,1548.64967370119,276.335203941902
385163.502684208,1591.84101910872,283.629565272879
385074.660090284,1630.34476489173,290.083796803734
384983.830560978,1664.04723702552,295.678732954033
384891.282134438,1692.84917346634,300.397800278244
384797.286929962,1716.66590593036,304.227045286187
384702.121077069,1735.42734238105,307.155131068669
384606.064890129,1749.0780528437,309.173352646873
384509.402318363,1757.57789218963,310.275744959793
384412.417989755,1760.90189706436,310.459054231997
384315.39692544,1759.04024635199,309.722729958601
384218.624386615,1751.99817971087,308.068909204535
384122.386273311,1739.79657845304,305.502519322866
384026.96640242,1722.47154119401,302.031192922749
383932.64534282,1700.07398011123,297.665191973873
383839.700325133,1672.66954241642,292.417393202649
383748.405465189,1640.33893600896,286.303343897855
383659.030358781,1603.17779499881,279.341232259952
383571.837999787,1561.29546759663,271.55166472575
383487.084674528,1514.81492789925,262.957649823835
383405.019924611,1463.87274296873,253.584589596047
383325.886250107,1408.61961094051,243.46037151307
383249.916757615,1349.21835130654,232.615003473129
383177.334785018,1285.84349997034,221.080540424618
383108.353824144,1218.68111228725,208.891047873246
383043.177571621,1147.92949409506,196.08272709962
382981.998316204,1073.79759656876,182.693624535857
382924.996008065,996.503432038759,168.763347054242
382872.338258318,916.274066203758,154.333060354759
382824.180342626,833.345868813292,139.445528848431
382780.664313545,747.963508390723,124.144932699197
382741.918266285,660.378251072618,108.476563628205
