386080.264375227,602.275153243119,106.197359327087
386044.611312628,691.152847912617,121.91432477848
386004.113997024,777.995422908278,137.270202705255
385958.892016243,862.546685123273,152.219426228908
385909.078801045,944.557440753152,166.717678191576
385854.820816439,1023.786577978,180.72208331171
385796.277386492,1100.0011644113,194.191226270823
385733.621300248,1172.97630241389,207.085128753675
385667.03765838,1242.49672087891,219.365531896148
385596.722325849,1308.35798154909,230.996110980665
385522.881834995,1370.36651417324,241.942481826353
385445.733455636,1428.33962244911,252.172203701873
385365.505452331,1482.10609617136,261.65488824942
385282.434194858,1531.50766838632,270.362458590831
385196.7637849,1576.39915848526,278.269174928855
385108.745866006,1616.64847074734,285.351634631828
385018.640300698,1652.13679044021,291.588807725824
384926.713260519,1682.75952249789,296.962203231126
384833.235170644,1708.42662612841,301.45592904746
384738.480656886,1729.06261101868,305.056691294468
384642.728501358,1744.60653390347,307.75379347918
384546.261815323,1755.01262107483,309.539246341044
384449.364870367,1760.25030714553,310.407774900154
384352.322479591,1760.30416535767,310.356806150079
384255.419867756,1755.17383852574,309.386456457337
384158.943066291,1744.87445243364,307.499603185341
384063.176853859,1729.43656208899,304.701874916028
383968.402928491,1708.90557458294,301.001548959655
383874.899829252,1683.3416946357,296.409541553501
383782.943021441,1652.82004263541,290.939426555389
383692.804208054,1617.4309692133,284.607489882372
383604.748784715,1577.27870320366,277.432489477509
383519.035591129,1532.48118432411,269.435625518188
383435.916794097,1483.1699053205,260.640510664774
383355.637974957,1429.49066275606,251.073300088271
383278.435792577,1371.60180847638,240.762381128121
383204.537250875,1309.67349687103,229.738239436946
383134.159639744,1243.8875406998,218.033432762276
383067.510607239,1174.43787984336,205.682669629447
383004.786930726,1101.52981691882,192.722672812254
382946.173176641,1025.37789929449,179.191803286701
382891.841655173,946.205821842266,165.130042885161
382841.952388229,864.246210012999,150.578952773411
382796.652764758,779.741493894376,135.581824432594
382756.076252943,692.940912405156,120.18314859899
382720.342154136,604.099599558502,104.428452869422
382689.55561471,513.478493106214,88.3642850152798
382663.807524643,421.344615781186,72.0382573563938
382643.17378497,327.970333280585,55.4989139874368
382627.715083537,233.630537622674,38.7952314502698
382617.476899603,138.602438725025,21.9765815956857
382612.489565016,43.1654101135248,5.09270181593654
382612.767705186,-52.3985595912637,-11.8062297309321
382618.310355599,-147.807659229483,-28.6700881084423
382629.101212598,-242.781381096841,-45.4490014507148
382645.108699986,-337.040616269776,-62.0933684561757
382666.285663388,-430.30739457331,-78.5538172073906
382692.569354233,-522.306319912335,-94.7814598077258
382723.882373739,-612.766715899415,-110.728271952843
382760.132748505,-701.422737329379,-126.34711280243
382801.213930256,-788.013387089524,-141.591730980805
382847.004302069,-872.282842163806,-156.416824773307
382897.368874356,-953.982943805103,-170.778481367483
382952.15960397,-1032.87356746327,-184.634242297807
383011.215577667,-1108.72272115491,-197.943121856448
383074.362270958,-1181.30644775216,-210.665593477917
383141.413216743,-1250.41073487302,-222.763925753936
383212.171206396,-1315.83241845828,-234.202341481385
383286.428404202,-1377.37921460626,-244.947023351263
383363.966099926,-1434.86970502089,-254.966113700753
383444.554893,-1488.13416078267,-264.229860442356
383527.957433449,-1537.01585996261,-272.710847091165
383613.928649778,-1581.3711723707,-280.384007577433
383702.215962235,-1621.06955771826,-287.226626017393
383792.558508083,-1655.99383766336,-293.218386717371
383884.689546104,-1686.04114250494,-298.341538178715
383978.338116462,-1711.12316151772,-302.580935301592
384073.229094844,-1731.16613165751,-305.924037292947
384169.083120606,-1746.11087642411,-308.360914340007
384265.616791412,-1755.91344237109,-309.884359661028
384362.545761974,-1760.54506519775,-310.489878714546
384459.585158818,-1759.99211898823,-310.175679562498
384556.44972447,-1754.25603923703,-308.942658474404
384652.853401077,-1743.3538281731,-306.794488499963
384748.51177302,-1727.31781261501,-303.737572479261
384843.143537944,-1706.19515992559,-299.780954690629
384936.470585033,-1680.04781371902,-294.936309086972
385028.217827746,-1648.95271997722,-289.217977159482
385118.114275751,-1613.00191817368,-282.64298133633
385205.895357491,-1572.30125492171,-275.230792843866
385291.303076524,-1526.97027075868,-267.00331126948
385374.086094519,-1477.14209308769,-257.984843239727
385453.999816501,-1422.9641144962,-248.202219818888
385530.808788093,-1364.59606831074,-237.684451129914
385604.28721707,-1302.20948329094,-226.462628523663
385674.219043181,-1235.98751022793,-214.569892757641
385740.397865241,-1166.12553911877,-202.041538985706
385802.628397486,-1092.82998239878,-188.914798102148
385860.727594678,-1016.31644063319,-175.228509157202
385914.524675522,-936.809629641277,-161.023106272908
385963.861145367,-854.543272300268,-146.340595743089
386008.591278908,-769.760738494187,-131.224665385501
386048.583350424,-682.711930221402,-115.72013036203
386083.719801078,-593.652638018296,-99.8728184955695
386113.89722238,-502.844423993973,-83.72954878131
386139.026518943,-410.555034071947,-67.338198395742
386159.033646619,-317.057170433238,-50.747483444878
386173.859770712,-222.625961786878,-34.006510062662
386183.461259284,-127.538841879718,-17.1647527413171
386187.809638789,-32.075431922169,-0.27203047512145
386186.892204177,63.4821488479731,16.621443258756
386180.711773984,158.852271315942,33.4655887484101
386169.286501242,253.754611773905,50.2106044891795
386152.649793211,347.910265088675,66.8069880131962
386130.8507217,441.041429862813,83.2054858002528
386103.953814552,532.873241867669,99.3574174064188
386072.038218387,623.135604760769,115.214998094924
386035.197629415,711.56327116164,130.731353267376
385993.540401419,797.895785976091,145.860512081309
385947.189820923,881.878135351503,160.557524476315
385896.282431492,963.263101027098,174.778873780182
385840.967823205,1041.8114988465,188.482518586697
385781.408444044,1117.29228190975,201.627912077173
385717.780400896,1189.48250754554,214.176000791576
385650.271437998,1258.16941344877,226.089586456802
385579.08003521,1323.15108477941,237.333441974867
385504.415258022,1384.23649402602,247.874318354039
385426.497185996,1441.24547845983,257.680944012057
385345.556243683,1494.0097659782,266.724204519236
385261.830697829,1542.37412983922,274.977340120781
385175.566531728,1586.19643375652,282.415953419019
385087.017219272,1625.3476319225,289.018009195137
384996.44454894,1659.71213059803,294.763901447433
384904.115774879,1689.18871649512,299.636609010352
384810.302362731,1713.6907351972,303.62172353999
384715.279913108,1733.14607275693,306.707445991045
384619.32836344,1747.49725284879,308.884604036459
384522.731353511,1756.70206100913,310.14676027779
384425.773306976,1760.73345628107,310.490187408507
384328.73917174,1759.57953683871,309.913861300609
384231.91426625,1753.24346018524,308.419445637741
384135.584674498,1741.74403363836,306.011396253288
384040.034470155,1725.1152819059,302.696875470807
383945.544605165,1703.40607036905,298.485681597415
383852.392816174,1676.6800247929,293.390234010724
383760.853859596,1645.01587251144,287.425631699253
383671.198044543,1608.50727879309,280.60961879825
383583.689185762,1567.26167151309,272.96236928369
383498.584503813,1521.40015670011,264.506471546246
383416.134597702,1471.05750278714,255.266922865122
383336.583107042,1416.38264524502,245.271215459209
383260.164357912,1357.53669461286,234.548975443324
383187.10300815,1294.69255915658,223.131894554065
383117.61396694,1228.0347453241,211.05369314457
383051.902444994,1157.76010656766,198.350248608566
382990.162294342,1084.07617057417,185.059293212814
382932.575106473,1007.19962824947,171.220142772335
382879.310197524,927.356254289796,156.873682313343
382830.524591672,844.780951523314,142.062369610994
382786.362383407,759.718030940999,126.83028016316
382746.953600927,672.418119689861,111.222555372552
382712.414098953,583.137732889289,95.2853260566907
382682.845579604,492.139133409864,79.0656864877
382658.33535447,399.690856527212,62.6117806856765
382638.955624314,306.065985428867,45.972494646686
382624.763376429,211.539963960043,29.1970679469203
382615.800395998,116.390521160645,12.3350802603483
382612.09327167,20.897634418303,-4.56355890076496
382613.652777642,-74.6564314242483,-21.4486085173662
382620.474213062,-169.990154712787,-38.2700311568007
382632.537539251,-264.82332416859,-54.9780932628542
382649.807329197,-358.87691848932,-71.523345603759
382672.23260271,-451.87348250159,-87.8566948866795
382699.747280092,-543.539161528564,-103.929760969448
