386188.1,0,0
386185.466685525,95.5254100656584,16.8930293692547
386177.57436551,190.769830164168,33.7360754148958
386164.446415023,285.452264979273,50.4791555509299
386146.121641577,379.293646313286,67.0726321575014
386122.653919821,472.018078502115,83.4674332996055
386094.1120669,563.352983772931,99.6150796815136
386060.580377806,653.028791132377,115.467633191582
386022.157938312,740.781002153238,130.978063169617
385978.957757963,826.351589657603,146.100494947939
385931.106675216,909.489069207239,160.790222926374
385878.74563781,989.94838281137,175.003693272742
385822.0295169,1067.49196502596,188.698693437803
385761.125286839,1141.89165416495,201.834691501882
385696.211886571,1212.92880635696,214.372856549428
385627.480058187,1280.39436280127,226.276072355942
385555.133118124,1344.08903513667,237.508971690579
385479.384412966,1403.82519225711,248.038270886674
385400.456597728,1459.42725984585,257.832841010218
385318.581455362,1510.73174417433,266.863712391517
385234.000434278,1557.58727314399,275.10408342764
385146.963621575,1599.85560647664,282.529499397198
385057.727185961,1637.41242228465,289.117992261093
384966.553282744,1670.14733771837,294.850084365755
384873.709871939,1697.963883994,299.708784190081
384779.471392631,1720.77996758776,303.679668128134
384684.115864359,1738.52843995275,306.750981119041
384587.923650593,1751.15711892044,308.913640461057
384491.177375556,1758.62875741378,310.161230176842
384394.162158546,1760.92119681284,310.490027267956
384297.164683917,1758.0278514427,309.899086939099
384200.470483426,1749.95727853737,308.390165898963
384104.363736873,1736.73312419589,305.967712716273
384009.127148149,1718.39404198527,302.638852203357
383915.042151316,1694.99433969104,298.41349831614
383822.386067223,1666.60307474172,293.30419308378
383731.431307618,1633.30366802731,287.326037797037
383642.445272519,1595.19379120192,280.496672360725
383555.690580462,1552.38585273592,272.83635832467
383471.423300914,1505.00635967258,264.367864828335
383389.891333651,1453.19467238268,255.116247052833
383311.334346314,1397.10292046585,245.108831100848
383235.983788451,1336.89608123339,234.375224630257
383164.062294699,1272.75225229626,222.947362942652
383095.781656207,1204.86037011717,210.859103718071
383031.342602764,1133.41990673381,198.146172999653
382970.934738938,1058.64062747605,184.846120532915
382914.736495999,980.743459209803,170.9984689592
382862.913624704,899.958413094103,156.644345115065
382815.618538936,816.52304694225,141.826206748176
382772.990313844,730.682410090281,126.587832566774
382735.154667161,642.689073818845,110.974323179821
382702.223300918,552.803307988378,95.0321295652405
382674.293158707,461.289948816215,78.8084977920555
382651.446369205,368.417921698047,62.3513841064242
382633.750284266,274.460104454635,45.7094294409696
382621.257160953,179.693814811823,28.9320400062877
382614.003706317,84.398868765627,12.069043378204
382612.011234825,-11.1444161780685,-4.82966570514889
382615.285696087,-106.655297798426,-21.7141391489726
382623.817626177,-201.852561928556,-38.5343711998503
382637.58161136,-296.454877376575,-55.2403639167292
382656.537025833,-390.183651148051,-71.782632116159
382680.628173397,-482.763399751628,-88.1122692836521
382709.784407876,-573.921884653946,-104.180973306218
382743.919483889,-663.389854430428,-119.941005268188
382782.932577559,-750.903518499607,-135.345626053551
382826.708951096,-836.205577081767,-150.349278489675
382875.120062443,-919.045298108417,-164.907601374933
382928.023165402,-999.178364035379,-178.977406377856
382985.261807343,-1076.36822637602,-192.516917542223
383046.667498777,-1150.38780696971,-205.486070803122
383112.059817775,-1221.01957225543,-217.846527129694
383181.246485679,-1288.05557197317,-229.561681240797
383254.022773868,-1351.29778755564,-240.596725411026
383330.174130585,-1410.55998349205,-250.918973632785
383409.476716253,-1465.66799778237,-260.497912517172
383491.697614674,-1516.45976849976,-269.30520607332
383576.594151777,-1562.78540375681,-277.314710627462
383663.915378513,-1604.50828605038,-284.50266787359
383753.404339504,-1641.50573911265,-290.847819821487
383844.798125961,-1673.66903656876,-296.331410269877
383937.828024802,-1700.90338251943,-300.937181294727
384032.218940546,-1723.12844621483,-304.65146886205
384127.692511882,-1740.27885961644,-307.463285704771
384223.968061516,-1752.3042259627,-309.364321330758
384320.76269885,-1759.16907983335,-310.348934641912
384417.790997091,-1760.85311056799,-310.414193010913
384514.766311266,-1757.35155930254,-309.559939930453
384611.403254432,-1748.67478939516,-307.788714442883
384707.417831539,-1734.84824372104,-305.105743290178
384802.527511006,-1715.91240257074,-301.518931911965
384896.451218784,-1691.92339724089,-297.038971604509
384988.912224518,-1662.95200757593,-291.67915645822
385079.63873313,-1629.08336860984,-285.455330124707
385168.363999239,-1590.41684383439,-278.385862262717
385254.826089124,-1547.06660148237,-270.491747928174
385338.769915451,-1499.16070649383,-261.796442555422
385419.948602263,-1446.84004581525,-252.325668512169
385498.123540512,-1390.25823857148,-242.107398785304
385573.064331094,-1329.58183245171,-231.171888277396
385644.549621836,-1264.9902934874,-219.551668769279
385712.368995414,-1196.67380872097,-207.281155540417
385776.323113253,-1124.83308142617,-194.396610650706
385836.223784457,-1049.67907147248,-180.936094609919
385891.894066452,-971.433944178416,-166.939630027491
385943.169854994,-890.328610607344,-152.448762610424
385989.900394107,-806.60150415758,-137.506342879483
386031.948276738,-720.498503416464,-122.156512192702
386069.189480627,-632.273086060382,-106.444725048682
386101.514106416,-542.186160074953,-90.4177157873326
386128.827036658,-450.503032746001,-74.1229601126306
386151.047971944,-357.493078362108,-57.608615875887
386168.111388594,-263.429588658094,-40.9234949721743
386179.966930851,-168.590303722312,-24.1171511311139
386186.579781678,-73.2551114081973,-7.23947217951054
386187.930509078,22.295641877039,9.65961947078031
386184.015031861,117.781223565498,26.5301798755439
386174.844735137,212.920381519541,43.3222246073648
386160.446915602,307.432029339298,59.9858527635246
386140.864030099,401.037955120128,76.471724850272
386116.153593583,493.463077393729,92.7311080766406
386086.388070254,584.435569438367,108.7159003858
386051.655547777,673.686688595053,124.37860531396
386012.058533004,760.953407023513,139.672794286161
385967.713433432,845.979201438846,154.553245461575
385918.750428808,928.514142032287,168.975959858938
385865.313978862,1008.31471896328,182.898135604376
385807.562018945,1085.1454534638,196.278450882214
385745.66446973,1158.78037832741,209.077322221864
385679.80314498,1229.0030907433,221.256913724913
385610.171787121,1295.60675871186,232.781140463784
385536.976411094,1358.39465692906,243.615765341984
385460.432684323,1417.18193717137,253.728704767116
385380.76554354,1471.79583214731,263.090063763015
385298.208955697,1522.07568503353,271.672140958983
385213.006728339,1567.87306058632,279.449452151535
385125.410574249,1609.05292560575,286.398932979348
385035.678163403,1645.4941986828,292.50003048254
384944.073085321,1677.08975092116,297.734703121233
384850.864772503,1703.74640085427,302.087419778252
384756.328876238,1725.38551461563,305.545267145079
384660.744055418,1741.9434301556,308.098014325972
384564.391266267,1753.37145798221,309.738110698868
384467.553641875,1759.63583334802,310.46067685179
384370.516889557,1760.71801666092,310.263557961772
384273.567583599,1756.61498671425,309.14736972039
384176.990967432,1747.3388293671,307.115417949593
384081.070858776,1732.91669871032,304.173691330419
383986.089649162,1713.39083420993,300.330862781982
383892.328042699,1688.81909723847,295.59838224592
383800.062215641,1659.27391637951,289.990279895302
383709.563391433,1624.84207228931,283.523126419561
383621.097715409,1585.62456012602,276.216007039781
383534.926477028,1541.73724626077,268.090635567818
383451.303834436,1493.30969361876,259.171138161321
383370.475709202,1440.48427381802,249.483891745135
383292.679726614,1383.41606117365,239.057504590109
383218.145307803,1322.27315543883,227.92286992534
383147.092582763,1257.2363505847,216.113102208928
383079.730674979,1188.49707605521,203.663165874169
383016.257610645,1116.25725976713,190.609850609667
382956.860255793,1040.72909735317,176.991727548094
382901.714120414,962.13597173811,162.84930765383
382850.981736368,880.709717240892,148.224551161978
382804.81227374,796.689678571797,133.16069907026
382763.341540964,710.322607328799,117.702254315703
382726.691920793,621.862949042849,101.895027118383
382694.971560205,531.572275826668,85.7860302816458
382668.273799604,439.716428068442,69.4229704955947
382646.677151375,346.565298107083,52.8542097377929
382630.245284083,252.39301561933,36.128795535699
382619.026668535,157.477450498631,19.2963670463042
382613.054332332,62.098086054049,2.40677893294636
