386108.455153851,612.379875908123,107.979094565504
386073.159845707,700.538581250402,123.570071415332
386033.176770677,786.735240437018,138.812873955366
385988.618236204,870.727974913416,153.664471719365
385939.609322661,952.281290095779,168.082974499634
385886.287109166,1031.16711260067,182.027816459822
385828.800528113,1107.16487198424,195.45977119239
385767.310818493,1180.06135979744,208.34092938252
385701.990888735,1249.6519255896,220.634911094936
385633.023594117,1315.7418509784,232.307110262744
385560.601664973,1378.14639192335,243.324702265931
385484.927500177,1436.69083386042,253.656655157174
385406.214052928,1491.21067715016,263.273763367254
385324.682187849,1541.55313840769,272.148914381077
385240.559887966,1587.57746878886,280.257145617193
385154.082163979,1629.15495535418,287.575644769949
385065.491243982,1666.16895412926,294.083756530894
384975.03639781,1698.51557849978,299.763104491803
384882.971066041,1726.10430096933,304.597698406927
384789.552579898,1748.85798365894,308.573939719153
384695.042021307,1766.71284105259,311.680614910966
384599.70472439,1779.61872361757,313.908945297474
384503.808530752,1787.53955944258,315.252665221132
384407.621812665,1790.4532083454,315.70799634383
384311.413419205,1788.35144777709,315.273645134631
384215.452595192,1781.23993379709,313.950794974605
384120.009149843,1769.13880236768,311.743211608917
384025.350643917,1752.08205997837,308.65713503743
383931.741773215,1730.11736425764,304.701240508248
383839.44426523,1703.30593458705,299.886622210271
383748.71715222,1671.72294238239,294.22685991184
383659.815246498,1635.45724470624,287.737971242104
383572.987363893,1594.61033947145,280.438226042703
383488.476261261,1549.29631113384,272.348136650511
383406.518580013,1499.64176180655,263.490443332321
383327.344708655,1445.78642843302,253.890221432381
383251.176547824,1387.88132616619,243.574551841891
383178.22710178,1326.08831544772,232.572443957624
383108.700414748,1260.5799448416,220.914807034966
383042.791658877,1191.5399785279,208.634539405782
382980.685920557,1119.16254155318,195.766376281217
382922.557026791,1043.65022229214,182.346552726838
382868.567516713,965.21401354195,168.412793153782
382818.86860749,884.07305551934,154.004263141204
382773.599965357,800.455594673137,139.161735330668
382732.888502939,714.596346124531,123.927121937345
382696.84808917,626.735421052675,108.343284105168
382665.579554143,537.118282670491,92.4540239359471
382639.170671822,445.995779678915,76.3040859720088
382617.69553966,353.624251870256,59.9391734603717
382601.214255496,260.26259344331,43.4054280851699
382589.772921373,166.171798252777,26.7493490212201
382583.403691466,71.6148422813044,10.0177711797483
382582.124484878,-23.1429253506871,-6.74207082445279
382585.938704037,-117.835312500581,-23.4828137384193
382594.835628252,-212.197308928255,-40.1573246166479
382608.790440732,-305.965158480578,-56.7187137194362
382627.764276242,-398.876432363789,-73.1203504900761
382651.703614608,-490.669957663141,-89.3158540437024
382680.541230802,-581.088464974942,-105.259561043511
382714.196479252,-669.879143554481,-120.906624141309
382752.575405499,-756.793739454401,-136.213030074256
382795.570283183,-841.588321759832,-151.135562539087
382843.060166051,-924.024838285944,-165.632077023298
382894.91209861,-1003.87263912071,-179.66176983157
382950.981176445,-1080.90852468799,-193.185186641632
383011.110599287,-1154.91678125674,-206.164230998003
383075.131098596,-1225.68943988511,-218.562212255658
383142.863126319,-1293.02823863105,-230.344190465483
383214.117294,-1356.74493307503,-241.477031080802
383288.694554784,-1416.66134273187,-251.929413375556
383366.385628456,-1472.60932068786,-261.671827837682
383446.971997563,-1524.43183965019,-270.676766998698
383530.228036493,-1571.98392515546,-278.918888247448
383615.9210708,-1615.13267603097,-286.375017409693
383703.811603789,-1653.75726166685,-293.024148412408
383793.652482709,-1687.7492309897,-298.847499759361
383885.191463737,-1717.01336835017,-303.828662191994
383978.172490128,-1741.46786886846,-307.953628080324
384072.335734524,-1761.04432874102,-311.210789630284
384167.417571447,-1775.6877632428,-313.590941799647
384263.150567981,-1785.35720555758,-315.087388001789
384359.266426425,-1790.02567337604,-315.695929525383
384455.496433649,-1789.68011221246,-315.414854773181
384551.571584192,-1784.3213290017,-314.244926961443
384647.222195988,-1773.96435339605,-312.1894471502
384742.179642698,-1758.6384552511,-309.254254250313
384836.178203542,-1738.38655397096,-305.447617075899
384928.955124302,-1713.2651830139,-300.780227884734
385020.250652801,-1683.3444679604,-295.265196579946
385109.808159892,-1648.70868619823,-288.918148085971
385197.376693843,-1609.45497737132,-281.756989239505
385282.711412984,-1565.69305716988,-273.801857137114
385365.573682233,-1517.54508093637,-265.075093964869
385445.730873052,-1465.14618922462,-255.601340528862
385522.957969196,-1408.64366238184,-245.407383287735
385597.038891695,-1348.19559841093,-234.52191719998
385667.766531946,-1283.97085670958,-222.975535583985
385734.942789746,-1216.14897928146,-210.800713003588
385798.378863721,-1144.92082235157,-198.031914102868
385857.897006785,-1070.48609522484,-184.705154092069
385913.330803266,-993.052855156627,-170.857908429363
385964.525188885,-912.837352313499,-156.529084621584
386011.336477505,-830.064472652438,-141.759095673277
386053.633249089,-744.967035966574,-126.589733344391
386091.297127319,-657.783309055033,-111.063725566247
386124.222805538,-568.756887663058,-95.224715362508
386152.318020697,-478.136534488985,-79.1172304033886
386175.50387012,-386.176801542513,-62.7867873621901
386193.715417622,-293.135922980069,-46.2795181689553
386206.901730281,-199.27417471606,-29.6418785837776
386215.025867295,-104.853836198614,-12.9206413298795
386218.064877331,-10.1391665334902,3.83711189375791
386216.01038777,84.6035407304453,20.5839845549065
386208.868250172,179.108789177526,37.2727657542789
386196.658413154,273.112382901771,53.8565194606727
386179.414839358,366.351541562941,70.2886057030711
386157.185917166,458.564571230875,86.5226277558277
386130.034240441,549.492583879403,102.512735882876
386098.035814836,638.881180245179,118.213923884629
386061.28000985,726.480507709001,133.582039374442
386019.869562879,812.045270421561,148.573788520125
385973.921069734,895.335005425418,163.146787940924
385923.563364211,976.116397923188,177.259970327014
385868.937223397,1054.16361555865,190.873643092989
385810.195201781,1129.25839508947,203.949504115248
385747.502266871,1201.18990258084,216.450621623946
385681.034614079,1269.75628518437,228.341705355969
385610.97824235,1334.765741039,239.589292409206
385537.528897296,1396.03654039174,250.161750881997
385460.891977114,1453.39705497661,260.029286346286
385381.28320044,1506.68611211774,269.164007280866
385298.92582684,1555.75443337341,277.540171595063
385214.050102902,1600.46484487255,285.134222417814
385126.893141954,1640.69227670056,291.924787728695
385037.699268599,1676.32382845432,297.892693819686
384946.719383221,1707.25952661444,303.021097267234
384854.208299013,1733.41281082488,307.295562939987
384760.42457464,1754.71054888899,310.704066176656
384665.630358032,1771.09299310075,313.236984411138
384570.091948248,1782.51415195303,314.887164248951
384474.077622583,1788.94212104634,315.649972964582
384377.856014316,1790.3589282088,315.523265803741
384281.696066532,1786.76051348047,314.507382239285
384185.867043084,1778.15674756959,312.605148017973
384090.638384288,1764.57198133126,309.821971066403
383996.276936619,1746.04434501902,306.165708056004
383903.046539079,1722.62559248693,301.646635327613
383811.20790372,1694.38099494702,296.277428964554
383721.018922235,1661.38984440872,290.073252374114
383632.732785751,1623.74489740812,283.05165118812
383546.596526303,1581.55147170923,275.232387907218
383462.850970104,1534.92739216955,266.637432009835
383381.730744248,1484.0030273325,257.290963649458
383303.463868855,1428.92169798666,247.219442844195
383228.269619015,1369.8377761455,236.451265047192
383156.35825911,1306.91639257431,225.016708208635
383087.930969838,1240.33324903169,212.947898109628
383023.17992838,1170.27529567529,200.278924331068
382962.286896457,1096.93942224359,187.045603279207
382905.422266753,1020.53083247546,173.285186269559
382852.745050865,941.263005155401,159.036352515284
382804.402854857,859.357506611757,144.339172574741
382760.531530458,775.044820409559,129.235250761408
382721.25402515,688.561483017077,113.767213729932
382686.680185254,600.149299414604,97.9785703926806
382656.906765293,510.055272840715,81.9136991727695
382632.017371106,418.531773395001,65.617872717372
382612.081802797,325.836232375348,49.1371999586857
382597.155835249,232.228337451437,32.5181284071562
382587.281226224,137.969744245819,15.8073928148275
382582.485809789,43.3238445731864,-0.948026842252037
382582.78305093,-51.443572517237,-17.700795033982
382588.171871043,-146.06619918777,-34.4035537393467
382598.637128168,-240.279241777818,-51.0092811044386
382614.149624068,-333.819442946117,-67.4712953612595
