383490.95,1550.60027794274,273.412665295349
383408.912333784,1501.06390591247,264.650684933993
383329.651047166,1447.32250005267,255.142858718366
383253.388593807,1389.52697119599,244.916045637272
383180.338834185,1327.8395254875,233.999119398099
383110.706090074,1262.43267888525,222.422794508455
383044.685092456,1193.48911230395,210.219600160359
382982.461039877,1121.2020392697,197.423941365379
382924.208689039,1045.77479258335,184.072025135125
382870.091091043,967.418571551682,170.201461754932
382820.259536834,886.352322373968,155.85124354102
382774.853542662,802.802507037269,141.06170191806
382734.000648872,717.003936800252,125.874650513451
382697.815386922,629.197565195486,110.3329951409
382666.398954743,539.629002581052,94.480470142728
382639.839220435,448.548489796053,78.3616336345464
382618.210729696,356.210840400744,62.0218533922861
382601.574123994,262.875748589198,45.507358813228
382589.975921057,168.804855550278,28.8647216264723
382583.448548644,74.2611410676117,12.1407476480049
382582.010393601,-20.4911817451266,-4.61754264732759
382585.665544117,-115.18633604781,-21.3628604893576
382594.403525437,-209.558308807783,-38.0478840391223
382608.19981934,-303.342989160996,-54.6256376985745
382627.015899842,-396.278259898972,-71.049508458149
382650.799306085,-488.104092716556,-87.2732655344687
382679.483011187,-578.562421411276,-103.25104067702
382712.986478866,-667.399724599824,-118.93778534988
382751.216017054,-754.367638077558,-134.289379570963
382794.064890131,-839.223043761292,-149.262648351943
382841.412881576,-921.72786653048,-163.815329431881
382893.126812288,-1001.65048950844,-177.906323836759
382949.061908178,-1078.76731015507,-191.495971679657
383009.061864973,-1152.86279147935,-204.546061312946
383072.95895723,-1223.729516321,-217.019840908887
383140.573355188,-1291.16837074475,-228.882052625475
383211.715416611,-1354.99042433266,-240.099264851103
383286.186236106,-1415.01727770281,-250.639933838154
383363.777811386,-1471.08109591868,-260.474409853888
383444.272577627,-1523.02459834197,-269.574937382584
383527.444080453,-1570.701982589,-277.915818345301
383613.059421271,-1613.97985895409,-285.473576843337
383700.879366872,-1652.73728219101,-292.226964790816
383790.658534612,-1686.86573651032,-298.156959397798
383882.144692364,-1716.26940527935,-303.246811796032
383975.080876565,-1740.86592114869,-307.482178461661
384069.207082228,-1760.58651770331,-310.851147284888
384164.260293334,-1775.37602348469,-313.344236486093
384259.974550173,-1785.19284342971,-314.954390833369
384356.080700946,-1790.00954683932,-315.677085404782
384452.30933995,-1789.81273850144,-315.510300699881
384548.391430627,-1784.60295083989,-314.454503065467
384644.058412748,-1774.39457939148,-312.512632890939
384739.041885008,-1759.21619373639,-309.690158128895
384833.075052616,-1739.11059398931,-305.995082853792
384925.894750251,-1714.13406460553,-301.43781325233
385017.241521518,-1684.35633058279,-296.031149740711
385106.859697698,-1649.86048573369,-289.790272393069
385194.497382006,-1610.74362381216,-282.73285087595
385279.90894937,-1567.11545189117,-274.878796486858
385362.855574755,-1519.09790223396,-266.250192700673
385443.105315432,-1466.82500245657,-256.87127140666
385520.432947359,-1410.4433543514,-246.768494226806
385594.621336206,-1350.11145666325,-235.970430812005
385665.462863943,-1285.99813909717,-224.507479572771
385732.759469215,-1218.28250085005,-212.411856667071
385796.322709171,-1147.15373158993,-199.717561450128
385855.973927854,-1072.81194424639,-186.460520762342
385911.545917236,-995.465666765025,-172.678142823714
385962.883266978,-915.331117873014,-158.409188189497
386009.84237225,-832.632103337555,-143.693750945435
386052.291461877,-747.600251739252,-128.573295647528
386090.111333594,-660.474778330504,-113.090613454781
386123.196102881,-571.499725685245,-97.2893321537101
386151.453243122,-480.92372715706,-81.2138740013891
386174.803555078,-388.999864548713,-64.9094292212206
386193.181441146,-295.986194340685,-48.4220434956628
386206.53544568,-202.143989568018,-31.7983063910118
386214.828214051,-107.735826322017,-15.0850117565461
386218.036481622,-13.0255344521879,1.6708511017157
386216.151042209,81.7218773339052,18.4221139909188
386209.177346043,176.240043019982,35.1214019459075
386197.135035998,270.264037016376,51.7216277836576
386180.057762655,363.53098108893,68.176099743179
386157.993100236,455.780149565095,84.4385408323739
386131.002931234,546.752680508839,100.463042627447
386099.163235361,636.193125898006,116.204339418976
386062.563151144,723.851215509423,131.618119529608
386021.30492305,809.481920679283,146.661036648259
385975.503862085,892.845493789141,161.290719414861
385925.288909114,973.707650660857,175.465806554122
385870.800890436,1051.84183775511,189.14634516402
385812.192147752,1127.02961137548,202.293857470691
385749.626375059,1199.06071232806,214.871354410821
385683.279206595,1267.73295132161,226.84331920702
385613.337170837,1332.85358191014,238.175948257675
385539.996034287,1394.24042073458,248.837346698433
385463.460748328,1451.72186971847,258.797532274324
385383.945247164,1505.13695613349,268.028443259105
385301.673341854,1554.33560109617,276.503988679244
385216.875883196,1599.17995807199,284.200279395155
385129.789987189,1639.54466172586,291.095670775762
385040.658959688,1675.31682367047,297.170761821125
384949.732455777,1706.39607212293,302.408403033096
384857.266305614,1732.6952201769,306.793814268242
384763.519607328,1754.14068929094,310.314653358179
384668.754414057,1770.6725223765,312.961017783558
384573.235599337,1782.24433838962,314.725436159172
384477.231326046,1788.82364206878,315.602923376504
384381.011281422,1790.39214513305,315.591033229854
384284.84473814,1786.94549724519,314.689806154492
384189.000497833,1778.49326626569,312.901765562976
384093.746828805,1765.05890529915,310.231910592595
383999.351533032,1746.68034749605,306.687820392185
383906.079187944,1723.40920082274,302.279504679143
383814.190598176,1695.31051118614,297.019360298919
383723.942691041,1662.46265917562,290.922152085481
383635.588779101,1624.9578040545,284.005089317137
383549.376952509,1582.90143262513,276.287741454541
383465.548459335,1536.41124839199,267.791836889497
383384.337654177,1485.61711645709,258.541252949698
383305.971956652,1430.66100986117,248.562003635844
383230.671629843,1371.69759280101,237.882340154986
383158.647671065,1308.89218913621,226.532385398869
383090.101464181,1242.42035841628,214.544057671396
383025.224724094,1172.46772560189,201.951039533384
382964.199554528,1099.23053536461,188.788871640577
382907.197289857,1022.9147223065,175.09478454389
382854.377441441,943.733900122993,160.907339124315
382805.887673754,861.90930436851,146.266416330087
382761.863791809,777.669556274817,131.213172752977
382722.429462525,691.251537171953,115.790190544577
382687.695201188,602.897822249752,100.04102044655
382657.758136301,512.855500981931,84.0099715895358
382632.7020174,421.376133372378,67.7421035907172
382612.597194564,328.715787933033,51.2832288629984
382597.500005195,235.135063963174,34.6799126637471
382587.452649887,140.896189612246,17.9789588624676
382582.483224772,46.2625866531936,1.22733257998846
382582.605780936,-48.5012514911045,-15.5278623092954
382587.819981299,-143.129366123991,-32.239319441803
382598.110985173,-237.356032140623,-48.8598309158285
382613.449944915,-330.917611443866,-65.3426145402344
382633.794038747,-423.552615528905,-81.6413249579747
382659.086486977,-515.001736266892,-97.7100622157397
382689.255994269,-605.007956967019,-113.503395420206
382724.217906423,-693.319117879614,-128.976813104796
382763.874470863,-779.688348627886,-144.086799250532
382808.11496838,-863.874169559024,-158.790851734014
382856.815164383,-945.640271372426,-173.047448692426
382909.838145704,-1024.75719692191,-186.816343174359
382967.035519404,-1101.00364516223,-200.05879035604
383028.247474191,-1174.16650775661,-212.737553916745
383093.302789876,-1244.04088438269,-224.816910893392
383162.018359259,-1310.43045786414,-236.262720875141
383234.201537549,-1373.14929814281,-247.042736999305
383309.650537312,-1432.02210220837,-257.126647207438
383388.154629318,-1486.88423120804,-266.486080461092
383469.493518965,-1537.58171574706,-275.094611647338
383553.438456293,-1583.97229524774,-282.92794122222
383639.75444929,-1625.92620662543,-289.964026937741
383728.200319659,-1663.32619932522,-296.183086323762
383818.528896588,-1696.06751754149,-301.567593022707
383910.486276701,-1724.05824106211,-306.102340247432
384003.814282202,-1747.21998387318,-309.774554807115
384098.251863285,-1765.4879937801,-312.573909456103
384193.535136971,-1778.81114103407,-314.492520704895
384289.397373246,-1787.15193289441,-315.524950820867
384385.569003284,-1790.4871024252,-315.668311509247
384481.780530902,-1788.80739374113,-314.922214236099
384577.762991079,-1782.11747436874,-313.288752834191
384673.248141265,-1770.43581996274,-310.772481926918
384767.967962056,-1753.7951702507,-307.380497710924
384861.656304738,-1732.24249484108,-303.122424811514
384954.050976191,-1705.83813826701,-298.010256221852
385044.893777092,-1674.65580078269,-292.058349733297
