384715.709751816,-1763.27757692543,-310.913411290199
384810.005350002,-1744.35840209668,-307.566120390479
384903.152587673,-1720.5528129422,-303.352069410221
384994.890032267,-1691.92769584677,-298.28316931812
385084.960424413,-1658.56342443087,-292.373737419851
385173.111830027,-1620.55330128612,-285.64039918055
385259.097747538,-1578.00343154014,-278.102065367591
385342.676886343,-1531.03315983362,-269.780006432753
385423.614572627,-1479.77455316794,-260.697760979826
385501.684312696,-1424.37106757002,-250.88090005244
385576.667843395,-1364.97748384247,-240.357015682011
385648.355182071,-1301.75981559473,-229.155701842975
385716.544844673,-1234.89596254389,-217.308667812385
385781.04575044,-1164.57341846284,-204.849332849608
385841.677550495,-1090.98876223515,-191.812735894788
385898.270662207,-1014.34748902734,-178.235504973111
385950.666261773,-934.864486818135,-164.1559368676
385998.717231169,-852.763350400132,-149.61387530497
386042.28909507,-768.273961712187,-134.650282171417
386081.260051619,-681.632384944522,-119.307218847667
386115.520956908,-593.0806947198,-103.627813976564
386144.975597337,-502.867641731429,-87.656376210199
386169.541444534,-411.246605634817,-71.4380325521906
386189.149805836,-318.473904296317,-55.0184280827629
386203.745818141,-224.808761928357,-38.4437202220113
386213.28843029,-130.513246321927,-21.7605639583404
386217.750994683,-35.8524928086259,-5.01614873976322
386217.121126079,58.9081718617278,11.7423106822342
386211.400591498,153.503834475446,28.4676818594981
386200.605242872,247.670102690312,45.1129344991757
386184.765346603,341.14278665552,61.6310887550575
386163.925598396,433.659393258869,77.9754798875511
386138.144380283,524.961050404745,94.1000994941979
386107.49371582,614.792580785468,109.959608706183
386072.059220255,702.902557416625,125.509350833739
386031.940694347,789.043375237132,140.705366395633
385987.250692568,872.973693131842,155.504825107074
385938.114173809,954.458890600931,169.86610697586
385884.668359644,1033.27115369512,183.748818226732
385827.063273597,1109.18930802114,197.113765152497
385765.460873016,1182.00029160267,209.923214426815
385700.033577067,1251.50043673953,222.141119944273
385630.964207456,1317.49550181964,233.733128499445
385558.445868532,1379.80071324627,244.666588854908
385482.682659572,1438.24103171271,254.910600369344
385403.887069942,1492.6527613028,264.436296499126
385322.279389968,1542.88382179226,273.216892917104
385238.087576183,1588.7937575726,281.227689170964
385151.547615684,1630.25377814104,288.446077293032
385062.902953479,1667.14755320716,294.85168208008
384972.401841814,1699.37187439545,300.426476679446
384880.297180744,1726.8366803412,305.15478697695
384786.846359352,1749.46502269821,309.023285447221
384692.311846107,1767.19338820041,312.021048506548
384596.959124277,1779.97218994637,314.139641699475
384501.054957953,1787.7657149625,315.37310903439
384404.867350837,1790.55211122867,315.717970626577
384308.66551089,1788.32337751414,315.173219953095
384212.719907417,1781.08594864121,313.740426732958
384117.299417305,1768.86019510466,311.423645583318
384022.670804706,1751.68026556701,308.229387547563
383929.098607597,1729.59399807388,304.166603758549
383836.845451058,1702.66333793399,299.246757436977
383746.170354505,1670.9640525447,293.483771414415
383657.327027761,1634.58483642958,286.893867533886
383570.56381484,1593.62726248308,279.495557856819
383486.123664404,1548.20575884475,271.309638154957
383404.243904669,1498.44814618166,262.359280968979
383325.153945728,1444.49389547464,252.669724255003
383249.07491834,1386.49378247458,242.268209549135
383176.219597421,1324.60972421298,231.183951982717
383106.792518606,1259.01537119289,219.448241235607
383040.988581504,1189.89506688899,207.094255313949
382978.991914988,1117.44220259841,194.156767221264
382920.975855816,1041.85916846089,180.672136183159
382867.102905261,963.357136504834,166.6782661366
382817.524472574,882.156989467896,152.214766653565
382772.379519572,798.486525688506,137.322456117732
382731.794295914,712.579646192963,122.043216976305
382695.882342977,624.676292400863,106.419984437673
382664.744460908,535.022563164495,90.4967623556526
382638.468047175,443.870646684299,74.3186086425363
382617.126659374,351.475928209088,57.9311222583243
382600.780001093,258.096635637653,41.3803800783788
382589.473966117,163.99371350032,24.7129135190626
382583.24034059,69.4312610615029,7.97578046922063
382582.096468064,-25.325123210453,-8.78372812726693
382586.045532517,-120.010297387351,-25.5184348516831
382595.076579864,-214.359638184885,-42.1812869047935
382609.164551965,-308.109103088857,-58.725370260188
382628.269690086,-400.995169362814,-75.1039024912409
382652.338355936,-492.757531301554,-91.2707088216552
382681.303274113,-583.139639952117,-107.180317655751
382715.083638221,-671.888806589443,-122.787979596343
382753.58465055,-758.755945606256,-138.049626729456
382796.698025578,-843.497195955881,-152.922158660684
382844.30309237,-925.875465967922,-167.363714459151
382896.266852785,-1005.66048318314,-181.333681490571
382952.4440066,-1082.62881970294,-194.792702307003
383012.676430542,-1156.5641805745,-207.702728220279
383076.795242235,-1227.25944781218,-220.027376998558
383144.621185526,-1294.51698437175,-231.731986130195
383215.964814874,-1358.14869175482,-242.783623166669
383290.62587476,-1417.97595675015,-253.151079861892
383368.39444238,-1473.83086492765,-262.805084322758
383449.052834619,-1525.55715547147,-271.718466270144
383532.375652536,-1573.01023718801,-279.866159804495
383618.130013994,-1616.05720085891,-287.225205769377
383706.074668461,-1654.57713907761,-293.774811043831
383795.962784196,-1688.46213332224,-299.496516697398
383887.542971414,-1717.61744653265,-304.374229901002
383980.559338293,-1741.96151300362,-308.394221997318
384074.751399553,-1761.42597599267,-311.54513525905
384169.85420454,-1775.9563047456,-313.818091583394
384265.601258301,-1785.5118829757,-315.206700958532
384361.724893258,-1790.06597979088,-315.707055404795
384457.95639965,-1789.60568752271,-315.317717314181
384554.025603869,-1784.13229013239,-314.039784384012
384649.662708657,-1773.66133271058,-311.876897055426
384744.600096926,-1758.2221399001,-308.83514839125
384838.572388527,-1737.85778465432,-304.923078328544
384931.316462518,-1712.62508144105,-300.151670660159
385022.571600535,-1682.59513171901,-294.53444787461
385112.082095237,-1647.85216266057,-288.087258358136
385199.597670899,-1608.49327859466,-280.828231080148
385284.873587078,-1564.62832963109,-272.777751200176
385367.670413463,-1516.38045924175,-263.958554379551
385447.755730739,-1463.88528243016,-254.395576340134
385524.90546634,-1407.28968327476,-244.115735727932
385598.903930007,-1346.7517576691,-233.147923743572
385669.543839178,-1282.44078078147,-221.522995198111
385736.626657887,-1214.53774147705,-209.273859976816
385799.964442543,-1143.23300043408,-196.435062805836
385859.380104847,-1068.72586588894,-183.042707090209
385914.707446772,-991.224405728231,-169.134420682086
385965.791164369,-910.946007767272,-154.749450238335
386012.48784911,-828.116469196537,-139.928496589749
386054.666831851,-742.967676058381,-124.713300714441
386092.210203667,-655.737526999144,-109.14663009792
386125.012797382,-566.669760731157,-93.2722462265618
386152.982497423,-476.014633662823,-77.1350185418754
386176.040954083,-384.026718787355,-60.7805332802597
386194.123694387,-290.963337819397,-44.2548146247661
386207.180113235,-197.084527512618,-27.6043186546387
386215.173469978,-102.653012347385,-10.8759246811305
386218.081482507,-7.93431009930422,5.88305049235386
386215.896118723,86.8061352840254,22.6253594324952
386208.623491878,181.303477801422,39.303916960985
386196.283786464,275.293583426664,55.8718210702118
386178.911632495,368.512692007371,72.2822989035254
386156.556016981,460.699068696872,88.4889987301646
386129.279553164,551.594793057315,104.446304795873
386097.158436407,640.945822072024,120.109348472541
386060.28242763,728.502016463191,135.434015799893
386018.755389395,814.017329635462,150.376984749825
385972.693797706,897.252211933687,164.896145567066
385922.226437821,977.973994508478,178.950667928571
385867.49425118,1055.95697911375,192.501017124577
385808.650929786,1130.98227375389,205.50893020928
385745.861875623,1202.83935699047,217.937688860849
385679.302806856,1271.32724667658,229.752321577362
385609.159699233,1336.25452631007,240.919608195114
385535.628706052,1397.43937535843,251.408086644854
385458.916789609,1454.70990482784,261.188115671811
385379.239063971,1507.90571566994,270.23214053632
385296.818272323,1556.87812972489,278.51473208316
385211.884645231,1601.49019666516,286.012587574143
385124.676309978,1641.6167484309,292.704542987762
385035.438560969,1677.14521241023,298.571713902723
384944.421283079,1707.97620650974,303.597590797186
384851.878817473,1734.0235580121,307.76804189428
384758.069691329,1755.21424719068,311.071302056647
384663.257467712,1771.48879208992,313.498043980996
384567.70856763,1782.80171103784,315.041450960378
384471.690332057,1789.12140540667,315.697188285289
384375.471012528,1790.43015832685,315.463402978076
