382691.544846149,612.379875908123,107.979094565504
382661.035938215,522.505797130251,92.0838306487208
382635.398915454,431.167734968061,75.9290090851621
382614.70565842,338.622048917799,59.5602442184244
382599.014095395,245.128286795257,43.0237181356791
382588.368117606,150.947914325656,26.3659557700859
382582.797633157,56.3441716941922,9.63379866144224
382582.318304778,-38.4175423570839,-7.12553129034837
382586.931297476,-133.071105346367,-23.8646863083885
382596.623663756,-227.351663265126,-40.5365462389572
382611.368375691,-320.995708696663,-57.0942325466798
382631.124342024,-413.74111689684,-73.4911179540838
382655.835845001,-505.327213682626,-89.6808405234621
382685.433536962,-595.497398614362,-105.617768555663
382719.83467443,-683.999593285315,-121.257080388596
382758.94324153,-770.586348412276,-136.554784426015
382802.649416547,-855.014597433756,-151.467679101014
382850.830321636,-937.04739727476,-165.953661096595
382903.35112109,-1016.45527627813,-179.971964828647
382960.065082641,-1093.01627506486,-193.483169824818
383020.813557862,-1166.51595059327,-206.449203905848
383085.425561692,-1236.74778201748,-218.8334161673
383153.719972615,-1303.51507116578,-230.600913813796
383225.505877296,-1366.63118116405,-241.718604650612
383300.582773963,-1425.91958677132,-252.155206536406
383378.739895738,-1481.21385488609,-261.881245942451
383459.757507137,-1532.35882234977,-270.8692662272
383543.408850188,-1579.21142011663,-279.093973896056
383629.460180324,-1621.64068413888,-286.532240549303
383717.670981414,-1659.52775229305,-293.1631028513
383807.793147663,-1692.76622915364,-298.967827733641
383899.573749288,-1721.26300935623,-303.930057592869
383992.756106568,-1744.93841492829,-308.035834598552
384087.079846628,-1763.72618160167,-311.273598238528
384182.280802939,-1777.5735062221,-313.634193411178
384278.09123516,-1786.44164358131,-315.110975733707
384374.242702554,-1790.30582496942,-315.699796237477
384470.466411888,-1789.15521080146,-315.39899286264
384566.493350658,-1782.99281779847,-314.209377097718
384662.053874193,-1771.83594044001,-312.134307211685
384756.879677648,-1755.71604950014,-309.179669374785
384850.705440886,-1734.6782447553,-305.353779831798
384943.268882376,-1708.78121711655,-300.667378076653
385034.310744855,-1678.0972798348,-295.133630376952
385123.575106343,-1642.7128398532,-288.768211775688
385210.811876835,-1602.72707955383,-281.589071149456
385295.777132986,-1558.25173059484,-273.616390822562
385378.233222592,-1509.41092498985,-264.872559104108
385457.948563811,-1456.34181367245,-255.382276572043
385534.699414145,-1399.19349699418,-245.172365477511
385608.271029289,-1338.12584069782,-234.271558834944
385678.457692275,-1273.30941540178,-222.710489532781
385745.062728136,-1204.92549454048,-210.521686602901
385807.89892273,-1133.16652420618,-197.739656032488
385866.790220727,-1058.23364508022,-184.400440450231
385921.571939798,-980.33629277262,-170.541547928543
385972.090791744,-899.692022572456,-156.20192004009
386018.204927254,-816.527053556997,-141.422023184295
386059.784888573,-731.07526374393,-126.243669575224
386096.714300107,-643.575874777281,-110.709606001743
386128.889884324,-554.273375801535,-94.8635002494744
386156.221434135,-463.417353138528,-78.7499087738224
386178.632184929,-371.263140692744,-62.4143867091316
386196.059371995,-278.069457648945,-45.9030697454515
386208.454246617,-184.096991866905,-29.2624224045184
386215.782059953,-89.6083557677472,-12.5392300652891
386218.022094984,5.13187283788425,4.21939793496231
386215.168235029,99.857310309686,20.9660591618114
386207.228560819,194.302550999146,37.6535506580684
386194.225247971,288.203556371116,54.2349380795955
386176.194475694,381.297779929925,70.6635789885761
386153.186903524,473.323818498495,86.8930660298203
386125.267296948,564.023358526769,102.877570788145
386092.513806417,653.142656116661,118.572105578487
386055.01791581,740.43258976808,133.932532909475
386012.884512941,825.648624312012,148.915562375262
385966.232248268,908.55127943728,163.478835476938
385915.191909412,988.908364937629,177.581319257804
385859.906194379,1066.49523260127,191.183350801816
385800.52953088,1141.09486946121,204.246654523915
385737.228787017,1212.49776879233,216.734323152768
385670.181829686,1280.50361376905,228.611113329603
385599.576271478,1344.92219579319,239.843606725285
385525.60940457,1405.57343394174,250.400213460095
385448.488193126,1462.28738860669,260.251176184048
385368.429753739,1514.90472487426,269.368653520044
385285.658564172,1563.2780900746,277.726959389167
385200.406027559,1607.27227416412,285.302590835594
385112.910334445,1646.76420746563,292.074227520155
385023.416898196,1681.64305220538,298.022749520032
384932.177426195,1711.81099010212,303.131374902365
384839.44741742,1737.18364282029,307.385729801294
384745.486047255,1757.69008100971,310.773849839688
384650.556003323,1773.272777492,313.286171355462
384554.924066476,1783.88803287795,314.915607370538
384458.858697757,1789.50623062258,315.657587988503
384362.628636447,1790.11168719361,315.510031092434
384266.502847708,1785.70262591502,314.473337535034
384170.750596742,1776.29123902906,312.550400932618
384075.641081696,1761.90418120738,309.746693530499
383981.440741554,1742.58183775852,306.070130936542
383888.412939949,1718.37820168743,301.531049609459
383796.817837308,1689.36075856911,296.142185335527
383706.91270284,1655.61105195857,289.918771500453
383618.949839543,1617.22395095183,282.878404828453
383533.175319995,1574.30684622294,275.040899892853
383449.828939142,1526.97958808486,266.428277846757
383369.144261125,1475.37459759229,257.064783201441
383291.348032025,1419.63711325516,246.976924759762
383216.658133708,1359.92330820302,236.193137257539
383145.283384836,1296.40006638568,224.743741108807
383077.423462816,1229.24477787506,212.660904566357
383013.268970206,1158.64609701351,199.978773996877
382952.999918978,1084.80236309182,186.733190642952
382896.784906237,1007.92015617827,172.96143232625
382844.781106145,928.214255926815,158.702206037148
382797.134251698,845.907519469714,143.995622671064
382753.978207882,761.231570580006,128.883315229496
382715.433869139,674.423872561719,113.407917727525
382681.609005629,585.727089446893,97.6129512881545
382652.598275808,495.388999847283,81.5428084434705
382628.483139922,403.662748075091,65.2427922378414
382609.331194576,310.806270427106,48.7590120754584
382595.19600554,217.079614782579,32.1379082554573
382586.117115971,122.744728808265,15.4262142466256
382582.120108915,28.065315330918,-1.32907049122738
382583.216162421,-66.6926920001505,-18.0806021871149
382589.402033818,-161.263341462768,-34.7810840480058
382600.660394826,-255.382107584854,-51.3835218091296
382616.959868,-348.785946611354,-67.8412336859508
382638.254943254,-441.213219813814,-84.1078408359833
382664.485564111,-532.404172054201,-100.137354766687
382695.578175873,-622.103421148348,-115.884615201226
382731.445872836,-710.060225333272,-131.305337245971
382771.98853956,-796.028603762318,-146.356133754417
382817.092200879,-879.767097491891,-160.994478333477
382866.630140427,-961.040817317872,-175.179064169683
382920.463771164,-1039.62246590739,-188.869982846997
382978.442715125,-1115.29238106981,-202.028731970962
383040.404631701,-1187.8384839609,-214.61820920213
383106.175143351,-1257.05697337615,-226.602836071838
383175.569974088,-1322.75406054846,-237.948858490706
383248.395158737,-1384.74610810722,-248.62437081885
383324.447282898,-1442.85968668562,-258.599325818875
383403.512640669,-1496.93159228341,-267.845542234687
383485.369070507,-1546.81015850865,-276.336930718011
383569.7875435,-1592.35588878723,-284.049600834802
383656.532187912,-1633.44145834783,-290.961861345596
383745.360432234,-1669.95171239997,-297.054219944377
383836.022349659,-1701.78413498616,-302.30946875874
383928.263633503,-1728.84958876435,-306.712804958235
384021.826368123,-1751.07239968228,-310.251843192982
384116.449112024,-1768.39033504048,-312.916611371716
384211.866665497,-1780.75471382189,-314.699570510444
384307.81073936,-1788.13097150763,-315.595712041591
384404.012626628,-1790.49850834011,-315.602521305318
384500.203410619,-1787.85065691786,-314.719971047931
384596.114112739,-1780.19459995186,-312.950505680675
384691.475261592,-1767.55189227546,-310.299133699986
384786.019248745,-1749.95813710859,-306.773361601807
384879.481603795,-1727.46253213773,-302.383108548255
384971.601054124,-1700.12781847208,-297.140696926016
385062.1194185,-1668.03042140363,-291.060875304992
385150.782292773,-1631.2607131067,-284.160861344235
385237.341366279,-1589.92169866574,-276.460100047805
385321.554621871,-1544.12887518181,-267.980237938068
385403.186452444,-1494.01006366992,-258.745091359271
385482.007484612,-1439.70613770796,-248.780772995361
385557.796592749,-1381.3695659555,-238.115425904418
385630.341766209,-1319.16348946778,-226.779056290482
385699.440143541,-1253.26163665398,-214.803518030271
385764.897987219,-1183.8484773448,-202.222536213872
385826.53134191,-1111.11933704881,-189.071723205845
385884.167583594,-1035.27797737836,-175.388143682498
385937.645548009,-956.536344635849,-161.210269409427
385986.81546757,-875.11475553927,-146.578010804345
